9788087888797
9788087888803
9788087888810
9788087888827
9788087888841
9788087888858
9788087888865
9788087888872
9788087888889
9788087888896
9788087888902
9788087888919
9788087888926
9788087888933
9788087888940
9788087888957
9788087888964
9788087888988
9788087888995
9788087924013
9788088022022
9788088022046
9788088022145
9788088022169
9788088089094
9788088089339
9788088089544
9788088101000
9788088101024
9788088101048
9788088101062
9788088101086
9788088805090
9788088805137
9788088805144
9788089259861
9788089340620
9788090125728
9788090217119
9788090217140
9788090217157
9788090217164
9788090217188
9788090217195
9788090281639
9788090441910
9788090452985
9788090466111
9788090466135
9788090466180
9788090530126
9788090544802
9788097048488
9788097048495
9788097068912
9788097154912
9788097156459
9788097160975
9788097199364
9788120728981
9788120731462
9788120794511
9788120794528
9788120794535
9788120794542
9788120794573
9788120794580
9788120794597
9788120794603
9788120794610
9788120794627
9788120794634
9788120794658
9788120794665
9788120794672
9788122308310
9788122309973
9788122310351
9788122310689
9788125037743
9788125041887
9788129100740
9788129111470
9788129115553
9788129118257
9788129118806
9788129119612
9788129119797
9788129120434
9788129120441
9788129120465
9788129120595
9788129120854
9788129120960
9788129121127
9788129121141
9788129121189
9788129121196
9788129123664
9788129123695
9788129123749
9788129123886
9788129123916
9788129123947
9788129123978
9788129123985
9788129124036
9788129124043
9788129124050
9788129124067
9788129124111
9788129124166
9788129124173
9788129124180
9788129124302
9788129124333
9788129124364
9788129124388
9788129124470
9788129124500
9788129124517
9788129124524
9788129124531
9788129124593
9788129124609
9788129124654
9788129124715
9788129124739
9788129124760
9788129124791
9788129124845
9788129124852
9788129124876
9788129124883
9788129124890
9788129124906
9788129124913
9788129124920
9788129124937
9788129124944
9788129129048
9788129129062
9788129129147
9788129129154
9788129129178
9788129129192
9788129129222
9788129129239
9788129129246
9788129129284
9788129129369
9788129129376
9788129129383
9788129129598
9788129129710
9788129129741
9788129129765
9788129129901
9788129130006
9788129130020
9788129130037
9788129130044
9788129130877
9788129130884
9788129130938
9788129130976
9788129130990
9788129131041
9788129131058
9788129131072
9788129131089
9788129131096
9788129131102
9788129131133
9788129131140
9788129131164
9788129131195
9788129131256
9788129131287
9788129131331
9788129131447
9788129131454
9788129132543
9788129132581
9788129132673
9788129132680
9788129132697
9788129134561
9788129134578
9788129134592
9788129134615
9788129134677
9788129134721
9788129134752
9788129134769
9788129134776
9788129134813
9788129134844
9788129134875
9788129134882
9788129135025
9788129135056
9788129135087
9788129135094
9788129135131
9788129135322
9788129135360
9788129135377
9788129135490
9788129135513
9788129135544
9788129135698
9788129135711
9788129135728
9788129135803
9788129135810
9788129135834
9788129135858
9788129135889
9788129135902
9788129135957
9788129135971
9788129135988
9788129136633
9788129136916
9788129136978
9788129137005
9788129137029
9788129137142
9788129137258
9788129137289
9788129137296
9788129137333
9788129137340
9788129137357
9788129137425
9788129137463
9788129137487
9788129137647
9788129137708
9788129137722
9788129137883
9788129139740
9788131222973
9788131600030
9788131600078
9788131600085
9788131600092
9788131600108
9788131600115
9788131600122
9788131600139
9788131600146
9788131600153
9788131600160
9788131600177
9788131600191
9788131600252
9788131600276
9788131600283
9788131600290
9788131600306
9788131600313
9788131600320
9788131600337
9788131600344
9788131600405
9788131600412
9788131600436
9788131600443
9788131600450
9788131600474
9788131600481
9788131600498
9788131600504
9788131600511
9788131600528
9788131600535
9788131600542
9788131600559
9788131600573
9788131600597
9788131600603
9788131600610
9788131600627
9788131600634
9788131600641
9788131600665
9788131600672
9788131600726
9788131600757
9788131600788
9788131600795
9788131600801
9788131600818
9788131600825
9788131600832
9788131600856
9788131600863
9788131600870
9788131600887
9788131600894
9788131600900
9788131600924
9788131600948
9788131600955
9788131600962
9788131600979
9788131600986
9788131601037
9788131601044
9788131601068
9788131601075
9788131601082
9788131601099
9788131601105
9788131601129
9788131601136
9788131601143
9788131601150
9788131601167
9788131601174
9788131601198
9788131601211
9788131601228
9788131601235
9788131601242
9788131601259
9788131601266
9788131601273
9788131601303
9788131601310
9788131601327
9788131601334
9788131601341
9788131601358
9788131601372
9788131601501
9788131601518
9788131601525
9788131601594
9788131601600
9788131601617
9788131601624
9788131601631
9788131601686
9788131601693
9788131601709
9788131601716
9788131601815
9788131601839
9788131601853
9788131601884
9788131601914
9788131601921
9788131601938
9788131601952
9788131601969
9788131601976
9788131601983
9788131601990
9788131602003
9788131602010
9788131602027
9788131602034
9788131602041
9788131602058
9788131602065
9788131602072
9788131602089
9788131602096
9788131602102
9788131602119
9788131602126
9788131602171
9788131602225
9788131602249
9788131602263
9788131602287
9788131602324
9788131602331
9788131602386
9788131602393
9788131602409
9788131602416
9788131602423
9788131602461
9788131602478
9788131602485
9788131602492
9788131602508
9788131602515
9788131602522
9788131602539
9788131602546
9788131602553
9788131602560
9788131602577
9788131602584
9788131602591
9788131602607
9788131602614
9788131602621
9788131602638
9788131602645
9788131602652
9788131602669
9788131602676
9788131602683
9788131602782
9788131602812
9788131602836
9788131602843
9788131602867
9788131602966
9788131603000
9788131603017
9788131603048
9788131603055
9788131603062
9788131603079
9788131603086
9788131603109
9788131603116
9788131603215
9788131603239
9788131603246
9788131603260
9788131603284
9788131603291
9788131603307
9788131603314
9788131603321
9788131603406
9788131603413
9788131603420
9788131603437
9788131603499
9788131603505
9788131603512
9788131603529
9788131603536
9788131603550
9788131603567
9788131603604
9788131603611
9788131603628
9788131603635
9788131603642
9788131603666
9788131603673
9788131603680
9788131603703
9788131603710
9788131603727
9788131603734
9788131603741
9788131603758
9788131603765
9788131603789
9788131603796
9788131603857
9788131603864
9788131603871
9788131603888
9788131603895
9788131603932
9788131603949
9788131603956
9788131603963
9788131603970
9788131603987
9788131603994
9788131604007
9788131604038
9788131604045
9788131604052
9788131604069
9788131604076
9788131604090
9788131604106
9788131604137
9788131604175
9788131604182
9788131604212
9788131604229
9788131604267
9788131604274
9788131604298
9788131604304
9788131604311
9788131604328
9788131604335
9788131604342
9788131604359
9788131604366
9788131604373
9788131604441
9788131604458
9788131604465
9788131604472
9788131604489
9788131604519
9788131604526
9788131604540
9788131604571
9788131604588
9788131604601
9788131604663
9788131604687
9788131604694
9788131604700
9788131604717
9788131604724
9788131604755
9788131604762
9788131604861
9788131604892
9788131604922
9788131604939
9788131604960
9788131604977
9788131605073
9788131605080
9788131605097
9788131605103
9788131605110
9788131605127
9788131605134
9788131605141
9788131605158
9788131605189
9788131605196
9788131605202
9788131605219
9788131605226
9788131605233
9788131605240
9788131605257
9788131605264
9788131605271
9788131605288
9788131605295
9788131605318
9788131605325
9788131605332
9788131605349
9788131605363
9788131605370
9788131605400
9788131605448
9788131605547
9788131605561
9788131605578
9788131605585
9788131605592
9788131605608
9788131605615
9788131605622
9788131605639
9788131605646
9788131605653
9788131605684
9788131605691
9788131605714
9788131605721
9788131605745
9788131605752
9788131605769
9788131605776
9788131605783
9788131605790
9788131605806
9788131605813
9788131605820
9788131605844
9788131605851
9788131605875
9788131605905
9788131605943
9788131605950
9788131605967
9788131605974
9788131605981
9788131606100
9788131606131
9788131606179
9788131606216
9788131606223
9788131606230
9788131606247
9788131606254
9788131606261
9788131606285
9788131606308
9788131606322
9788131606339
9788131606346
9788131606360
9788131606384
9788131606391
9788131606407
9788131606414
9788131606421
9788131606513
9788131606520
9788131606537
9788131606599
9788131606605
9788131606636
9788131606643
9788131606650
9788131606674
9788131606681
9788131606698
9788131606704
9788131606728
9788131606735
9788131606742
9788131606810
9788131606872
9788131606889
9788131606896
9788131606957
9788131606964
9788131607008
9788131607015
9788131607039
9788131607053
9788131607060
9788131607077
9788131607084
9788131607091
9788131607107
9788131607114
9788131607121
9788131607138
9788131607145
9788131607152
9788131607176
9788131607183
9788131607190
9788131607206
9788131607213
9788131607268
9788131607305
9788131607312
9788131607428
9788131607435
9788131607459
9788131607480
9788131607534
9788131607541
9788131607558
9788131607589
9788131607602
9788131607619
9788131607626
9788131607633
9788131607657
9788131607664
9788131607671
9788131607688
9788131607725
9788131607732
9788131607749
9788131607756
9788131607800
9788131607831
9788131607862
9788131607893
9788131607909
9788131607930
9788131608029
9788131608081
9788131608111
9788131608128
9788131608135
9788131608142
9788131700754
9788131734049
9788131754030
9788131758618
9788131794760
9788132100621
9788132100645
9788132100652
9788132100751
9788132100768
9788132100775
9788132100782
9788132100799
9788132100805
9788132100812
9788132100829
9788132100836
9788132100843
9788132100850
9788132100867
9788132100874
9788132101000
9788132101215
9788132101475
9788132101482
9788132101499
9788132101680
9788132101710
9788132102212
9788132102229
9788132102236
9788132102243
9788132102250
9788132102267
9788132102274
9788132102281
9788132102298
9788132102304
9788132102335
9788132102342
9788132102359
9788132102366
9788132102373
9788132102380
9788132102397
9788132102403
9788132102410
9788132102427
9788132102441
9788132102458
9788132102465
9788132102939
9788132102960
9788132102977
9788132102984
9788132102991
9788132103011
9788132103028
9788132103035
9788132103042
9788132103059
9788132103066
9788132103080
9788132103097
9788132103103
9788132103110
9788132103134
9788132103141
9788132103165
9788132104001
9788132104018
9788132104025
9788132104049
9788132104391
9788132104407
9788132104421
9788132104438
9788132104445
9788132104452
9788132104483
9788132104490
9788132104506
9788132104513
9788132104520
9788132104537
9788132104551
9788132104568
9788132104575
9788132104582
9788132104599
9788132104605
9788132104612
9788132104629
9788132104636
9788132104643
9788132104650
9788132104667
9788132104674
9788132104681
9788132104698
9788132104704
9788132104711
9788132104728
9788132104735
9788132104759
9788132104766
9788132104773
9788132105008
9788132105015
9788132105022
9788132105039
9788132105046
9788132105053
9788132105077
9788132105084
9788132105091
9788132105107
9788132105114
9788132105121
9788132105138
9788132105145
9788132105152
9788132105169
9788132105176
9788132105183
9788132105190
9788132105206
9788132105213
9788132105220
9788132105237
9788132105244
9788132105312
9788132105329
9788132105572
9788132105589
9788132105596
9788132105602
9788132105619
9788132105626
9788132105633
9788132105640
9788132105718
9788132105756
9788132105763
9788132105817
9788132105824
9788132105831
9788132105848
9788132105855
9788132105862
9788132105879
9788132105886
9788132105893
9788132105909
9788132105916
9788132106272
9788132106289
9788132106296
9788132106302
9788132106319
9788132106326
9788132106333
9788132106340
9788132106357
9788132106364
9788132106371
9788132106401
9788132106418
9788132106449
9788132106500
9788132106517
9788132106524
9788132106531
9788132106548
9788132106555
9788132106562
9788132106852
9788132106869
9788132106876
9788132106883
9788132106890
9788132106906
9788132106913
9788132106920
9788132106937
9788132106944
9788132106951
9788132106975
9788132106982
9788132106999
9788132107002
9788132107019
9788132107033
9788132107040
9788132107057
9788132107064
9788132107071
9788132107088
9788132107118
9788132107125
9788132107156
9788132107170
9788132107187
9788132107200
9788132107224
9788132107231
9788132107248
9788132107255
9788132107262
9788132107279
9788132107286
9788132107293
9788132107309
9788132107316
9788132107323
9788132107330
9788132107347
9788132107354
9788132107378
9788132107392
9788132107408
9788132107415
9788132107422
9788132107439
9788132107477
9788132107521
9788132107538
9788132107545
9788132107552
9788132107569
9788132107576
9788132108580
9788132108740
9788132108757
9788132108894
9788132108900
9788132108917
9788132108948
9788132108962
9788132108979
9788132108986
9788132108993
9788132109006
9788132109020
9788132109037
9788132109044
9788132109051
9788132109068
9788132109075
9788132109082
9788132109433
9788132109440
9788132109457
9788132109464
9788132109471
9788132109488
9788132109495
9788132109501
9788132109518
9788132109525
9788132109532
9788132109549
9788132109556
9788132109563
9788132109587
9788132109594
9788132109600
9788132109631
9788132109648
9788132109655
9788132109662
9788132109686
9788132109693
9788132109709
9788132109716
9788132109730
9788132109747
9788132109754
9788132109761
9788132109778
9788132109785
9788132109792
9788132110019
9788132110033
9788132110040
9788132110057
9788132110064
9788132110095
9788132110255
9788132110262
9788132110279
9788132110286
9788132110415
9788132110422
9788132110439
9788132110446
9788132110453
9788132110460
9788132110484
9788132110491
9788132110514
9788132110521
9788132110538
9788132110545
9788132110590
9788132110606
9788132110613
9788132110842
9788132110873
9788132110880
9788132110903
9788132110927
9788132110941
9788132110958
9788132110972
9788132110989
9788132110996
9788132111009
9788132111016
9788132111023
9788132111030
9788132111214
9788132111221
9788132111238
9788132111245
9788132111252
9788132111276
9788132111283
9788132111344
9788132111351
9788132111368
9788132111375
9788132111382
9788132111399
9788132111405
9788132111580
9788132111597
9788132111603
9788132111610
9788132111627
9788132111634
9788132111641
9788132111658
9788132111665
9788132111672
9788132111689
9788132113089
9788132113096
9788132113102
9788132113119
9788132113126
9788132113133
9788132113140
9788132113164
9788132113171
9788132113188
9788132113195
9788132113201
9788132113393
9788132113409
9788132113416
9788132113454
9788132113461
9788132113478
9788132113485
9788132113492
9788132113508
9788132113515
9788132113522
9788132113539
9788132113546
9788132113560
9788132113577
9788132113591
9788132113607
9788132113652
9788132113669
9788132113683
9788132113706
9788132113713
9788132113720
9788132113737
9788132113744
9788132113782
9788132113805
9788132113812
9788132113850
9788132113928
9788132113935
9788132114956
9788132115977
9788132116608
9788132116622
9788132116639
9788132117360
9788132117377
9788132117384
9788132117391
9788132117407
9788132117414
9788132117421
9788132117698
9788132117704
9788132117711
9788132117728
9788132117735
9788132117742
9788132117759
9788132117766
9788132117858
9788132117872
9788132117896
9788132117919
9788132117926
9788132117933
9788132117940
9788132117957
9788132117964
9788132118343
9788132118459
9788132118466
9788132118473
9788132118480
9788132118602
9788132118947
9788132119678
9788132119685
9788132119692
9788132119708
9788132119722
9788132119791
9788132202769
9788132204626
9788132204657
9788132204688
9788132204718
9788132204862
9788132204909
9788132205319
9788132205340
9788132205388
9788132206279
9788132206552
9788132206583
9788132206767
9788132206828
9788132207146
9788132207191
9788132207221
9788132207252
9788132207290
9788132207320
9788132207368
9788132207399
9788132207429
9788132207450
9788132207498
9788132207528
9788132207566
9788132207597
9788132207627
9788132207665
9788132207696
9788132207825
9788132207856
9788132207917
9788132207979
9788132208037
9788132208068
9788132208099
9788132208129
9788132208242
9788132208303
9788132208426
9788132208457
9788132208501
9788132208532
9788132208563
9788132208600
9788132208631
9788132208723
9788132208754
9788132208785
9788132208815
9788132208846
9788132209003
9788132209577
9788132209690
9788132209737
9788132209805
9788132209867
9788132209898
9788132209966
9788132209997
9788132210023
9788132210061
9788132210160
9788132210191
9788132210221
9788132210252
9788132210283
9788132210313
9788132210344
9788132210375
9788132210405
9788132210467
9788132210498
9788132210528
9788132210559
9788132210832
9788132210863
9788132210894
9788132210931
9788132210962
9788132211143
9788132211174
9788132211204
9788132211235
9788132211266
9788132211297
9788132211426
9788132211457
9788132211501
9788132211532
9788132211563
9788132211594
9788132211624
9788132211655
9788132211693
9788132211723
9788132211754
9788132211808
9788132211839
9788132212713
9788132212744
9788132212775
9788132212805
9788132212836
9788132212867
9788132212980
9788132213017
9788132213062
9788132215028
9788132215059
9788132215080
9788132215110
9788132215141
9788132215172
9788132215202
9788132215233
9788132215264
9788132215295
9788132215325
9788132215356
9788132215387
9788132215417
9788132215448
9788132215479
9788132215509
9788132215530
9788132215561
9788132215592
9788132215622
9788132215653
9788132215684
9788132215714
9788132215745
9788132215776
9788132215806
9788132215837
9788132215868
9788132215899
9788132215929
9788132215950
9788132215981
9788132216018
9788132216049
9788132216070
9788132216100
9788132216131
9788132216162
9788132216193
9788132216223
9788132216254
9788132216285
9788132216315
9788132216346
9788132216377
9788132216407
9788132216438
9788132216469
9788132216490
9788132216520
9788132216551
9788132216582
9788132216612
9788132216643
9788132216674
9788132216704
9788132216735
9788132216766
9788132216797
9788132216827
9788132216858
9788132216889
9788132216919
9788132216940
9788132216971
9788132217008
9788132217039
9788132217060
9788132217077
9788132217084
9788132217091
9788132217107
9788132217114
9788132217121
9788132217138
9788132217145
9788132217152
9788132217169
9788132217176
9788132217183
9788132217190
9788132217206
9788132217213
9788132217220
9788132217237
9788132217244
9788132217251
9788132217268
9788132217275
9788132217282
9788132217299
9788132217305
9788132217312
9788132217329
9788132217336
9788132217343
9788132217350
9788132217367
9788132217374
9788132217381
9788132217398
9788132217404
9788132217411
9788132217428
9788132217435
9788132217442
9788132217459
9788132217466
9788132217473
9788132217480
9788132217497
9788132217503
9788132217510
9788132217527
9788132217534
9788132217541
9788132217558
9788132217589
9788132217619
9788132217640
9788132217671
9788132217701
9788132217732
9788132217763
9788132217794
9788132217824
9788132217855
9788132217886
9788132217916
9788132217947
9788132217978
9788132218005
9788132218036
9788132218067
9788132218098
9788132218135
9788132218166
9788132218197
9788132218227
9788132218258
9788132218319
9788132218340
9788132218371
9788132218401
9788132218432
9788132218463
9788132218494
9788132218524
9788132218555
9788132218586
9788132218616
9788132218647
9788132218678
9788132218692
9788132218708
9788132218739
9788132218760
9788132218791
9788132218821
9788132218852
9788132218883
9788132218913
9788132218944
9788132218975
9788132219002
9788132219033
9788132219064
9788132219095
9788132219125
9788132219156
9788132219187
9788132219217
9788132219248
9788132219279
9788132219309
9788132219330
9788132219361
9788132219392
9788132219422
9788132219453
9788132219484
9788132219514
9788132219545
9788132219576
9788132219606
9788132219637
9788132219668
9788132219699
9788132219729
9788132219750
9788132219781
9788132219811
9788132219842
9788132219873
9788132219903
9788132219934
9788132219965
9788132219996
9788132220022
9788132220053
9788132220084
9788132220114
9788132220169
9788132220190
9788132220220
9788132220251
9788132220282
9788132220312
9788132220343
9788132220374
9788132220404
9788132220435
9788132220466
9788132220497
9788132220527
9788132220558
9788132220589
9788132220619
9788132220640
9788132220671
9788132220701
9788132220732
9788132220763
9788132220794
9788132220824
9788132220855
9788132220886
9788132220916
9788132220947
9788132220978
9788132221005
9788132221036
9788132221067
9788132221098
9788132221128
9788132221159
9788132221180
9788132221227
9788132221258
9788132221289
9788132221319
9788132221340
9788132221371
9788132221401
9788132221432
9788132221463
9788132221470
9788132221500
9788132221531
9788132221562
9788132221593
9788132221623
9788132221654
9788132221685
9788132221715
9788132221746
9788132221777
9788132221807
9788132221838
9788132221869
9788132221890
9788132221920
9788132221951
9788132221982
9788132222019
9788132222040
9788132222071
9788132222101
9788132222132
9788132222163
9788132222194
9788132222224
9788132222255
9788132222286
9788132222316
9788132222347
9788132222378
9788132222408
9788132222439
9788132222460
9788132222491
9788132222521
9788132222552
9788132222583
9788132222613
9788132222644
9788132222675
9788132222705
9788132222736
9788132222767
9788132222798
9788132222828
9788132222859
9788132222880
9788132222910
9788132222941
9788132222972
9788132223009
9788132223030
9788132223061
9788132223092
9788132223122
9788132223153
9788132223184
9788132223214
9788132223245
9788132223276
9788132223306
9788132223337
9788132223368
9788132223399
9788132223429
9788132223450
9788132223481
9788132223511
9788132223542
9788132223573
9788132223603
9788132223634
9788132223665
9788132223696
9788132223726
9788132223764
9788132223795
9788132223825
9788132223856
9788132223887
9788132223917
9788132223948
9788132223979
9788132224006
9788132224037
9788132224068
9788132224099
9788132224112
9788132224129
9788132224150
9788132224181
9788132224211
9788132224242
9788132224273
9788132224303
9788132224334
9788132224365
9788132224396
9788132224426
9788132224457
9788132224488
9788132224518
9788132224549
9788132224570
9788132224600
9788132224631
9788132224662
9788132224693
9788132224723
9788132224754
9788132224785
9788132224815
9788132224846
9788132224877
9788132224907
9788132224938
9788132224969
9788132224990
9788132225027
9788132225072
9788132225102
9788132225133
9788132225164
9788132225195
9788132225225
9788132225256
9788132225287
9788132225317
9788132225348
9788132225379
9788132225409
9788132225430
9788132225461
9788132225492
9788132225522
9788132225553
9788132225584
9788132225614
9788132225645
9788132225676
9788132225706
9788132225737
9788132225768
9788132225782
9788132225799
9788132225829
9788132225850
9788132225881
9788132225911
9788132225942
9788132225973
9788132226000
9788132226031
9788132226062
9788132226093
9788132226123
9788132226154
9788132226185
9788132226215
9788132226246
9788132226277
9788132226307
9788132226338
9788132226369
9788132226390
9788132226420
9788132226451
9788132226482
9788132226512
9788132226543
9788132226574
9788132226604
9788132226635
9788132226666
9788132226697
9788132226727
9788132226758
9788132226789
9788132226819
9788132226840
9788132226871
9788132226901
9788132226932
9788132226963
9788132227021
9788132227052
9788132227083
9788132227113
9788132227144
9788132227175
9788132227205
9788132227236
9788132227267
9788132227298
9788132227328
9788132227359
9788132227380
9788132227410
9788132227441
9788132227472
9788132227502
9788132227533
9788132227564
9788132227595
9788132227625
9788132227656
9788132227687
9788132227717
9788132227748
9788132227779
9788132227809
9788132227830
9788132227861
9788132227892
9788132227922
9788132227953
9788132227984
9788132228011
9788132228042
9788132228073
9788132228103
9788132228134
9788132228165
9788132228196
9788132228226
9788132228257
9788132228295
9788132228325
9788132228356
9788132228387
9788132228417
9788132228448
9788132228462
9788132228486
9788132228493
9788132228547
9788132228592
9788132228608
9788132228653
9788132228691
9788132228707
9788132228714
9788132228721
9788132228738
9788132228745
9788132228752
9788132228769
9788132228776
9788132228783
9788132228790
9788132228806
9788132228813
9788132228820
9788132228837
9788132228844
9788132228868
9788132228875
9788132228882
9788132228899
9788132228905
9788132228912
9788132228929
9788132228936
9788132228943
9788132228950
9788132228967
9788132228974
9788132228981
9788132228998
9788132229001
9788132229018
9788132229025
9788132229032
9788132229049
9788132229056
9788132229063
9788132229070
9788132229087
9788132229094
9788132229100
9788132229117
9788132229131
9788132229148
9788132229162
9788132229186
9788132229193
9788132229209
9788132229216
9788132229223
9788132229230
9788132229247
9788132229254
9788132229261
9788132229278
9788132229285
9788132229292
9788132229308
9788132229315
9788132229322
9788132229346
9788132229360
9788132229384
9788132229391
9788132229407
9788132229414
9788132229421
9788132229438
9788132229445
9788132229452
9788132229469
9788132229483
9788132229506
9788132229513
9788132229520
9788132229537
9788132229544
9788132229551
9788132229568
9788132229575
9788132229582
9788132229599
9788132229612
9788132229629
9788132229636
9788132229643
9788132229650
9788132229667
9788132229681
9788132229698
9788132229711
9788132229728
9788132229735
9788132229759
9788132229766
9788132229773
9788132229797
9788132229810
9788132229834
9788132229858
9788132229865
9788132229896
9788132229919
9788132229926
9788132229964
9788132229971
9788132229988
9788132229995
9788132230007
9788132234074
9788132234128
9788132234135
9788132234173
9788132234180
9788132234234
9788132234296
9788132234326
9788132234333
9788132234340
9788132234357
9788132234401
9788132234418
9788132234432
9788132234524
9788132234531
9788132234616
9788132234623
9788132234722
9788132234739
9788132234746
9788132234753
9788132234760
9788132234777
9788132234784
9788132234791
9788132234807
9788132234814
9788132234821
9788132234838
9788132234845
9788132234852
9788132234869
9788132234876
9788132234883
9788132234890
9788132234906
9788132234913
9788132234920
9788132234937
9788132234944
9788132234951
9788132234968
9788132234975
9788132234982
9788132234999
9788132235002
9788132235019
9788132235026
9788132235033
9788132235040
9788132235057
9788132235064
9788132235071
9788132235095
9788132235101
9788132235118
9788132235125
9788132235132
9788132235149
9788132235156
9788132235163
9788132235170
9788132235187
9788132235194
9788132235200
9788132235217
9788132235224
9788132235231
9788132235248
9788132235255
9788132235262
9788132235279
9788132235286
9788132235293
9788132235309
9788132235316
9788132235323
9788132235330
9788132235347
9788132235378
9788132235385
9788132235392
9788132235408
9788132235415
9788132235422
9788132235439
9788132235446
9788132235453
9788132235460
9788132235477
9788132235484
9788132235491
9788132235507
9788132235514
9788132235538
9788132235552
9788132235569
9788132235576
9788132235583
9788132235590
9788132235613
9788132235620
9788132235637
9788132235651
9788132235668
9788132235682
9788132235699
9788132235705
9788132235736
9788132235750
9788132235781
9788132235842
9788132235873
9788132235903
9788132235934
9788132235965
9788132235996
9788132236023
9788132236054
9788132236085
9788132236115
9788132236146
9788132236177
9788132236238
9788132236269
9788132236290
9788132236320
9788132236351
9788132236382
9788132236412
9788132236443
9788132236474
9788132236504
9788132236566
9788132236597
9788132236627
9788132236658
9788132236689
9788132236719
9788132236740
9788132236771
9788132236801
9788132236832
9788132236863
9788132236894
9788132236924
9788132236955
9788132236986
9788132237013
9788132237044
9788132237075
9788132237105
9788148001516
9788170003533
9788170003748
9788170003755
9788170003779
9788170003786
9788170003816
9788170003823
9788170003830
9788170003847
9788170003878
9788170003885
9788170003892
9788170003908
9788170003915
9788170003922
9788170003939
9788170004103
9788170004110
9788170004127
9788170004134
9788170004141
9788170004158
9788170004165
9788170004172
9788170004189
9788170004196
9788170004202
9788170004219
9788170004226
9788170004233
9788170004288
9788170004295
9788170004301
9788170004318
9788170004325
9788170004332
9788170004349
9788170004356
9788170004363
9788170004370
9788170004387
9788170004394
9788170004400
9788170004417
9788170004424
9788170004455
9788170004462
9788170004479
9788170004486
9788170004493
9788170004509
9788170004516
9788170004523
9788170004530
9788170004547
9788170004554
9788170004561
9788170004578
9788170004585
9788170004592
9788170004608
9788170004615
9788170004622
9788170004639
9788170004646
9788170004653
9788170004660
9788170004677
9788170004684
9788170004691
9788170004707
9788170004714
9788170004721
9788170004738
9788170004745
9788170004752
9788170004769
9788170004776
9788170004783
9788170004790
9788170004820
9788170004837
9788170004844
9788170004851
9788170004868
9788170004899
9788170004905
9788170004912
9788170004929
9788170004936
9788170004943
9788170004950
9788170004967
9788170004974
9788170004981
9788170004998
9788170005001
9788170005018
9788170005025
9788170005087
9788170005094
9788170005100
9788170005124
9788170005131
9788170005148
9788170005155
9788170005186
9788170005193
9788170005209
9788170005230
9788170005285
9788170005315
9788170005346
9788170005353
9788170005360
9788170005377
9788170005384
9788170005445
9788170005469
9788170005476
9788170005483
9788170005490
9788170005544
9788170005551
9788170005575
9788170005582
9788170005599
9788170005704
9788170005711
9788170005742
9788170005759
9788170005803
9788170005834
9788170005841
9788170006015
9788170006046
9788170006053
9788170006060
9788170006077
9788170006084
9788170006091
9788170006121
9788170006152
9788170006190
9788170006206
9788170006213
9788170006220
9788170006237
9788170006275
9788170006282
9788170006299
9788170006305
9788170006312
9788170006329
9788170006343
9788170006350
9788170006374
9788170006381
9788170006398
9788170006497
9788170006503
9788170006510
9788170006527
9788170006534
9788170006565
9788170006572
9788170006589
9788170006596
9788170006602
9788170006619
9788170006626
9788170006633
9788170006640
9788170006657
9788170006664
9788170006671
9788170006688
9788170006695
9788170006718
9788170006725
9788170006732
9788170006749
9788170006756
9788170006763
9788170006770
9788170006824
9788170006831
9788170006848
9788170006855
9788170006930
9788170006947
9788170006954
9788170006961
9788170006978
9788170006985
9788170007012
9788170007029
9788170007036
9788170007043
9788170007135
9788170007142
9788170007173
9788170007180
9788170007197
9788170007203
9788170007210
9788170007227
9788170007234
9788170007289
9788170007296
9788170007302
9788170007319
9788170007326
9788170007333
9788170007340
9788170007357
9788170007395
9788170007401
9788170007418
9788170007425
9788170007432
9788170007449
9788170007456
9788170007463
9788170007470
9788170007487
9788170007494
9788170007500
9788170007517
9788170007524
9788170007531
9788170007548
9788170007555
9788170007562
9788170007579
9788170007586
9788170007593
9788170007609
9788170007616
9788170007623
9788170007630
9788170007647
9788170007654
9788170007661
9788170007678
9788170007685
9788170007692
9788170007708
9788170007715
9788170007722
9788170007739
9788170007746
9788170007753
9788170007760
9788170007975
9788170007982
9788170007999
9788170008002
9788170008033
9788170008040
9788170008057
9788170008064
9788170008071
9788170008088
9788170008101
9788170008118
9788170008125
9788170008132
9788170008149
9788170008156
9788170008163
9788170230069
9788170233138
9788170237150
9788170330172
9788170330677
9788170331964
9788170331988
9788170332091
9788170332626
9788170332633
9788170332701
9788170332718
9788170333685
9788170333814
9788170333821
9788170334125
9788170334279
9788170334316
9788170334330
9788170334361
9788170334620
9788170334644
9788170334996
9788170335115
9788170335139
9788170335146
9788170335153
9788170335221
9788170335245
9788170335344
9788170335368
9788170335375
9788170335429
9788170335443
9788170335474
9788170335481
9788170335542
9788170335559
9788170335634
9788170335641
9788170335696
9788170335726
9788170335733
9788170335740
9788170335757
9788170335764
9788170335771
9788170335788
9788170335795
9788170335801
9788170336006
9788170336013
9788170336037
9788170336051
9788170336099
9788170336143
9788170336167
9788170336242
9788170336259
9788170336303
9788170336389
9788170336426
9788170336457
9788170336464
9788170336495
9788170336501
9788170336518
9788170336549
9788170336556
9788170336587
9788170336648
9788170336723
9788170336730
9788170336785
9788170336792
9788170336891
9788170336914
9788170336945
9788170336983
9788170337034
9788170337058
9788170337096
9788170337119
9788170337140
9788170337157
9788170337188
9788170337201
9788170337218
9788170337263
9788170337287
9788170337294
9788170337324
9788170337362
9788170337423
9788170337478
9788170337485
9788170337515
9788170337522
9788170337560
9788170337577
9788170337584
9788170337607
9788170337669
9788170337775
9788170337799
9788170337812
9788170337829
9788170337843
9788170337874
9788170337881
9788170337898
9788170337904
9788170337942
9788170337959
9788170337966
9788170338017
9788170338093
9788170338109
9788170338116
9788170338130
9788170338147
9788170338154
9788170338161
9788170338185
9788170338208
9788170338253
9788170338307
9788170338314
9788170338338
9788170338345
9788170338352
9788170338390
9788170338406
9788170338413
9788170338420
9788170338451
9788170338468
9788170338475
9788170338505
9788170338512
9788170338529
9788170338536
9788170338550
9788170338567
9788170338574
9788170338581
9788170338598
9788170338611
9788170338628
9788170338635
9788170338673
9788170338727
9788170338734
9788170338789
9788170338796
9788170338802
9788170338819
9788170338857
9788170338871
9788170338888
9788170338901
9788170338918
9788170338925
9788170338932
9788170338949
9788170339014
9788170339045
9788170339137
9788170339168
9788170339182
9788170339205
9788170339212
9788170339229
9788170339243
9788170339267
9788170339281
9788170339298
9788170339304
9788170339328
9788170339458
9788170339465
9788170339472
9788170339496
9788170339502
9788170339519
9788170339526
9788170339533
9788170339540
9788170339557
9788170339625
9788170339656
9788170339663
9788170339694
9788170339700
9788170339809
9788170339847
9788170339861
9788170339939
9788170339953
9788170339960
9788170359203
9788170359258
9788170359265
9788170359272
9788170359296
9788170359333
9788170359340
9788170359364
9788170359463
9788170359494
9788170359548
9788170359562
9788170359586
9788170359609
9788170359616
9788170359623
9788170359630
9788170359647
9788170359654
9788170359692
9788170359715
9788170359722
9788170359739
9788170359753
9788170359777
9788170359784
9788170359814
9788170359821
9788170359838
9788170359845
9788170359852
9788170359876
9788170359883
9788170359937
9788170359944
9788170460008
9788170460268
9788170460596
9788170461166
9788170461173
9788170461326
9788170461395
9788170461401
9788170461449
9788170461500
9788170461555
9788170461562
9788170461579
9788170461609
9788170461623
9788170461821
9788170461838
9788170461845
9788170461852
9788170461906
9788170461951
9788170461982
9788170463412
9788170463429
9788170580089
9788170580102
9788170580140
9788170580188
9788170580201
9788170580232
9788170580256
9788170580287
9788170580522
9788170580577
9788170580683
9788170580805
9788170580898
9788170581086
9788170581314
9788170581321
9788170581796
9788170582090
9788170582175
9788170582182
9788170582809
9788170582816
9788170583110
9788170583516
9788170583646
9788170583653
9788170584384
9788170584391
9788170585459
9788170588474
9788170600152
9788170620082
9788170620358
9788170620518
9788170621065
9788170621171
9788170621423
9788170621621
9788170622437
9788170622666
9788170622970
9788170700418
9788170700425
9788170700432
9788170700449
9788170700456
9788170700463
9788170700470
9788170700487
9788170700494
9788170700500
9788170700524
9788170700692
9788170700982
9788170700999
9788170701019
9788170701026
9788170701033
9788170701040
9788170701736
9788170701897
9788170701965
9788170701972
9788170701996
9788170702313
9788170704010
9788170704027
9788170704133
9788170704140
9788170704393
9788170704430
9788170705567
9788170705635
9788170705642
9788170863670
9788170863731
9788171320080
9788171673230
9788171799442
9788171881833
9788171882472
9788171882632
9788171882816
9788171882878
9788171883028
9788171883141
9788171883189
9788171883318
9788171883349
9788171883516
9788171883554
9788171883660
9788171884094
9788171884155
9788171884223
9788171884247
9788171884261
9788171884285
9788171884308
9788171884407
9788171884445
9788171884575
9788171884629
9788171884643
9788171884667
9788171884711
9788171884742
9788171884803
9788171884834
9788171884865
9788171884889
9788171884896
9788171884926
9788171884940
9788171885053
9788171885091
9788171885107
9788171885114
9788171885138
9788171885145
9788171885169
9788171885206
9788171885275
9788171885305
9788171885312
9788171885336
9788171885350
9788171885374
9788171885381
9788171885398
9788171885404
9788171885411
9788171885435
9788171885510
9788171885589
9788171885619
9788171885640
9788171885787
9788171885794
9788171885817
9788171885824
9788171885831
9788171885848
9788171885855
9788171885862
9788171885879
9788171885893
9788171885930
9788171885947
9788171885954
9788171885961
9788171885978
9788171885992
9788171886012
9788171886036
9788171886142
9788171886159
9788171886166
9788171886180
9788171886197
9788171886210
9788171886227
9788171886234
9788171886241
9788171886258
9788171886265
9788171886272
9788171886289
9788171886296
9788171886302
9788171886319
9788171886326
9788171886333
9788171886340
9788171886357
9788171886425
9788171886487
9788171886524
9788171886531
9788171886562
9788171886579
9788171886593
9788171886616
9788171886630
9788171886647
9788171886661
9788171886678
9788171886685
9788171886753
9788171886784
9788171886791
9788171886814
9788171886821
9788171886838
9788171886852
9788171886869
9788171886883
9788171886890
9788171886937
9788171886968
9788171887033
9788171887040
9788171887057
9788171887088
9788171887101
9788171887118
9788171887125
9788171887132
9788171887149
9788171887156
9788171887170
9788171887194
9788171887224
9788171887248
9788171887255
9788171887262
9788171887279
9788171887286
9788171887293
9788171887309
9788171887347
9788171887354
9788171887361
9788171887378
9788171887415
9788171887439
9788171887446
9788171887507
9788171887514
9788171887521
9788171887538
9788171887545
9788171887576
9788171887583
9788171887590
9788171887620
9788171887637
9788171887651
9788171887675
9788171887699
9788171887705
9788171887729
9788171887736
9788171887767
9788171887774
9788171887781
9788171887798
9788171887828
9788171887842
9788171887859
9788171887866
9788171887880
9788171887897
9788171887903
9788171887910
9788171887934
9788171887972
9788171887989
9788171887996
9788171888009
9788171888061
9788171888085
9788171888092
9788171888108
9788171888146
9788171888191
9788171888207
9788171888252
9788171888269
9788171888276
9788171888306
9788171888313
9788171888337
9788171888344
9788171888351
9788171888368
9788171888382
9788171888405
9788171888412
9788171888443
9788171888481
9788171888573
9788171888603
9788171888610
9788171888641
9788171888665
9788171888672
9788171888689
9788171888696
9788171888702
9788171888733
9788171888740
9788171888818
9788171888849
9788171888856
9788171888863
9788171888870
9788171888887
9788171888894
9788171888917
9788171888931
9788171888948
9788171888955
9788171888962
9788171888979
9788171888986
9788171889044
9788171889075
9788171889099
9788171889112
9788171889143
9788171889150
9788171889167
9788171889174
9788171889181
9788171889198
9788171889204
9788171889211
9788171889228
9788171889235
9788171889242
9788171889266
9788171889273
9788171889280
9788171889297
9788171889303
9788171889334
9788171889341
9788171889372
9788171889389
9788171889396
9788171889419
9788171889464
9788171889471
9788171889488
9788171889525
9788171889549
9788171889600
9788171889648
9788171889655
9788171889662
9788171889679
9788171889686
9788171889709
9788171889716
9788171889730
9788171889747
9788171889754
9788171889761
9788171889778
9788171889815
9788171889846
9788171889860
9788171889884
9788171889921
9788171889938
9788171889945
9788172089740
9788172234553
9788172234645
9788172236328
9788172236588
9788172236830
9788172237486
9788172237677
9788172237745
9788172238452
9788172238643
9788172240301
9788172240721
9788172240813
9788172240820
9788172241001
9788172241223
9788172242114
9788172242138
9788172242145
9788172243548
9788172243708
9788172245146
9788172246020
9788172246297
9788172247492
9788172248314
9788172248604
9788172941444
9788172942410
9788172942519
9788172942533
9788172942540
9788172942557
9788172942564
9788172942571
9788172942595
9788172942601
9788172942618
9788172942625
9788172942649
9788172942656
9788172942663
9788172942670
9788172942687
9788172942694
9788172942700
9788172943448
9788172944230
9788172944261
9788172946050
9788172946067
9788172946098
9788172946104
9788172946579
9788172946937
9788172946944
9788172946951
9788172947057
9788172947064
9788172947514
9788172947965
9788172948306
9788172948313
9788172948320
9788172948344
9788172948351
9788172948375
9788172948382
9788172948443
9788172948450
9788172948542
9788172948627
9788172948870
9788172949013
9788172949396
9788172949402
9788172949464
9788172949525
9788172949556
9788172949563
9788172949570
9788172949587
9788172949600
9788172949617
9788172949631
9788172949662
9788172949709
9788172949716
9788172949723
9788172949730
9788172949792
9788172949808
9788172949839
9788172949976
9788173046117
9788173047787
9788173048135
9788173048340
9788173048388
9788173048401
9788173048418
9788173048432
9788173048449
9788173048487
9788173048500
9788173048548
9788173048555
9788173048562
9788173048579
9788173048661
9788173048685
9788173048692
9788173048715
9788173048739
9788173048777
9788173048807
9788173048814
9788173048821
9788173048869
9788173048883
9788173048890
9788173048913
9788173048920
9788173048944
9788173048968
9788173049149
9788173049699
9788173049736
9788173049743
9788173049873
9788173049897
9788173049903
9788173049910
9788173049927
9788173049941
9788173192135
9788173199356
9788173199684
9788173627606
9788174362957
9788174363237
9788174363312
9788174363749
9788174363978
9788174365651
9788174365729
9788174366634
9788174366931
9788174366962
9788174366993
9788174367068
9788174367617
9788174368539
9788174368607
9788174368614
9788174368638
9788174368713
9788174368720
9788174368744
9788174368782
9788174368867
9788174368881
9788174368911
9788174368942
9788174368973
9788174369147
9788174369161
9788174369185
9788174369192
9788174369222
9788174369383
9788174369550
9788174369604
9788174369611
9788174369697
9788174369703
9788174369710
9788174369758
9788174369789
9788174369796
9788174369864
9788174369888
9788174369895
9788174369970
9788174369987
9788174920492
9788174925015
9788175090101
9788175090156
9788175090309
9788175110564
9788175110595
9788175110717
9788175110793
9788175110878
9788175110892
9788175110915
9788175110939
9788175110953
9788175110984
9788175110991
9788175962484
9788177080476
9788177080629
9788177080636
9788177080643
9788177080650
9788177080667
9788177080674
9788177080681
9788177080698
9788177080704
9788177080711
9788177080728
9788177080735
9788177080742
9788177080759
9788177080766
9788177080773
9788177080797
9788177080803
9788177080810
9788177080827
9788177080834
9788177080841
9788177080858
9788177080865
9788177080872
9788177080889
9788177080896
9788177080902
9788177080919
9788177080926
9788177080933
9788177080940
9788177080957
9788177080964
9788177080971
9788177080988
9788177080995
9788177081008
9788177081015
9788177081022
9788177081039
9788177081046
9788177081053
9788177081060
9788177081077
9788177081084
9788177081091
9788177081107
9788177081114
9788177081121
9788177081138
9788177081145
9788177081152
9788177081169
9788177081176
9788177081183
9788177081190
9788177081206
9788177081213
9788177081220
9788177081237
9788177081244
9788177081251
9788177081268
9788177081299
9788177081305
9788177081329
9788177081350
9788177081398
9788177081404
9788177081411
9788177081428
9788177081442
9788177081473
9788177081480
9788177081497
9788177081503
9788177081510
9788177081527
9788177081534
9788177081541
9788177081558
9788177081565
9788177081572
9788177081589
9788177081596
9788177081602
9788177081619
9788177081626
9788177081633
9788177081640
9788177081657
9788177081664
9788177081671
9788177081688
9788177081695
9788177081701
9788177081718
9788177081725
9788177081732
9788177081749
9788177081756
9788177081763
9788177081770
9788177081800
9788177081817
9788177081824
9788177081831
9788177081848
9788177081862
9788177081879
9788177081886
9788177081893
9788177081909
9788177081916
9788177081923
9788177081930
9788177081947
9788177081954
9788177081961
9788177081978
9788177081985
9788177081992
9788177082005
9788177082012
9788177082029
9788177082036
9788177082043
9788177082050
9788177082067
9788177082074
9788177082081
9788177082098
9788177082104
9788177082111
9788177082128
9788177082135
9788177082142
9788177082159
9788177082166
9788177082173
9788177082197
9788177082203
9788177082210
9788177082227
9788177082234
9788177082241
9788177082258
9788177082265
9788177082289
9788177082296
9788177082302
9788177082319
9788177082326
9788177082333
9788177082340
9788177082357
9788177082364
9788177082371
9788177082388
9788177082395
9788177082401
9788177082418
9788177082425
9788177082432
9788177082449
9788177082456
9788177082463
9788177082470
9788177082487
9788177082494
9788177082500
9788177082517
9788177082524
9788177082531
9788177082548
9788177082555
9788177082562
9788177082579
9788177082586
9788177082593
9788177082609
9788177082616
9788177082623
9788177082630
9788177082647
9788177082654
9788177082661
9788177082678
9788177082685
9788177082692
9788177082708
9788177082715
9788177082722
9788177082739
9788177082746
9788177082753
9788177082760
9788177082777
9788177082784
9788177082791
9788177082807
9788177082814
9788177082821
9788177082838
9788177082845
9788177082852
9788177082869
9788177082876
9788177082883
9788177082890
9788177082906
9788177082913
9788177082920
9788177082937
9788177082944
9788177082968
9788177082982
9788177082999
9788177083002
9788177083019
9788177083026
9788177083033
9788177083040
9788177083057
9788177083064
9788177083071
9788177083088
9788177083095
9788177083101
9788177083118
9788177083125
9788177083132
9788177083149
9788177083156
9788177083163
9788177083170
9788177083187
9788177083194
9788177083200
9788177083217
9788177083224
9788177083231
9788177083248
9788177083255
9788177083262
9788177083279
9788177083286
9788177083293
9788177083309
9788177083316
9788177083323
9788177083330
9788177083347
9788177083354
9788177083361
9788177083378
9788177083385
9788177083392
9788177083408
9788177083415
9788177083439
9788177083446
9788177083453
9788177083460
9788177083477
9788177083484
9788177083491
9788177083507
9788177083514
9788177083521
9788177083538
9788177083545
9788177083552
9788177083569
9788177083576
9788177083583
9788177083590
9788177083637
9788177083644
9788177083651
9788177083668
9788177083675
9788177083682
9788177083699
9788177083705
9788177083712
9788177083729
9788177083736
9788177083743
9788177083750
9788177083767
9788177083781
9788177083798
9788177083804
9788177083811
9788177083828
9788177083835
9788177083842
9788177083859
9788177083866
9788177083873
9788177083880
9788177083897
9788177083903
9788177083910
9788177083927
9788177083934
9788177083941
9788177083958
9788177083965
9788177083972
9788177083989
9788177083996
9788177084009
9788177084016
9788177084023
9788177084030
9788177084047
9788177084054
9788177084061
9788177084078
9788177084085
9788177084092
9788177084108
9788177084115
9788177084122
9788177084139
9788177084146
9788177084153
9788177084160
9788177084177
9788177084184
9788177084191
9788177084207
9788177084214
9788177084221
9788177084238
9788177084245
9788177084252
9788177084269
9788177084276
9788177084283
9788177084290
9788177084306
9788177084313
9788177084320
9788177084337
9788177084344
9788177640465
9788177641783
9788177643619
9788177645781
9788177647136
9788177649765
9788178298177
9788178298252
9788178298269
9788178298276
9788178298337
9788178298344
9788178298368
9788178298382
9788178298467
9788178298474
9788178298481
9788178298498
9788178298504
9788178298511
9788178298528
9788178298535
9788178298542
9788178298580
9788178298597
9788178298603
9788178298627
9788178298665
9788178298672
9788178298689
9788178298696
9788178298702
9788178298719
9788178298733
9788178298740
9788178298757
9788178298764
9788178298771
9788178298788
9788178298795
9788178298818
9788178298825
9788178298832
9788178298849
9788178298856
9788178298863
9788178298870
9788178298887
9788178298900
9788178298917
9788178298924
9788178298931
9788178298955
9788178298962
9788178298979
9788178299006
9788178299013
9788178299020
9788178299037
9788178299044
9788178299051
9788178299068
9788178299075
9788178299082
9788178299099
9788178299211
9788178299228
9788178299259
9788178299266
9788178299273
9788178299280
9788178299297
9788178299303
9788178299310
9788178299327
9788178299334
9788178299358
9788178299365
9788178299372
9788178299389
9788178299396
9788178299402
9788178299419
9788178299426
9788178299433
9788178299440
9788178299457
9788178299464
9788178299471
9788178299488
9788178299495
9788178299501
9788178299518
9788178982328
9788178982991
9788178984582
9788178985916
9788178985923
9788179921265
9788179922170
9788179922200
9788179923573
9788179925171
9788179925188
9788179925201
9788179925287
9788179926031
9788179926192
9788179926581
9788179926772
9788179926956
9788179926987
9788179927007
9788179928202
9788179928462
9788179928509
9788179928714
9788179928943
9788179929049
9788179929216
9788179929759
9788179929797
9788180565243
9788180613487
9788180940040
9788180940118
9788180940125
9788180940132
9788180940187
9788180940231
9788180940248
9788180940255
9788180940347
9788180940453
9788180940477
9788180940514
9788180940613
9788180940767
9788180941207
9788180941382
9788180942020
9788180942037
9788180942129
9788181126825
9788181901477
9788181901507
9788181901569
9788181901590
9788181901682
9788181901804
9788181901835
9788181901866
9788181901927
9788181901972
9788181902009
9788181902405
9788181902573
9788181902733
9788181902849
9788181902856
9788181902863
9788181902870
9788181902955
9788181902979
9788181903020
9788181903037
9788181903044
9788181903051
9788181903068
9788181903112
9788181903358
9788181930293
9788181930309
9788181930316
9788181930323
9788181930330
9788181930354
9788181930361
9788181930378
9788181930385
9788181930446
9788181930460
9788181930477
9788181930491
9788181930552
9788181930569
9788181930606
9788181930613
9788181930675
9788181930699
9788181930712
9788181930729
9788181930767
9788181930781
9788181930828
9788181930835
9788181930842
9788181930859
9788181930880
9788181930897
9788181930910
9788181930934
9788181930965
9788181931023
9788181931139
9788181931153
9788181931160
9788181931177
9788181931238
9788181931269
9788182520400
9788182521469
9788182521599
9788182522350
9788182530003
9788183280013
9788183280020
9788183280044
9788183280068
9788183280075
9788183280099
9788183280204
9788183280211
9788183280228
9788183280266
9788183280273
9788183280297
9788183280303
9788183280310
9788183280327
9788183280334
9788183280358
9788183280396
9788183280457
9788183280501
9788183280587
9788183280594
9788183280600
9788183280617
9788183280624
9788183280631
9788183280648
9788183280662
9788183280679
9788183280686
9788183280693
9788183280709
9788183280716
9788183280723
9788183280730
9788183280747
9788183280754
9788183280778
9788183280822
9788183280846
9788183280945
9788183280969
9788183281034
9788183281041
9788183281058
9788183281065
9788183281072
9788183281089
9788183281096
9788183281157
9788183281164
9788183281225
9788183281355
9788183281362
9788183281379
9788183281430
9788183281447
9788183281461
9788183281515
9788183281522
9788183281539
9788183281553
9788183281560
9788183281584
9788183281591
9788183281607
9788183281706
9788183281751
9788183281782
9788183281805
9788183281843
9788183281850
9788183281867
9788183281874
9788183281881
9788183281898
9788183281904
9788183281911
9788183281928
9788183281935
9788183281942
9788183281966
9788183282062
9788183282512
9788183282543
9788183282550
9788183282567
9788183282581
9788183282802
9788183282871
9788183282956
9788183282963
9788183282970
9788183282987
9788183282994
9788183283120
9788183283229
9788183283243
9788183283298
9788183283311
9788183283335
9788183283342
9788183283502
9788183283557
9788183283625
9788183283656
9788183283663
9788183283717
9788183283816
9788183283823
9788183283847
9788183283854
9788183283861
9788183283885
9788183284424
9788183284462
9788183284493
9788183284509
9788183284516
9788183284561
9788183284585
9788183284608
9788183320214
9788183321396
9788183322119
9788183325738
9788183328753
9788183328760
9788183328777
9788183328784
9788183328821
9788183329545
9788183329552
9788183329569
9788184050004
9788184050011
9788184050028
9788184050035
9788184050042
9788184050059
9788184050066
9788184050073
9788184050080
9788184050097
9788184050103
9788184050110
9788184050127
9788184050134
9788184050141
9788184050158
9788184050172
9788184050189
9788184050196
9788184050202
9788184050219
9788184050226
9788184050233
9788184050240
9788184050257
9788184050264
9788184050271
9788184050288
9788184050318
9788184050325
9788184050332
9788184050349
9788184050356
9788184050363
9788184050387
9788184050394
9788184050400
9788184050417
9788184050424
9788184050448
9788184050455
9788184050462
9788184050479
9788184050486
9788184050561
9788184050578
9788184050585
9788184050592
9788184050608
9788184050707
9788184050745
9788184050776
9788184050783
9788184050790
9788184050806
9788184050813
9788184050820
9788184230703
9788184230833
9788184231250
9788184231335
9788184231472
9788184231601
9788184231762
9788184231823
9788184231830
9788184231915
9788184232059
9788184232073
9788184232080
9788184232233
9788184232370
9788184232394
9788184232424
9788184232431
9788184232493
9788184232530
9788184232578
9788184232592
9788184232660
9788184232714
9788184232820
9788184232844
9788184232936
9788184233032
9788184233070
9788184233223
9788184233247
9788184233261
9788184233421
9788184233483
9788184233568
9788184233643
9788184233650
9788184233704
9788184233711
9788184233766
9788184233780
9788184233797
9788184233841
9788184233858
9788184234015
9788184234091
9788184234206
9788184234220
9788184234381
9788184234589
9788184234794
9788184234879
9788184234893
9788184234909
9788184234947
9788184243895
9788184243918
9788184244472
9788184244748
9788184244762
9788184246520
9788184246582
9788184246742
9788184246834
9788184246896
9788184246902
9788184246971
9788184247091
9788184247336
9788184247510
9788184247565
9788184247640
9788184247985
9788184248029
9788184248111
9788184248135
9788184248166
9788184248180
9788184248241
9788184248388
9788184248425
9788184248449
9788184248616
9788184248784
9788184249095
9788184249101
9788184249637
9788184249774
9788184249811
9788184482881
9788184486407
9788184487701
9788184487824
9788184488227
9788184488616
9788184488630
9788184488791
9788184488883
9788184488920
9788184488951
9788184489279
9788184489330
9788184489392
9788184489644
9788184489781
9788184489835
9788184489927
9788184621198
9788184651126
9788184651447
9788184655421
9788184657081
9788184659238
9788184870558
9788184870602
9788184871524
9788184872149
9788184872163
9788184872484
9788184873429
9788184873436
9788184873634
9788184892154
9788184899887
9788184899917
9788184899979
9788184950205
9788184950281
9788184950311
9788184950823
9788184950830
9788184950892
9788184951332
9788184951370
9788184951400
9788184951516
9788184951523
9788184951646
9788184951653
9788184951684
9788184951707
9788184952063
9788184952445
9788184952476
9788184952551
9788184952599
9788184952865
9788184952889
9788184953022
9788184953046
9788184953053
9788184953787
9788184953831
9788184953947
9788184953985
9788184954012
9788184954036
9788184954050
9788184954067
9788184954142
9788184954166
9788184954418
9788184954456
9788184954562
9788184954722
9788184954838
9788184954999
9788184955231
9788184955248
9788184955255
9788184955262
9788184955309
9788184955316
9788184955460
9788184955545
9788184955699
9788184955743
9788184956009
9788184956016
9788184956030
9788184956047
9788184956146
9788184956184
9788184956290
9788184956351
9788184956382
9788184956399
9788184956481
9788184956498
9788184956504
9788184956528
9788184956535
9788184956566
9788184956603
9788184956610
9788184956665
9788184956825
9788184957310
9788184957501
9788184957679
9788184957877
9788184957921
9788184957952
9788184958386
9788185026084
9788185026398
9788185026411
9788185026510
9788185026534
9788185026541
9788185026596
9788185026602
9788185026619
9788185026626
9788185026664
9788185026671
9788185026701
9788185026718
9788185026732
9788185026749
9788185026756
9788185026770
9788185026794
9788185026800
9788185026817
9788185026824
9788185026848
9788185026855
9788185026862
9788185026879
9788185026886
9788185026916
9788185026947
9788185026961
9788185026978
9788185229553
9788185229638
9788185229829
9788185229836
9788185425382
9788185853024
9788185853048
9788186211069
9788186211243
9788186211281
9788186211458
9788186211465
9788186211489
9788186211588
9788186211632
9788186211663
9788186211762
9788186211922
9788186247204
9788186247235
9788186247259
9788186685112
9788186685129
9788186685136
9788186685143
9788186685150
9788186685259
9788186685266
9788186685273
9788186685280
9788186685303
9788186685310
9788186685327
9788186685365
9788186685471
9788186685655
9788186685662
9788186685679
9788186685686
9788186685839
9788186685976
9788186939260
9788187159292
9788187358503
9788187662143
9788187662495
9788187662570
9788187662617
9788187662631
9788187662648
9788187662662
9788187662693
9788187662716
9788187662808
9788187662891
9788187662907
9788187662914
9788187662945
9788187662952
9788187662969
9788187662976
9788187662983
9788187710110
9788187710318
9788187710509
9788187710523
9788187710554
9788187710578
9788187710608
9788187710615
9788187710622
9788187710639
9788187710646
9788187710653
9788187710660
9788187710684
9788187710691
9788187710707
9788187710714
9788187710721
9788187710738
9788187710745
9788187710752
9788187710769
9788187710776
9788187710783
9788187710790
9788187710806
9788187710820
9788187710837
9788187710943
9788187710950
9788187710967
9788187710974
9788187737001
9788187737049
9788187737070
9788187737247
9788187891437
9788187891468
9788187891567
9788187891598
9788187891741
9788187891963
9788187966708
9788188071357
9788188071470
9788188071579
9788188071593
9788188071678
9788188071852
9788188071937
9788188071975
9788188157006
9788188157013
9788188157037
9788188157044
9788188157068
9788188157075
9788188157204
9788188157334
9788188157372
9788188157402
9788188157433
9788188157440
9788188157464
9788188157624
9788188157662
9788188157686
9788188157693
9788188157723
9788188157792
9788188157853
9788188204427
9788188204526
9788188204946
9788188280230
9788188280346
9788188280636
9788188305957
9788188479122
9788188479160
9788188479306
9788188479313
9788188479320
9788188479337
9788188479351
9788188479405
9788188479436
9788188479450
9788188479481
9788188479498
9788188479504
9788188479511
9788188479535
9788188479542
9788188479566
9788188479573
9788188479580
9788188479597
9788188479603
9788188479610
9788188479634
9788188479641
9788188479658
9788188479665
9788188479672
9788188479689
9788188479696
9788188479757
9788188479764
9788188479795
9788188479801
9788188479825
9788188479832
9788188479849
9788188479863
9788188479894
9788188479900
9788188479917
9788188479924
9788188479962
9788188583232
9788188583317
9788188583379
9788188583515
9788188583584
9788188583669
9788188583676
9788188583683
9788188583713
9788188583720
9788188583737
9788188583744
9788188583751
9788188583768
9788188583775
9788188583782
9788188583799
9788188583805
9788188583812
9788188583829
9788188583836
9788188583843
9788188583850
9788188583867
9788188583874
9788188583881
9788188583898
9788188583904
9788188583911
9788188583928
9788188583935
9788188583942
9788188583959
9788188583966
9788188583973
9788188583980
9788188583997
9788188732111
9788188784004
9788188784042
9788188784059
9788188885411
9788189013363
9788189013394
9788189132606
9788189422004
9788189422011
9788189422028
9788189422035
9788189422059
9788189422103
9788189422141
9788189422165
9788189422219
9788189422226
9788189422233
9788189422271
9788189422295
9788189422301
9788189422318
9788189422325
9788189422332
9788189422356
9788189422363
9788189422387
9788189422400
9788189422417
9788189422424
9788189422431
9788189422448
9788189422455
9788189422462
9788189422486
9788189422493
9788189422509
9788189422523
9788189422547
9788189422561
9788189422585
9788189422608
9788189422622
9788189422639
9788189422653
9788189422691
9788189422707
9788189422714
9788189422721
9788189422738
9788189422752
9788189422776
9788189422783
9788189422806
9788189422813
9788189422820
9788189422837
9788189422844
9788189422851
9788189422868
9788189422882
9788189422899
9788189422905
9788189422929
9788189422936
9788189422943
9788189422950
9788189422967
9788189422981
9788189422998
9788189487058
9788189487119
9788189487157
9788189487195
9788189487201
9788189487263
9788189487294
9788189487300
9788189487324
9788189487393
9788189487447
9788189487454
9788189487478
9788189487584
9788189487591
9788189487645
9788189487676
9788189487690
9788189487706
9788189487720
9788189487799
9788189487812
9788189487850
9788189487904
9788189487935
9788189487959
9788189487966
9788189487997
9788189514150
9788189514235
9788189514259
9788189514266
9788189514273
9788189514280
9788189540111
9788189718602
9788189738006
9788189738112
9788189738136
9788189738198
9788189738273
9788189738372
9788189738433
9788189738464
9788189738532
9788189738600
9788189738624
9788189738648
9788189738754
9788189738761
9788189738785
9788189738808
9788189738815
9788189738884
9788189738891
9788189738914
9788189738921
9788189738945
9788189738983
9788189766108
9788189766269
9788189766313
9788189766528
9788189884505
9788189884666
9788189884765
9788189884932
9788189884970
9788189975111
9788189975531
9788189975548
9788189975692
9788189975791
9788189975982
9788189995089
9788189995263
9788189995454
9788189995591
9788189995614
9788189995676
9788190080941
9788190100496
9788190142946
9788190142953
9788190172288
9788190356435
9788190409681
9788190413718
9788190413725
9788190413732
9788190413749
9788190413756
9788190413763
9788190413770
9788190428521
9788190428583
9788190428590
9788190452113
9788190472012
9788190472043
9788190472074
9788190481830
9788190491433
9788190491495
9788190577861
9788190583503
9788190583534
9788190583558
9788190583565
9788190583572
9788190583596
9788190603201
9788190605601
9788190605625
9788190605632
9788190605649
9788190605656
9788190605663
9788190605670
9788190605687
9788190618649
9788190627313
9788190627320
9788190627337
9788190641715
9788190641814
9788190686808
9788190688666
9788190710909
9788190710916
9788190723701
9788190723732
9788190723749
9788190723756
9788190723763
9788190723787
9788190743198
9788190751209
9788190751520
9788190751537
9788190751544
9788190751551
9788190754606
9788190754620
9788190754651
9788190754682
9788190757003
9788190757010
9788190757027
9788190757041
9788190757072
9788190761208
9788190800129
9788190800136
9788190800150
9788190800174
9788190827713
9788190827720
9788190829267
9788190848787
9788190848794
9788190851213
9788190851237
9788190851244
9788190851251
9788190851268
9788190851275
9788190851282
9788190851299
9788190863629
9788190889438
9788190889445
9788190889452
9788190889469
9788190889483
9788190890489
9788190890496
9788190891813
9788190891868
9788190891875
9788190891882
9788190908603
9788190969321
9788190976008
9788190976015
9788190976022
9788190976039
9788190976046
9788190976053
9788190976060
9788190976077
9788190976084
9788190976091
9788190997508
9788190997591
9788191007725
9788191007732
9788191070507
9788191070514
9788191070521
9788191070538
9788191070545
9788191070552
9788191070569
9788192000800
9788192043371
9788192043388
9788192072135
9788192079608
9788192079622
9788192079646
9788192079653
9788192091259
9788192091266
9788192101408
9788192101446
9788192107509
9788192107516
9788192107523
9788192107530
9788192107547
9788192107554
9788192107578
9788192107585
9788192107592
9788192110608
9788192110622
9788192110639
9788192110646
9788192110653
9788192110660
9788192110684
9788192110691
9788192128610
9788192129501
9788192129518
9788192129525
9788192131108
9788192227726
9788192227733
9788192253930
9788192317113
9788192317120
9788192317137
9788192317144
9788192317151
9788192317175
9788192317182
9788192373515
9788192373522
9788192373539
9788192373546
9788192373553
9788192373584
9788192426723
9788192473321
9788192473352
9788192473376
9788192510705
9788192510736
9788192522630
9788192524047
9788192524054
9788192535494
9788192586045
9788192592817
9788192617220
9788192627144
9788192642208
9788192663708
9788192689609
9788192693903
9788192713274
9788192713281
9788192749129
9788192749136
9788192749143
9788192765099
9788192784502
9788192792019
9788192792033
9788192792040
9788192792064
9788192792071
9788192792088
9788192853710
9788192853727
9788192853734
9788192853741
9788192855158
9788192875200
9788192875217
9788192875224
9788192875231
9788192875248
9788192875255
9788192875262
9788192875279
9788192875286
9788192875293
9788192882314
9788192882321
9788192882345
9788192882352
9788192882369
9788192882383
9788192891002
9788192891064
9788192891071
9788192950808
9788192950846
9788192950853
9788193005507
9788193005545
9788193005552
9788193005569
9788193005576
9788193005583
9788193014462
9788193014479
9788193014486
9788193015216
9788193015261
9788193015278
9788193052303
9788193052310
9788193052334
9788193052358
9788193052372
9788193078051
9788193078068
9788193078075
9788193078099
9788193136003
9788193136041
9788193136072
9788193142219
9788193142226
9788193142233
9788193142240
9788193142264
9788193142271
9788193142295
9788193163108
9788193166666
9788193166673
9788193171417
9788193195819
9788193216637
9788193216668
9788193216675
9788193216699
9788193238233
9788193238295
9788193245200
9788193245279
9788193257906
9788193270431
9788200025580
9788200067375
9788200095484
9788200374121
9788200374138
9788200374145
9788200374244
9788200374268
9788200374756
9788200374800
9788200374879
9788200376484
9788200376491
9788200376507
9788200376514
9788200376590
9788200376606
9788200376651
9788200376668
9788200376675
9788200376927
9788200376934
9788200376958
9788200377023
9788230321300
9788230326503
9788230332702
9788230333723
9788232100491
9788232101054
9788232101108
9788232101757
9788232102044
9788232102112
9788232102464
9788232102617
9788232102686
9788232102792
9788232103164
9788232103195
9788232103225
9788232103362
9788232104147
9788232800254
9788232800261
9788232800452
9788232800957
9788232800964
9788245013825
9788245017168
9788245017212
9788245017250
9788245017731
9788245018431
9788245018660
9788245018943
9788245020113
9788245021301
9788251636384
9788251906623
9788251908399
9788251910583
9788251911252
9788251911757
9788251911917
9788251912242
9788251913065
9788251913072
9788251913461
9788251914130
9788251915298
9788251915458
9788251915465
9788251915885
9788251916608
9788251916691
9788251918282
9788251918404
9788251918411
9788251919265
9788251919319
9788251920865
9788251921121
9788251921282
9788251921442
9788251921848
9788251921909
9788251922036
9788251922043
9788251923033
9788251923101
9788251923415
9788251923446
9788251923538
9788251923675
9788251923842
9788251923859
9788251924269
9788251924368
9788251924603
9788251924610
9788251925242
9788251925303
9788251925365
9788251925457
9788251925488
9788251925631
9788251925884
9788251926010
9788251926577
9788251927147
9788251927499
9788251927604
9788251927864
9788251927956
9788251928168
9788251928250
9788251928465
9788251928571
9788251928618
9788251928632
9788256005529
9788256006250
9788256006472
9788256007486
9788256007523
9788256007615
9788256007868
9788256007950
9788256008117
9788256009763
9788256010479
9788256010851
9788256011780
9788256011872
9788256012107
9788256012411
9788256012626
9788256012664
9788256012831
9788256013111
9788256013234
9788256013418
9788256013791
9788256013883
9788256013975
9788256014071
9788256014491
9788256015016
9788256015528
9788256017034
9788256017232
9788269002607
9788269009620
9788269009637
9788269009903
9788269012606
9788269018202
9788269018233
9788269018264
9788269024821
9788269024838
9788269029000
9788269032109
9788269034806
9788269037609
9788269037616
9788269040401
9788269045000
9788269047202
9788269050004
9788269053500
9788269054101
9788271993429
9788274770959
9788274771369
9788274771437
9788274771864
9788274772045
9788274772052
9788274772083
9788274772090
9788274772120
9788274772205
9788274772311
9788274772373
9788274772403
9788274772427
9788274772540
9788274772694
9788274772717
9788274772809
9788274772861
9788274772915
9788274772939
9788274772946
9788274773004
9788274773332
9788274773431
9788274773479
9788274773745
9788274773806
9788274773929
9788274773936
9788274774476
9788274774544
9788274774803
9788274774889
9788274774896
9788274775022
9788274775671
9788274775763
9788275473491
9788275473644
9788275473866
9788275474139
9788275474283
9788275474719
9788275474993
9788275475129
9788275475341
9788275475372
9788275475426
9788275476447
9788275477444
9788275477840
9788277010489
9788277010533
9788277010571
9788277010762
9788277010953
9788277010991
9788277011110
9788277011325
9788279710806
9788281980013
9788281980051
9788283020014
9788283020021
9788283020045
9788283020052
9788283140590
9788283140958
9788283310047
9788283310054
9788283310078
9788283310092
9788283310115
9788283310146
9788283310207
9788283310214
9788283310238
9788283310252
9788283480153
9788283480177
9788283480559
9788283550016
9788283550047
9788283550061
9788283550122
9788283550160
9788283550221
9788283550283
9788290128710
9788290373233
9788290373417
9788290373455
9788290373509
9788290817140
9788291693057
9788291693064
9788291693071
9788291693088
9788291693095
9788291693101
9788291693118
9788291693125
9788291693132
9788291693149
9788291693156
9788291693163
9788291693187
9788291693194
9788291693217
9788291953137
9788292280423
9788292373415
9788292495186
9788292944066
9788292944127
9788292944141
9788293053033
9788293053040
9788293053071
9788293053095
9788293053125
9788293053132
9788293053170
9788293053187
9788293053224
9788293053293
9788293053309
9788293053361
9788293053378
9788293053392
9788293064084
9788293064169
9788293064183
9788293064206
9788293064244
9788293064268
9788293064282
9788293064305
9788293064329
9788293064428
9788293064442
9788293081111
9788293081135
9788293081333
9788293081357
9788293081586
9788293081609
9788293081616
9788293081661
9788293081678
9788293081784
9788293081807
9788293081821
9788293081845
9788293081968
9788293101031
9788293101161
9788293101178
9788293101208
9788293124009
9788293244011
9788293249023
9788293259114
9788293259121
9788293295013
9788293295044
9788293295051
9788293295075
9788293295082
9788293295099
9788293295136
9788293326243
9788293326298
9788293326458
9788293326465
9788293326489
9788293326502
9788293326540
9788293326564
9788293326588
9788293326625
9788293326649
9788293326663
9788293326687
9788293326700
9788293326724
9788293326748
9788293326809
9788293326823
9788293326847
9788293326861
9788293326885
9788293326892
9788293326915
9788293326939
9788293326953
9788293355229
9788293355236
9788293355243
9788293355250
9788293355267
9788293355311
9788293355335
9788293370000
9788293370024
9788293370031
9788293370048
9788293370055
9788293370062
9788293370079
9788293370086
9788293370093
9788293370109
9788293370116
9788293383000
9788293383048
9788293389033
9788293389057
9788293389064
9788293389071
9788293389088
9788293389101
9788293389118
9788293389125
9788293410348
9788293410379
9788293410447
9788293418511
9788293435051
9788293451006
9788293475002
9788293489023
9788293507024
9788293507246
9788299720595
9788299727723
9788299740128
9788299768795
9788299780810
9788299797818
9788299800938
9788299802345
9788299802352
9788299802369
9788299802383
9788299811705
9788299811729
9788299818407
9788299824309
9788299824323
9788299824330
9788299824347
9788299824378
9788299824385
9788299826518
9788299851046
9788299851053
9788299859882
9788299868105
9788299868129
9788299868143
9788299868167
9788299868181
9788299873109
9788299873604
9788299878319
9788299878333
9788299878357
9788299878371
9788299889803
9788299898126
9788299898133
9788299916622
9788299931816
9788299932042
9788299932059
9788299933209
9788299935319
9788299935401
9788299941501
9788299942409
9788299953900
9788299953917
9788299954808
9788299954839
9788299955423
9788299957205
9788299966009
9788299966016
9788299966078
9788299968829
9788299969413
9788299974929
9788299975704
9788299977401
9788299977418
9788299981613
9788299992305
9788301020200
9788301044596
9788301044602
9788301044664
9788301065300
9788301076634
9788301083892
9788301088675
9788301093495
9788301100520
9788301181666
9788301189525
9788304011199
9788320049251
9788320049268
9788320049275
9788320049282
9788320049305
9788320049329
9788322405048
9788322616383
9788322719176
9788322726921
9788322731550
9788322922712
9788322927014
9788323000808
9788323007975
9788323098478
9788323099215
9788323099543
9788323099642
9788323304968
9788323307501
9788323310549
9788323311409
9788323312420
9788323315780
9788323317920
9788323317975
9788323318149
9788323318194
9788323318491
9788323319467
9788323321095
9788323322863
9788323323747
9788323324669
9788323324690
9788323324737
9788323324867
9788323325321
9788323325772
9788323325789
9788323326229
9788323326724
9788323326885
9788323327417
9788323328131
9788323328247
9788323328261
9788323328377
9788323328452
9788323328636
9788323328681
9788323328988
9788323329008
9788323329183
9788323329459
9788323329527
9788323329800
9788323330080
9788323330158
9788323330530
9788323330899
9788323330936
9788323331728
9788323331841
9788323332084
9788323332169
9788323332312
9788323332329
9788323332350
9788323332404
9788323332602
9788323332695
9788323333043
9788323333173
9788323333685
9788323333807
9788323333852
9788323333906
9788323334279
9788323334385
9788323334415
9788323334835
9788323335139
9788323335153
9788323335344
9788323335900
9788323336112
9788323336181
9788323336211
9788323336259
9788323336273
9788323336310
9788323336389
9788323336402
9788323336587
9788323336792
9788323336860
9788323336945
9788323336952
9788323336969
9788323336976
9788323336990
9788323337058
9788323337157
9788323337416
9788323337430
9788323337461
9788323337904
9788323338086
9788323338093
9788323338109
9788323338116
9788323338246
9788323338574
9788323338666
9788323338727
9788323339014
9788323339045
9788323339199
9788323339205
9788323339212
9788323339229
9788323339243
9788323339380
9788323339410
9788323339540
9788323339557
9788323339670
9788323339908
9788323340041
9788323340065
9788323340072
9788323340089
9788323340119
9788323340171
9788323340263
9788323340270
9788323340317
9788323340447
9788323340638
9788323340690
9788323340867
9788323340935
9788323341079
9788323341116
9788323341369
9788323341499
9788323341710
9788323341758
9788323341888
9788323341895
9788323341901
9788323500025
9788323500810
9788323501671
9788323502715
9788323503330
9788323504917
9788323507024
9788323507109
9788323507390
9788323507475
9788323508212
9788323509233
9788323511441
9788323513452
9788360099438
9788360109168
9788360109212
9788360183335
9788360183847
9788360263181
9788360263273
9788360445020
9788360445044
9788360445136
9788360445174
9788360445198
9788360445471
9788360445563
9788360445570
9788360445730
9788360445747
9788360672020
9788360672037
9788360672044
9788360672051
9788360672068
9788360672082
9788360672112
9788360672129
9788360672143
9788360672150
9788360672167
9788360672174
9788360672181
9788360672198
9788360672204
9788360672211
9788360672228
9788360672235
9788360672242
9788360672259
9788360672266
9788361131243
9788361220039
9788361220145
9788361220152
9788361220398
9788361220640
9788361220770
9788361220824
9788361220961
9788361376019
9788361376255
9788361376262
9788361376446
9788361376453
9788361376767
9788361376897
9788361376934
9788361421009
9788361421023
9788361421030
9788361421054
9788361421061
9788361421078
9788361421115
9788361421122
9788361421139
9788361421177
9788361421184
9788361421191
9788361421207
9788361421214
9788361421221
9788361421245
9788361421276
9788361421290
9788361421306
9788361421313
9788361421337
9788361421351
9788361421368
9788361421412
9788361421429
9788361421436
9788361421443
9788361421450
9788361421467
9788361421474
9788361421481
9788361421498
9788361421504
9788361421511
9788361421528
9788361421535
9788361421665
9788361421672
9788361421689
9788361421696
9788361421702
9788361421719
9788361421726
9788361421757
9788361421771
9788361421795
9788361421801
9788361421818
9788361421825
9788361421924
9788361421931
9788361769958
9788361769996
9788361785538
9788362515493
9788362627004
9788362878123
9788362878192
9788362878383
9788362878390
9788362878406
9788362878420
9788362878482
9788362878543
9788362878550
9788362878567
9788362878574
9788362878581
9788362878598
9788362878604
9788362878611
9788362878635
9788362878642
9788362878659
9788362878666
9788362878673
9788362878680
9788362878697
9788362878703
9788362878727
9788362878734
9788362878741
9788362878765
9788362878772
9788362878796
9788362878802
9788362878819
9788362878833
9788362878840
9788362878857
9788362878864
9788362878871
9788362878888
9788362878895
9788362878901
9788362878918
9788362878925
9788362878932
9788362878949
9788362878956
9788362878970
9788362878987
9788362878994
9788363035242
9788363035273
9788363035280
9788363035297
9788363035303
9788363035587
9788363035594
9788363035600
9788363035617
9788363035624
9788363035631
9788363035648
9788363035655
9788363035662
9788363035679
9788363035686
9788363035693
9788363035709
9788363678074
9788363678081
9788363678142
9788363678159
9788363678166
9788363678173
9788363678180
9788363678210
9788363678227
9788363678272
9788363678289
9788363678296
9788363678302
9788363678333
9788363678340
9788363678357
9788363678388
9788363678395
9788363678401
9788363678432
9788363678449
9788363678456
9788363678463
9788363678487
9788363678494
9788363678500
9788363678524
9788363678531
9788363678548
9788363678562
9788363678586
9788363678593
9788363678609
9788363678616
9788363678623
9788363678630
9788363678647
9788363678654
9788363678661
9788363678692
9788363678708
9788363678715
9788363678722
9788363678739
9788363678746
9788363678753
9788363678760
9788363678777
9788363678784
9788363678791
9788363678807
9788363678814
9788363678821
9788363678838
9788363678845
9788363678852
9788363678869
9788363678876
9788363678883
9788363678913
9788363678920
9788363678937
9788363678951
9788363678968
9788363678975
9788363678982
9788363678999
9788364177033
9788364177057
9788364177149
9788364177163
9788364177187
9788364177255
9788364177262
9788364177378
9788364177385
9788364195099
9788364449161
9788364473005
9788364596001
9788364596025
9788364596049
9788364596056
9788364596070
9788364596087
9788364596117
9788364596124
9788364596131
9788364596148
9788364596155
9788364596209
9788364596247
9788364596278
9788364596285
9788364596292
9788364596308
9788364596315
9788364596322
9788364596339
9788364596346
9788364596353
9788364596360
9788364596377
9788364596384
9788364596612
9788364596629
9788364596643
9788364596650
9788364596667
9788364596674
9788364596681
9788364596698
9788364596704
9788364596711
9788364596728
9788364596735
9788364596742
9788364596759
9788364596841
9788364699146
9788364864292
9788365242570
9788365242587
9788365242594
9788365242600
9788365242617
9788365242624
9788365242631
9788365242648
9788365281005
9788365281012
9788365281029
9788365281036
9788365281043
9788365281050
9788365281067
9788365281098
9788365281104
9788365281111
9788365281128
9788365281135
9788365281142
9788365281159
9788365281166
9788365281173
9788365281197
9788365281203
9788365281210
9788365281227
9788365281234
9788365281241
9788365281258
9788365281265
9788365281272
9788365281289
9788365281302
9788365281319
9788365281326
9788365281333
9788365281340
9788365281357
9788365281364
9788365281371
9788365281388
9788365281395
9788365281401
9788365281456
9788365281487
9788365281494
9788365560001
9788365560018
9788365560025
9788365560032
9788371190292
9788371719639
9788371882753
9788371884832
9788371886829
9788371887352
9788371889264
9788372418753
9788375310603
9788375311037
9788375311464
9788375311679
9788375312171
9788375312317
9788375312669
9788375430080
9788375430219
9788375430400
9788375431216
9788375431223
9788375431513
9788375432336
9788375432664
9788375433685
9788375433715
9788375871883
9788375873283
9788376380438
9788376384252
9788376560021
9788376560045
9788376560076
9788376560137
9788376560168
9788376560281
9788376560311
9788376560342
9788376560373
9788376560403
9788376560434
9788376560526
9788376560588
9788376560618
9788376560670
9788376560731
9788376760636
9788377843017
9788377844632
9788377845950
9788377847862
9788377847978
9788378501466
9788378505327
9788378506614
9788378506829
9788378509318
9788378509547
9788378650263
9788378860006
9788378860013
9788378860020
9788378860037
9788378860068
9788378860075
9788378860082
9788378860099
9788378860174
9788378860273
9788378860341
9788378860426
9788378860709
9788378860822
9788378861072
9788378861317
9788378861478
9788378861676
9788378861690
9788378862048
9788378862253
9788378924470
9788378924487
9788378924494
9788379460038
9788379460076
9788379460212
9788379460229
9788379810482
9788379810512
9788379810543
9788379810574
9788379810604
9788379810635
9788379810666
9788379810697
9788379810727
9788379810758
9788379810789
9788379810819
9788379810840
9788379810871
9788379810901
9788379810932
9788379810963
9788379810994
9788380950429
9788380950436
9788380950443
9788385142546
9788385149484
9788385463825
9788385824565
9788385874034
9788386842643
9788386957361
9788387111076
9788387111120
9788387111229
9788387111281
9788387111410
9788387111458
9788387111526
9788387111670
9788387202286
9788387202330
9788387202385
9788387202842
9788387312169
9788387496104
9788387496258
9788387496272
9788387496302
9788387496326
9788387496692
9788387496760
9788387496975
9788388549502
9788388857546
9788388973659
9788388973741
9788388973819
9788388985584
9788388985645
9788389003508
9788389003607
9788389003775
9788389088260
9788389088727
9788389088741
9788389088819
9788389088918
9788389088949
9788389450043
9788389450128
9788389450197
9788389450203
9788389450319
9788389450357
9788389450395
9788389450401
9788389450418
9788389450449
9788389450463
9788389450470
9788389450500
9788389450524
9788389450548
9788389450555
9788389450593
9788389450609
9788389450616
9788389450623
9788389450647
9788389450654
9788389450661
9788389450715
9788389450760
9788389450777
9788389450791
9788389450807
9788389450821
9788389450852
9788389450876
9788389450883
9788389450937
9788389450968
9788389450975
9788389450999
9788389499721
9788389729347
9788389729781
9788389786838
9788390009629
9788390009636
9788390009650
9788390009674
9788390043418
9788390043470
9788390180915
9788390180953
9788390180977
9788390180991
9788390306292
9788390379623
9788390379630
9788390492636
9788390752969
9788390950181
9788390992716
9788391154397
9788391482490
9788391594162
9788391594186
9788391632772
9788391641521
9788391641552
9788391641569
9788391641576
9788391641583
9788391641590
9788391648346
9788391651513
9788391666258
9788391677094
9788391717806
9788391717899
9788391825006
9788391825013
9788391825020
9788391825037
9788391825044
9788391825051
9788391825068
9788391825075
9788391825082
9788391825099
9788392025429
9788392025436
9788392036500
9788392036548
9788392036555
9788392231950
9788392231981
9788392325901
9788392325918
9788392325925
9788392325932
9788392325963
9788392325970
9788392404408
9788392404415
9788392404439
9788392404460
9788392419105
9788392591917
9788392591924
9788392591948
9788392591955
9788392591962
9788392591979
9788392591986
9788392591993
9788392979807
9788393053100
9788393134540
9788393146505
9788393179626
9788393179657
9788393311507
9788393311514
9788393311521
9788393311538
9788393311545
9788393311552
9788393311569
9788393311590
9788393321810
9788393381845
9788393381869
9788393421831
9788393494866
9788393552917
9788393552931
9788393552955
9788393552979
9788393575701
9788393575718
9788393655809
9788393671311
9788393671373
9788393760701
9788393765836
9788393794102
9788393794119
9788393808809
9788393808816
9788393808823
9788393842506
9788393842513
9788393842520
9788393842544
9788393842568
9788393842575
9788393842582
9788393842599
9788393882403
9788393882427
9788393882434
9788393882441
9788393956920
9788393959112
9788394000301
9788394000318
9788394101008
9788394115005
9788394180225
9788394228835
9788394228842
9788394246921
9788394314958
9788394357009
9788394418700
9788394449179
9788398734554
9788401015373
9788401015403
9788401015410
9788401015427
9788401015458
9788401015465
9788401015519
9788401015557
9788401015564
9788401015588
9788401015694
9788401015748
9788401015854
9788401015878
9788401015892
9788401015922
9788401015984
9788401016714
9788401016745
9788401016769
9788401016776
9788401016783
9788401016806
9788401016875
9788401016967
9788401017018
9788401017186
9788401017223
9788401017315
9788401017421
9788401017445
9788401017452
9788401017469
9788401017476
9788401017506
9788401017551
9788401017575
9788401017636
9788401017759
9788401018213
9788401335037
9788401342097
9788401342417
9788401343049
9788401343278
9788401343339
9788401346927
9788401354267
9788401354779
9788401354878
9788401389580
9788402420039
9788402420282
9788402420381
9788402420473
9788402420558
9788402420657
9788402420671
9788402420749
9788402420794
9788402420862
9788402420893
9788402420909
9788402420916
9788402420985
9788402421005
9788402421050
9788402421067
9788402421098
9788402421128
9788402421135
9788402421166
9788402421180
9788402421197
9788402421203
9788402421234
9788402421272
9788402421289
9788402421296
9788402421302
9788402421326
9788402421340
9788402421371
9788402421388
9788402421401
9788402421418
9788403013193
9788403013490
9788403015012
9788403100886
9788403500761
9788403500785
9788403502734
9788403503748
9788403503762
9788403508217
9788403511156
9788403512184
9788403512191
9788403512757
9788403512962
9788403512979
9788403512993
9788403513006
9788403513013
9788403513051
9788403513624
9788403513822
9788403513839
9788403513914
9788403514065
9788403514164
9788403514782
9788403514898
9788403514966
9788403515062
9788403515840
9788403517288
9788407001059
9788407001127
9788407001134
9788407001202
9788407001288
9788407001295
9788407001325
9788407001349
9788407001356
9788407001417
9788407001424
9788407001486
9788407001530
9788407001554
9788407001578
9788407001585
9788407001592
9788407001608
9788407001622
9788407001639
9788407001653
9788407001707
9788407001714
9788407001738
9788407001745
9788407001752
9788407001769
9788407001776
9788407001783
9788407001790
9788407001806
9788407001813
9788407001851
9788407001868
9788407001875
9788407001905
9788407001912
9788407001929
9788407001936
9788407001943
9788407001950
9788407001974
9788407001981
9788407001998
9788407002018
9788407002032
9788407002049
9788407002056
9788407002063
9788407002070
9788407002087
9788407002094
9788407002100
9788407002117
9788407002124
9788407002131
9788407002155
9788407002193
9788407002223
9788407002230
9788407002254
9788407002278
9788407002285
9788407002292
9788407002308
9788407002315
9788407002346
9788407002377
9788407002391
9788407005002
9788407005019
9788407005033
9788407005057
9788407005095
9788407005101
9788407006139
9788408007463
9788408013655
9788408032984
9788408036579
9788408036586
9788408036593
9788408037163
9788408038276
9788408048091
9788408049456
9788408089407
9788408091356
9788408094296
9788408095330
9788408099239
9788408099246
9788408099581
9788408107682
9788408108740
9788408108764
9788408109136
9788408109143
9788408109150
9788408111276
9788408111283
9788408111290
9788408112648
9788408113355
9788408113362
9788408113379
9788408115830
9788408118152
9788408118220
9788408119852
9788408122845
9788408123293
9788408124269
9788408124276
9788408124283
9788408124467
9788408124887
9788408124955
9788408126140
9788408126164
9788408126447
9788408127871
9788408128380
9788408128403
9788408128410
9788408128427
9788408128434
9788408128601
9788408130314
9788408130529
9788408131960
9788408132028
9788408132035
9788408132264
9788408133032
9788408133834
9788408135654
9788408136026
9788408136859
9788408136866
9788408137399
9788408137436
9788408137443
9788408137498
9788408137566
9788408137818
9788408137825
9788408138990
9788408139010
9788408139027
9788408140122
9788408140238
9788408140771
9788408141358
9788408141372
9788408141419
9788408141426
9788408141457
9788408141532
9788408141600
9788408141631
9788408142997
9788408143000
9788408143017
9788408144922
9788408145202
9788408145271
9788408145301
9788408145318
9788408145462
9788408146612
9788408147435
9788408148340
9788408148371
9788408148418
9788408148425
9788408149170
9788408149262
9788408149279
9788408149309
9788408150367
9788408152132
9788408152200
9788408152224
9788408152439
9788408154303
9788408159261
9788410588813
9788414000687
9788414000694
9788414000700
9788414001400
9788414001691
9788414001707
9788414001714
9788414001721
9788414001936
9788414001943
9788414001950
9788414001967
9788414001974
9788414001981
9788414001998
9788414002001
9788414002018
9788414002124
9788414002131
9788414002155
9788414002186
9788415058007
9788415058014
9788415058038
9788415058045
9788415058052
9788415058069
9788415058076
9788415058083
9788415058304
9788415062943
9788415067214
9788415067627
9788415067689
9788415067788
9788415067924
9788415070726
9788415070733
9788415088004
9788415088011
9788415088028
9788415088110
9788415088141
9788415088226
9788415088233
9788415088240
9788415088516
9788415088530
9788415088547
9788415088592
9788415088622
9788415088639
9788415088653
9788415088677
9788415088684
9788415088714
9788415088721
9788415088738
9788415088769
9788415088776
9788415088806
9788415088820
9788415088844
9788415088868
9788415088875
9788415088912
9788415088929
9788415088943
9788415088967
9788415092230
9788415092353
9788415092391
9788415092438
9788415092513
9788415092599
9788415092605
9788415092674
9788415092704
9788415092919
9788415098126
9788415098133
9788415098218
9788415098225
9788415098270
9788415098300
9788415098324
9788415098423
9788415098430
9788415098454
9788415098478
9788415098577
9788415098591
9788415098645
9788415098652
9788415098669
9788415098706
9788415113195
9788415113324
9788415113423
9788415113461
9788415113553
9788415113591
9788415113676
9788415113683
9788415113737
9788415113836
9788415113881
9788415115014
9788415115021
9788415115045
9788415115052
9788415115076
9788415115106
9788415115113
9788415115120
9788415115168
9788415115175
9788415115182
9788415115212
9788415115250
9788415115267
9788415115274
9788415115397
9788415115427
9788415115465
9788415115472
9788415115489
9788415115496
9788415115519
9788415115533
9788415115540
9788415115557
9788415115564
9788415115649
9788415115656
9788415115670
9788415115694
9788415115724
9788415115748
9788415115779
9788415115793
9788415118008
9788415118039
9788415118077
9788415118091
9788415118114
9788415118145
9788415118152
9788415118183
9788415118213
9788415118220
9788415118244
9788415118305
9788415118329
9788415118350
9788415118374
9788415118398
9788415118411
9788415118442
9788415118459
9788415118473
9788415118480
9788415118510
9788415118527
9788415118534
9788415118558
9788415118565
9788415118572
9788415118596
9788415118602
9788415118664
9788415118695
9788415118701
9788415118732
9788415118770
9788415118817
9788415118824
9788415118831
9788415118848
9788415118886
9788415118909
9788415118916
9788415118923
9788415118930
9788415118954
9788415118961
9788415118978
9788415118985
9788415118992
9788415120056
9788415120100
9788415120254
9788415120322
9788415120339
9788415120360
9788415120384
9788415120414
9788415120827
9788415120865
9788415120872
9788415120889
9788415120940
9788415120971
9788415123255
9788415123286
9788415123323
9788415123347
9788415123378
9788415123606
9788415123682
9788415123729
9788415123736
9788415123743
9788415123767
9788415123989
9788415130000
9788415130048
9788415130055
9788415130079
9788415130086
9788415130116
9788415130147
9788415130154
9788415130161
9788415130178
9788415130185
9788415130192
9788415130208
9788415130222
9788415130239
9788415130307
9788415130314
9788415130666
9788415139058
9788415139065
9788415139072
9788415139089
9788415139096
9788415139102
9788415139119
9788415139157
9788415139164
9788415139218
9788415139225
9788415139232
9788415139249
9788415139263
9788415139270
9788415139294
9788415139300
9788415139331
9788415139348
9788415139355
9788415139362
9788415139379
9788415139386
9788415139478
9788415139492
9788415139508
9788415139515
9788415139522
9788415139539
9788415139546
9788415139553
9788415139645
9788415139652
9788415139669
9788415139676
9788415139683
9788415139690
9788415139706
9788415139713
9788415139720
9788415139737
9788415139744
9788415139751
9788415139768
9788415139775
9788415139782
9788415139799
9788415139805
9788415139812
9788415139928
9788415139935
9788415139942
9788415139959
9788415139966
9788415139973
9788415139980
9788415139997
9788415140054
9788415140092
9788415140146
9788415140597
9788415140696
9788415140863
9788415140870
9788415140948
9788415140986
9788415153023
9788415153092
9788415153221
9788415153238
9788415153337
9788415153603
9788415153610
9788415153627
9788415153634
9788415153641
9788415153658
9788415153665
9788415153856
9788415153863
9788415153870
9788415153887
9788415153894
9788415153900
9788415153955
9788415153962
9788415153979
9788415153986
9788415153993
9788415156321
9788415156352
9788415156437
9788415168003
9788415168058
9788415168065
9788415168072
9788415168089
9788415168096
9788415168102
9788415168119
9788415168126
9788415168140
9788415168164
9788415168188
9788415168201
9788415168249
9788415168256
9788415168263
9788415168270
9788415168287
9788415168317
9788415168348
9788415168362
9788415168379
9788415168386
9788415168393
9788415168409
9788415168515
9788415168522
9788415168560
9788415168584
9788415168591
9788415168607
9788415168621
9788415168645
9788415168652
9788415168676
9788415168683
9788415168713
9788415168720
9788415168737
9788415168744
9788415168751
9788415168768
9788415168775
9788415168829
9788415168836
9788415168867
9788415169000
9788415169017
9788415169024
9788415169048
9788415189794
9788415189930
9788415207603
9788415207610
9788415207627
9788415207689
9788415207887
9788415211617
9788415211679
9788415211686
9788415211945
9788415215004
9788415215035
9788415215110
9788415215134
9788415228257
9788415228400
9788415235033
9788415235071
9788415235088
9788415235095
9788415235101
9788415235156
9788415235187
9788415235194
9788415235200
9788415235217
9788415235231
9788415235255
9788415235262
9788415235279
9788415235293
9788415235309
9788415235323
9788415235330
9788415235354
9788415235385
9788415235408
9788415235415
9788415235514
9788415235521
9788415235545
9788415235569
9788415235576
9788415235583
9788415235590
9788415235620
9788415235637
9788415235644
9788415235651
9788415235675
9788415235682
9788415235699
9788415235712
9788415235729
9788415235736
9788415235743
9788415235750
9788415235767
9788415235774
9788415235781
9788415241003
9788415241010
9788415241027
9788415241034
9788415241041
9788415241058
9788415241065
9788415241089
9788415241096
9788415241102
9788415241119
9788415241140
9788415241157
9788415241171
9788415241218
9788415241225
9788415241300
9788415241317
9788415241348
9788415241652
9788415241751
9788415241782
9788415241928
9788415241942
9788415241959
9788415241966
9788415241973
9788415241980
9788415241997
9788415242031
9788415242239
9788415242314
9788415242345
9788415242369
9788415242437
9788415242512
9788415242529
9788415242628
9788415242635
9788415242642
9788415242659
9788415242666
9788415242710
9788415242857
9788415242864
9788415242871
9788415242888
9788415242901
9788415250951
9788415250975
9788415253006
9788415253020
9788415253259
9788415253266
9788415253327
9788415253358
9788415253525
9788415253624
9788415253723
9788415253945
9788415256045
9788415256069
9788415256106
9788415256151
9788415256168
9788415256212
9788415256229
9788415256274
9788415256281
9788415256304
9788415256328
9788415256335
9788415256342
9788415256397
9788415256410
9788415256434
9788415256441
9788415256465
9788415256472
9788415256502
9788415256526
9788415256540
9788415256595
9788415256601
9788415256618
9788415256625
9788415256632
9788415256656
9788415256694
9788415256700
9788415256717
9788415256724
9788415256748
9788415256755
9788415256762
9788415256779
9788415256786
9788415256793
9788415256809
9788415256816
9788415256823
9788415256830
9788415256847
9788415256854
9788415256861
9788415256878
9788415256885
9788415256892
9788415256908
9788415256915
9788415256922
9788415256939
9788415256946
9788415256953
9788415256960
9788415256977
9788415271017
9788415271161
9788415271208
9788415271598
9788415271734
9788415271796
9788415271833
9788415303121
9788415303152
9788415303206
9788415303213
9788415303220
9788415303244
9788415303251
9788415303305
9788415303329
9788415303336
9788415303343
9788415303350
9788415303367
9788415303374
9788415303404
9788415303428
9788415303435
9788415303442
9788415303466
9788415303473
9788415303503
9788415303527
9788415303534
9788415303541
9788415303558
9788415303565
9788415303589
9788415303626
9788415303633
9788415303640
9788415303657
9788415303664
9788415303701
9788415303718
9788415303725
9788415303732
9788415303749
9788415303770
9788415303800
9788415303817
9788415303824
9788415303831
9788415303886
9788415303923
9788415303930
9788415303947
9788415303978
9788415303985
9788415306078
9788415306597
9788415306665
9788415306696
9788415306726
9788415306733
9788415306764
9788415306801
9788415306825
9788415306993
9788415308454
9788415317081
9788415317098
9788415317135
9788415317159
9788415317166
9788415317173
9788415317180
9788415317234
9788415317241
9788415317258
9788415317265
9788415317326
9788415317333
9788415317647
9788415317685
9788415317814
9788415317838
9788415317845
9788415317890
9788415317906
9788415317913
9788415322009
9788415322023
9788415322030
9788415322078
9788415322092
9788415322122
9788415322139
9788415322146
9788415322153
9788415322160
9788415322221
9788415322238
9788415322245
9788415322252
9788415322269
9788415322276
9788415322283
9788415322290
9788415322306
9788415322337
9788415322344
9788415322351
9788415322375
9788415322405
9788415322450
9788415322481
9788415322498
9788415322504
9788415322511
9788415322627
9788415322634
9788415322641
9788415322658
9788415322672
9788415322689
9788415322696
9788415357025
9788415357070
9788415357124
9788415357148
9788415357162
9788415357179
9788415357186
9788415357254
9788415357278
9788415357308
9788415357339
9788415357346
9788415357353
9788415357414
9788415357452
9788415357469
9788415357483
9788415357490
9788415357537
9788415357544
9788415357582
9788415357636
9788415357650
9788415357667
9788415357674
9788415357681
9788415357698
9788415357704
9788415357735
9788415357766
9788415357803
9788415357810
9788415357834
9788415357841
9788415357865
9788415357889
9788415362456
9788415362470
9788415391005
9788415391012
9788415391029
9788415391050
9788415391074
9788415391081
9788415391135
9788415391203
9788415391241
9788415391265
9788415391272
9788415391296
9788415391302
9788415391333
9788415391340
9788415391357
9788415391364
9788415391371
9788415404385
9788415410003
9788415410010
9788415410058
9788415410065
9788415410072
9788415410089
9788415410096
9788415410102
9788415410119
9788415410126
9788415410133
9788415410140
9788415410157
9788415410164
9788415410171
9788415410188
9788415410195
9788415410256
9788415410294
9788415410317
9788415410324
9788415410348
9788415410355
9788415410362
9788415410379
9788415410423
9788415410430
9788415410447
9788415410508
9788415410515
9788415410522
9788415410546
9788415410607
9788415410720
9788415410737
9788415410799
9788415410812
9788415410829
9788415410836
9788415410843
9788415410850
9788415410867
9788415410904
9788415410911
9788415410928
9788415410935
9788415410942
9788415410973
9788415410980
9788415410997
9788415419426
9788415419440
9788415419488
9788415419525
9788415419532
9788415419549
9788415419570
9788415419587
9788415419594
9788415419617
9788415419631
9788415419778
9788415419846
9788415419853
9788415420002
9788415420019
9788415420057
9788415420071
9788415420088
9788415420095
9788415420101
9788415420118
9788415420125
9788415420149
9788415420170
9788415420200
9788415420217
9788415420279
9788415420286
9788415420293
9788415420316
9788415420323
9788415420347
9788415420354
9788415420378
9788415420385
9788415420392
9788415420408
9788415420439
9788415420460
9788415420477
9788415420484
9788415420507
9788415420521
9788415420538
9788415420576
9788415420583
9788415420590
9788415420606
9788415420620
9788415420644
9788415420668
9788415420675
9788415420682
9788415420736
9788415420767
9788415420804
9788415420811
9788415420828
9788415420835
9788415420859
9788415420897
9788415420903
9788415420910
9788415420934
9788415420941
9788415420965
9788415420972
9788415420989
9788415420996
9788415427926
9788415427933
9788415427971
9788415428664
9788415431060
9788415431220
9788415431282
9788415431497
9788415431619
9788415454212
9788415454540
9788415454557
9788415454564
9788415454625
9788415455202
9788415455264
9788415455318
9788415455332
9788415456988
9788415458005
9788415458029
9788415458036
9788415458043
9788415458050
9788415458074
9788415458081
9788415458098
9788415458111
9788415465003
9788415465010
9788415465034
9788415465058
9788415465232
9788415465386
9788415492016
9788415492023
9788415492047
9788415492061
9788415492191
9788415492399
9788415492405
9788415492429
9788415492436
9788415492443
9788415492450
9788415492467
9788415492474
9788415492566
9788415492603
9788415492610
9788415492689
9788415492771
9788415492801
9788415492818
9788415492825
9788415492955
9788415499015
9788415499039
9788415499046
9788415499060
9788415499138
9788415499152
9788415499176
9788415499190
9788415499213
9788415499220
9788415499237
9788415499244
9788415499268
9788415499282
9788415499299
9788415499305
9788415499350
9788415499374
9788415499404
9788415502661
9788415502685
9788415502784
9788415503002
9788415503040
9788415503163
9788415503200
9788415503248
9788415503590
9788415518198
9788415518228
9788415518259
9788415518310
9788415518341
9788415518372
9788415518402
9788415521020
9788415521051
9788415521112
9788415521129
9788415521150
9788415521228
9788415521235
9788415521266
9788415521297
9788415523482
9788415523505
9788415523567
9788415528111
9788415528166
9788415528500
9788415528562
9788415528609
9788415528807
9788415532002
9788415532057
9788415532071
9788415532323
9788415532354
9788415532361
9788415532507
9788415532514
9788415532521
9788415532552
9788415532583
9788415532590
9788415532705
9788415532712
9788415532729
9788415532736
9788415532743
9788415532804
9788415532811
9788415532873
9788415532903
9788415532910
9788415532958
9788415541097
9788415541226
9788415541394
9788415541493
9788415546474
9788415552420
9788415561194
9788415561286
9788415561613
9788415561637
9788415561651
9788415561699
9788415561828
9788415564041
9788415564102
9788415564164
9788415564188
9788415576655
9788415577522
9788415578048
9788415578185
9788415578215
9788415578680
9788415578895
9788415578932
9788415579038
9788415579052
9788415579069
9788415579076
9788415579106
9788415579137
9788415579151
9788415579168
9788415579175
9788415579205
9788415579212
9788415579229
9788415579236
9788415579243
9788415579250
9788415579267
9788415579304
9788415579311
9788415579328
9788415579359
9788415579366
9788415579373
9788415579380
9788415579410
9788415579434
9788415579441
9788415579458
9788415579465
9788415579472
9788415579489
9788415579496
9788415579564
9788415579571
9788415579588
9788415579595
9788415579601
9788415579618
9788415579625
9788415579779
9788415579786
9788415579793
9788415579809
9788415579823
9788415579847
9788415579854
9788415579908
9788415579915
9788415579922
9788415579939
9788415579946
9788415579953
9788415579977
9788415580614
9788415594000
9788415594062
9788415594208
9788415594567
9788415594581
9788415594598
9788415594697
9788415594956
9788415594970
9788415612018
9788415612025
9788415612049
9788415612186
9788415612742
9788415612759
9788415612780
9788415614715
9788415618003
9788415618010
9788415618034
9788415618041
9788415618058
9788415618089
9788415618096
9788415618126
9788415618140
9788415618157
9788415618188
9788415618201
9788415618218
9788415618225
9788415618232
9788415618249
9788415618256
9788415618270
9788415618294
9788415618300
9788415618317
9788415618324
9788415618331
9788415618348
9788415618355
9788415618362
9788415618379
9788415618386
9788415618393
9788415618409
9788415618416
9788415618423
9788415619185
9788415619253
9788415619260
9788415619345
9788415619444
9788415619482
9788415619499
9788415619611
9788415619659
9788415619697
9788415619734
9788415619772
9788415619819
9788415619857
9788415619895
9788415619932
9788415619970
9788415622024
9788415622031
9788415622048
9788415622116
9788415622123
9788415622130
9788415622147
9788415622161
9788415622185
9788415622192
9788415622253
9788415622291
9788415622307
9788415622314
9788415622390
9788415622444
9788415622642
9788415625056
9788415625070
9788415625087
9788415625254
9788415625285
9788415625292
9788415625513
9788415625551
9788415625612
9788415625735
9788415625759
9788415625773
9788415625780
9788415625995
9788415661443
9788415661634
9788415662037
9788415662044
9788415662273
9788415662358
9788415662365
9788415662495
9788415662587
9788415662594
9788415662600
9788415662617
9788415662631
9788415662655
9788415662662
9788415662679
9788415662709
9788415662716
9788415662723
9788415662730
9788415662747
9788415662754
9788415662761
9788415676188
9788415676201
9788415676218
9788415676225
9788415676263
9788415676270
9788415676287
9788415676294
9788415676300
9788415676317
9788415676324
9788415676331
9788415676348
9788415676355
9788415676362
9788415676379
9788415676386
9788415676591
9788415676683
9788415679080
9788415679172
9788415679196
9788415679219
9788415679424
9788415679448
9788415679509
9788415679523
9788415679530
9788415679585
9788415679592
9788415679615
9788415679639
9788415679653
9788415679677
9788415679769
9788415679790
9788415679820
9788415679837
9788415679844
9788415679851
9788415679868
9788415679875
9788415679882
9788415679899
9788415679936
9788415679981
9788415684008
9788415684015
9788415684022
9788415684039
9788415684046
9788415684053
9788415684060
9788415684077
9788415684084
9788415684091
9788415684107
9788415684121
9788415684138
9788415684152
9788415684169
9788415684176
9788415684183
9788415684190
9788415684206
9788415684213
9788415684220
9788415684237
9788415684251
9788415684275
9788415684282
9788415684299
9788415684305
9788415684770
9788415691006
9788415691013
9788415691037
9788415691044
9788415691051
9788415691068
9788415691082
9788415691136
9788415691143
9788415691150
9788415691174
9788415691181
9788415691242
9788415691266
9788415691280
9788415691303
9788415691310
9788415691396
9788415691433
9788415691457
9788415691495
9788415691501
9788415691518
9788415691532
9788415691594
9788415691624
9788415691631
9788415691648
9788415691655
9788415691679
9788415691686
9788415691723
9788415691747
9788415691778
9788415691785
9788415691792
9788415691839
9788415691846
9788415691853
9788415691877
9788415691884
9788415691891
9788415691907
9788415691914
9788415691921
9788415691938
9788415691952
9788415691969
9788415691983
9788415691990
9788415717041
9788415717133
9788415717843
9788415717911
9788415725008
9788415725060
9788415729006
9788415729013
9788415729020
9788415729051
9788415729068
9788415729143
9788415729204
9788415729259
9788415729297
9788415729365
9788415729372
9788415729389
9788415729396
9788415729402
9788415729488
9788415729495
9788415729501
9788415729518
9788415729532
9788415729563
9788415729570
9788415729587
9788415729600
9788415729655
9788415729662
9788415729679
9788415729716
9788415729723
9788415729730
9788415729747
9788415729778
9788415729785
9788415729792
9788415729815
9788415729884
9788415729891
9788415729907
9788415729969
9788415729976
9788415729983
9788415732006
9788415732020
9788415732037
9788415732044
9788415732051
9788415732068
9788415732075
9788415732099
9788415732105
9788415732112
9788415732136
9788415732143
9788415732150
9788415732167
9788415732174
9788415732181
9788415732198
9788415732204
9788415732228
9788415732235
9788415747611
9788415747673
9788415747703
9788415747734
9788415747796
9788415747826
9788415747871
9788415747901
9788415747932
9788415747970
9788415749325
9788415749950
9788415750536
9788415750628
9788415750710
9788415759140
9788415761020
9788415761044
9788415761228
9788415761235
9788415761259
9788415761297
9788415761303
9788415761310
9788415761327
9788415761372
9788415761389
9788415761426
9788415761440
9788415761457
9788415761464
9788415761471
9788415761488
9788415761495
9788415761501
9788415761518
9788415761525
9788415761532
9788415761556
9788415761563
9788415761570
9788415761594
9788415761600
9788415761617
9788415761624
9788415761631
9788415761655
9788415761686
9788415761747
9788415761785
9788415761792
9788415761822
9788415761839
9788415761846
9788415761877
9788415761884
9788415761914
9788415761921
9788415761976
9788415761983
9788415784043
9788415784081
9788415784128
9788415784166
9788415784203
9788415784241
9788415784289
9788415784326
9788415784364
9788415784401
9788415784449
9788415784487
9788415784524
9788415784562
9788415784609
9788415784647
9788415784685
9788415784722
9788415784760
9788415784807
9788415784845
9788415784883
9788415784920
9788415784968
9788415784975
9788415788720
9788415794127
9788415824268
9788415824466
9788415824503
9788415824664
9788415824688
9788415824770
9788415824794
9788415824817
9788415824916
9788415824992
9788415826064
9788415826088
9788415826415
9788415826439
9788415831204
9788415831600
9788415831631
9788415831754
9788415831914
9788415832348
9788415832362
9788415832379
9788415832386
9788415832393
9788415832416
9788415832430
9788415832454
9788415832492
9788415832522
9788415832638
9788415832645
9788415832706
9788415832850
9788415833031
9788415833048
9788415833055
9788415833079
9788415833086
9788415833116
9788415833123
9788415833130
9788415833147
9788415833161
9788415833192
9788415833222
9788415833246
9788415833307
9788415833314
9788415833321
9788415833338
9788415833345
9788415833383
9788415833390
9788415833406
9788415833413
9788415833444
9788415833451
9788415833468
9788415833475
9788415833499
9788415833505
9788415833529
9788415833536
9788415833543
9788415833581
9788415833611
9788415833628
9788415833635
9788415833642
9788415833666
9788415833680
9788415833697
9788415833710
9788415833727
9788415833734
9788415833741
9788415833765
9788415833789
9788415833833
9788415833871
9788415833895
9788415833918
9788415833932
9788415833949
9788415833956
9788415833970
9788415840633
9788415840640
9788415840756
9788415840763
9788415840770
9788415840787
9788415840794
9788415840800
9788415840817
9788415840824
9788415840848
9788415840855
9788415840862
9788415840879
9788415840886
9788415840893
9788415840978
9788415840985
9788415849193
9788415849216
9788415849759
9788415849858
9788415851141
9788415854012
9788415854029
9788415854036
9788415854098
9788415854142
9788415854159
9788415854173
9788415854197
9788415854227
9788415854234
9788415854241
9788415854258
9788415854272
9788415854289
9788415854296
9788415854319
9788415854470
9788415854487
9788415854609
9788415854685
9788415854708
9788415854722
9788415854746
9788415854760
9788415854807
9788415854821
9788415854845
9788415854869
9788415854883
9788415854920
9788415865858
9788415865889
9788415865988
9788415870005
9788415870012
9788415870081
9788415870098
9788415870142
9788415870159
9788415870166
9788415870173
9788415870203
9788415870210
9788415870234
9788415870241
9788415870258
9788415870340
9788415870357
9788415870364
9788415870371
9788415870388
9788415870395
9788415870401
9788415870418
9788415870470
9788415870494
9788415870500
9788415870524
9788415870548
9788415870555
9788415870562
9788415870579
9788415870586
9788415870593
9788415870616
9788415870647
9788415870678
9788415870685
9788415870708
9788415870715
9788415870722
9788415870739
9788415870746
9788415870753
9788415870791
9788415870807
9788415870814
9788415870821
9788415870838
9788415870845
9788415870852
9788415870869
9788415870876
9788415870883
9788415870906
9788415870913
9788415870920
9788415880363
9788415880431
9788415880745
9788415880783
9788415880851
9788415880943
9788415893004
9788415893011
9788415893028
9788415893233
9788415893240
9788415893264
9788415893288
9788415893349
9788415893356
9788415893363
9788415893394
9788415893400
9788415893417
9788415893486
9788415893509
9788415893516
9788415893707
9788415893714
9788415893721
9788415893745
9788415893868
9788415893912
9788415893929
9788415893936
9788415893943
9788415893950
9788415893967
9788415924111
9788415931003
9788415931119
9788415931126
9788415931188
9788415931232
9788415931256
9788415935001
9788415935032
9788415935049
9788415935063
9788415935094
9788415935117
9788415935131
9788415935148
9788415935155
9788415935179
9788415935186
9788415935193
9788415935216
9788415935278
9788415935285
9788415935292
9788415935322
9788415935339
9788415935384
9788415935438
9788415935445
9788415935483
9788415935506
9788415935513
9788415935520
9788415935537
9788415935544
9788415935551
9788415935575
9788415935612
9788415935636
9788415935650
9788415935667
9788415935674
9788415935698
9788415935704
9788415935728
9788415935735
9788415935742
9788415935766
9788415935780
9788415935803
9788415935834
9788415935841
9788415935865
9788415935896
9788415935902
9788415935919
9788415935933
9788415935957
9788415935971
9788415935988
9788415935995
9788415946960
9788415951018
9788415951155
9788415951162
9788415951216
9788415952060
9788415952077
9788415952084
9788415952107
9788415952114
9788415952121
9788415952268
9788415952282
9788415952510
9788415952541
9788415952558
9788415952565
9788415952572
9788415952589
9788415952596
9788415952602
9788415952626
9788415952633
9788415952640
9788415952657
9788415952671
9788415952688
9788415952695
9788415952701
9788415952718
9788415952725
9788415952763
9788415952886
9788415952893
9788415952909
9788415952916
9788415952923
9788415952930
9788415952947
9788415952954
9788415952961
9788415952992
9788415955009
9788415955016
9788415955030
9788415955047
9788415955054
9788415956297
9788415956969
9788415962236
9788415965244
9788415967040
9788415967057
9788415967064
9788415967071
9788415967095
9788415967156
9788415967187
9788415967231
9788415967255
9788415967262
9788415967279
9788415967286
9788415967309
9788415967316
9788415967347
9788415967439
9788415967446
9788415967460
9788415967477
9788415967675
9788415967682
9788415967705
9788415967712
9788415967729
9788415967743
9788415967750
9788415967767
9788415967774
9788415967798
9788415967811
9788415967828
9788415967910
9788415967965
9788415968009
9788415968016
9788415968023
9788415968030
9788415968047
9788415968054
9788415968061
9788415968078
9788415968085
9788415968092
9788415968122
9788415968139
9788415968146
9788415968153
9788415968160
9788415968177
9788415968191
9788415968207
9788415968214
9788415968221
9788415968238
9788415968245
9788415968252
9788415968276
9788415968283
9788415968290
9788415968320
9788415968337
9788415968344
9788415968351
9788415968368
9788415968375
9788415968399
9788415968412
9788415968429
9788415968436
9788415968443
9788415968450
9788415968467
9788415968481
9788415968498
9788415968504
9788415968511
9788415968528
9788415968535
9788415968542
9788415968559
9788415968597
9788415968603
9788415968610
9788415968627
9788415968634
9788415968658
9788415968665
9788415968672
9788415968689
9788415968719
9788415968726
9788415968733
9788415968764
9788415968771
9788415968788
9788415968801
9788415968825
9788415968832
9788415968849
9788415968870
9788415968924
9788415968931
9788415968948
9788415968962
9788415968986
9788415968993
9788415979005
9788415979128
9788415979142
9788415979166
9788415979340
9788415979623
9788415979791
9788415979944
9788415981046
9788415981121
9788415981206
9788415981329
9788415981381
9788415981404
9788415981411
9788415981428
9788415988076
9788415988106
9788415988212
9788415988243
9788415988281
9788415988359
9788415988366
9788415988403
9788415988410
9788415988441
9788415988489
9788415988502
9788415988519
9788415988526
9788415988571
9788415988618
9788415988649
9788415988700
9788415988731
9788415988762
9788415988809
9788415988823
9788415988861
9788415988892
9788415988922
9788415988946
9788415988960
9788415988984
9788415989479
9788415989509
9788415996002
9788415996019
9788415996026
9788415996033
9788415996040
9788415996057
9788415996064
9788415996071
9788415996088
9788415996187
9788415996194
9788415996200
9788415996217
9788415996224
9788415996286
9788415996309
9788415996316
9788415996323
9788415996347
9788415996392
9788415996415
9788415996422
9788415996446
9788415996453
9788415996477
9788415996491
9788415996552
9788415996569
9788415996576
9788415996613
9788415996620
9788415996668
9788415996705
9788415996729
9788415996736
9788415996774
9788415996781
9788415996798
9788415996804
9788415996842
9788415996859
9788415996866
9788415996873
9788415996880
9788415996897
9788415996903
9788415996910
9788415996927
9788416003099
9788416003105
9788416003143
9788416003204
9788416003259
9788416003273
9788416003280
9788416003303
9788416003334
9788416003358
9788416003464
9788416003563
9788416003587
9788416003600
9788416003648
9788416004072
9788416004089
9788416004096
9788416004102
9788416004119
9788416004126
9788416004133
9788416004140
9788416004157
9788416004164
9788416004171
9788416004188
9788416004195
9788416004201
9788416004294
9788416004300
9788416004324
9788416004584
9788416004591
9788416004607
9788416004614
9788416004621
9788416004652
9788416004669
9788416004676
9788416004683
9788416004690
9788416004706
9788416004720
9788416004737
9788416004744
9788416004751
9788416004768
9788416004775
9788416004782
9788416004799
9788416004805
9788416004812
9788416004829
9788416004836
9788416004843
9788416004850
9788416004867
9788416004881
9788416004898
9788416004911
9788416004928
9788416004935
9788416004942
9788416004959
9788416004966
9788416007011
9788416007042
9788416007066
9788416007073
9788416007097
9788416007141
9788416007158
9788416007189
9788416007196
9788416007202
9788416007219
9788416007233
9788416007240
9788416007257
9788416007264
9788416007271
9788416007288
9788416007332
9788416007349
9788416007363
9788416007394
9788416007417
9788416007424
9788416007431
9788416007547
9788416007554
9788416007578
9788416007585
9788416007592
9788416007615
9788416007639
9788416007646
9788416007653
9788416007660
9788416007677
9788416007684
9788416007691
9788416007707
9788416007714
9788416007721
9788416007745
9788416007752
9788416007769
9788416007776
9788416007783
9788416007790
9788416007806
9788416007813
9788416007820
9788416007851
9788416007868
9788416007875
9788416007882
9788416007929
9788416007936
9788416007998
9788416012008
9788416012022
9788416012053
9788416012060
9788416012091
9788416012107
9788416012114
9788416012121
9788416012138
9788416012145
9788416012183
9788416012190
9788416012206
9788416012220
9788416012237
9788416012244
9788416012251
9788416012282
9788416012305
9788416012336
9788416012343
9788416012367
9788416012398
9788416012411
9788416012428
9788416012435
9788416012459
9788416012466
9788416012473
9788416012503
9788416012510
9788416012527
9788416012534
9788416012558
9788416012565
9788416012572
9788416012602
9788416012619
9788416012633
9788416012640
9788416012688
9788416012695
9788416012701
9788416012718
9788416012787
9788416029068
9788416029426
9788416029488
9788416029549
9788416029686
9788416029808
9788416030132
9788416030156
9788416030163
9788416030170
9788416030293
9788416030309
9788416032341
9788416032419
9788416032501
9788416032662
9788416032686
9788416032730
9788416048397
9788416068005
9788416068012
9788416068036
9788416068043
9788416068067
9788416068074
9788416068098
9788416068104
9788416068111
9788416068128
9788416068159
9788416068166
9788416068180
9788416068258
9788416068272
9788416068289
9788416068319
9788416068340
9788416068357
9788416068364
9788416068371
9788416068395
9788416068425
9788416068432
9788416068456
9788416068470
9788416068487
9788416068500
9788416068517
9788416068524
9788416068531
9788416068548
9788416068579
9788416068609
9788416068616
9788416068654
9788416068715
9788416068739
9788416068746
9788416068760
9788416068777
9788416068784
9788416068807
9788416068845
9788416068852
9788416068869
9788416068876
9788416068883
9788416068890
9788416068913
9788416068920
9788416068937
9788416068944
9788416068999
9788416073436
9788416073450
9788416073467
9788416073498
9788416073504
9788416073559
9788416073634
9788416073641
9788416073689
9788416073702
9788416073795
9788416073818
9788416073825
9788416073832
9788416073863
9788416073887
9788416073900
9788416073924
9788416073962
9788416073979
9788416073986
9788416073993
9788416075041
9788416075058
9788416075065
9788416075072
9788416075089
9788416075102
9788416075140
9788416075164
9788416075195
9788416075218
9788416075225
9788416075256
9788416075263
9788416075287
9788416075294
9788416075317
9788416075348
9788416075379
9788416075386
9788416075393
9788416075423
9788416075454
9788416075461
9788416075478
9788416075553
9788416075560
9788416075577
9788416075584
9788416075607
9788416075614
9788416075621
9788416075638
9788416075690
9788416075706
9788416075713
9788416075737
9788416075744
9788416075782
9788416075799
9788416075805
9788416075812
9788416075836
9788416075843
9788416075867
9788416075874
9788416075898
9788416075904
9788416075911
9788416075928
9788416075935
9788416075942
9788416075966
9788416075980
9788416076000
9788416076017
9788416076024
9788416076031
9788416076048
9788416076055
9788416076079
9788416076093
9788416076116
9788416078042
9788416078080
9788416078127
9788416078165
9788416078202
9788416078240
9788416078288
9788416078325
9788416078363
9788416078400
9788416078622
9788416078783
9788416078820
9788416078868
9788416078936
9788416078950
9788416087051
9788416087075
9788416087112
9788416087136
9788416087174
9788416087181
9788416087228
9788416087235
9788416087273
9788416087303
9788416087327
9788416087334
9788416087365
9788416087396
9788416087402
9788416096497
9788416096862
9788416112289
9788416117000
9788416117017
9788416117048
9788416117055
9788416117062
9788416117079
9788416117086
9788416117109
9788416117116
9788416117130
9788416117147
9788416117154
9788416117185
9788416117208
9788416117215
9788416117222
9788416117239
9788416117246
9788416117253
9788416117260
9788416117277
9788416117284
9788416117314
9788416117376
9788416117383
9788416117406
9788416117413
9788416117420
9788416117437
9788416117444
9788416117468
9788416117475
9788416117482
9788416117499
9788416117505
9788416117512
9788416117536
9788416117550
9788416117567
9788416117574
9788416117598
9788416117604
9788416117611
9788416117628
9788416117635
9788416117642
9788416117659
9788416117666
9788416117673
9788416117680
9788416117697
9788416117703
9788416117727
9788416117741
9788416117772
9788416117789
9788416117796
9788416117802
9788416117833
9788416117840
9788416117888
9788416117895
9788416117901
9788416117918
9788416117925
9788416117932
9788416117956
9788416117963
9788416117970
9788416117987
9788416117994
9788416118199
9788416118267
9788416118274
9788416118502
9788416118540
9788416118588
9788416118601
9788416118649
9788416118717
9788416118724
9788416118892
9788416126019
9788416126057
9788416126064
9788416126101
9788416126132
9788416126149
9788416126156
9788416126224
9788416126330
9788416131020
9788416131037
9788416131044
9788416131051
9788416131068
9788416131099
9788416131105
9788416131112
9788416131136
9788416131143
9788416131150
9788416131167
9788416131174
9788416131198
9788416131259
9788416131273
9788416135813
9788416138074
9788416138081
9788416138104
9788416138128
9788416138135
9788416138180
9788416138258
9788416138302
9788416138319
9788416138326
9788416138357
9788416138371
9788416142347
9788416142385
9788416142392
9788416142408
9788416142521
9788416142668
9788416142682
9788416142705
9788416142712
9788416142927
9788416147007
9788416147052
9788416147106
9788416147151
9788416147199
9788416147205
9788416147250
9788416147304
9788416147359
9788416147403
9788416147441
9788416147458
9788416147502
9788416147557
9788416147601
9788416147663
9788416147700
9788416147748
9788416147786
9788416147823
9788416147861
9788416147908
9788416147946
9788416147984
9788416153855
9788416153862
9788416153909
9788416153916
9788416157006
9788416157020
9788416157037
9788416157044
9788416157051
9788416157068
9788416157075
9788416157082
9788416157112
9788416157136
9788416157150
9788416157167
9788416157204
9788416157211
9788416157235
9788416157259
9788416157280
9788416157327
9788416157334
9788416157341
9788416157365
9788416157372
9788416157389
9788416157402
9788416157419
9788416157464
9788416157471
9788416157488
9788416157495
9788416157501
9788416157518
9788416157532
9788416157549
9788416157556
9788416157570
9788416157587
9788416157600
9788416157617
9788416157648
9788416157655
9788416157662
9788416157693
9788416157716
9788416157730
9788416157761
9788416157785
9788416157792
9788416157815
9788416157846
9788416157877
9788416157884
9788416157891
9788416157907
9788416157914
9788416157921
9788416157938
9788416157969
9788416157990
9788416162000
9788416162024
9788416162048
9788416162062
9788416162079
9788416162109
9788416162147
9788416162154
9788416162161
9788416162178
9788416162192
9788416162208
9788416162222
9788416162239
9788416162246
9788416162277
9788416162307
9788416162352
9788416162376
9788416162406
9788416162420
9788416162444
9788416162451
9788416162468
9788416162475
9788416162482
9788416162499
9788416162529
9788416162574
9788416162611
9788416162642
9788416162666
9788416162673
9788416162680
9788416162710
9788416162734
9788416162741
9788416162772
9788416162802
9788416162819
9788416162864
9788416179008
9788416179015
9788416179039
9788416179060
9788416179077
9788416179084
9788416179091
9788416179138
9788416179145
9788416179152
9788416179169
9788416179176
9788416179190
9788416192045
9788416192052
9788416192083
9788416192090
9788416192106
9788416192137
9788416192144
9788416192168
9788416192175
9788416192182
9788416192199
9788416192212
9788416192229
9788416192236
9788416192243
9788416192250
9788416192267
9788416192274
9788416192281
9788416192304
9788416192311
9788416192328
9788416192342
9788416192359
9788416192373
9788416192380
9788416192397
9788416192403
9788416192410
9788416192427
9788416192434
9788416192441
9788416192458
9788416192465
9788416192472
9788416192489
9788416192496
9788416192502
9788416192533
9788416192540
9788416192557
9788416192564
9788416192571
9788416192588
9788416192595
9788416192618
9788416192625
9788416192632
9788416192649
9788416192656
9788416192670
9788416192700
9788416192786
9788416192823
9788416192830
9788416192847
9788416192854
9788416192861
9788416192892
9788416192908
9788416192939
9788416192960
9788416192977
9788416193004
9788416193011
9788416193066
9788416193073
9788416193110
9788416193172
9788416193219
9788416193936
9788416195077
9788416195183
9788416195305
9788416195596
9788416195701
9788416197699
9788416197798
9788416197811
9788416198375
9788416213016
9788416213030
9788416213047
9788416213207
9788416213238
9788416213245
9788416213252
9788416213269
9788416213368
9788416213481
9788416213498
9788416213504
9788416213528
9788416213535
9788416213542
9788416213627
9788416213634
9788416213641
9788416213658
9788416213665
9788416213672
9788416213689
9788416213696
9788416213702
9788416213726
9788416220120
9788416220434
9788416220670
9788416220694
9788416220700
9788416220809
9788416226009
9788416226016
9788416226078
9788416226085
9788416226146
9788416226368
9788416226504
9788416226597
9788416226733
9788416232000
9788416232017
9788416232024
9788416232031
9788416232048
9788416232062
9788416232079
9788416232086
9788416232093
9788416232109
9788416232123
9788416232130
9788416232147
9788416232154
9788416232161
9788416232178
9788416232185
9788416232192
9788416232215
9788416232260
9788416232277
9788416232284
9788416232291
9788416232314
9788416232369
9788416232437
9788416232482
9788416232536
9788416232550
9788416232581
9788416232598
9788416232604
9788416232611
9788416232642
9788416232659
9788416232673
9788416232734
9788416232741
9788416232758
9788416232826
9788416232833
9788416232840
9788416232857
9788416232864
9788416232871
9788416232888
9788416232901
9788416232949
9788416232963
9788416232970
9788416232987
9788416233007
9788416233014
9788416233021
9788416233038
9788416233045
9788416233052
9788416233069
9788416233083
9788416233113
9788416233120
9788416233137
9788416233144
9788416233151
9788416233168
9788416233175
9788416233182
9788416233199
9788416233205
9788416233212
9788416233229
9788416233236
9788416233243
9788416233328
9788416233335
9788416233342
9788416233359
9788416233366
9788416233373
9788416233380
9788416233397
9788416233427
9788416233496
9788416233526
9788416233533
9788416233564
9788416233571
9788416233588
9788416233595
9788416233601
9788416233670
9788416233687
9788416233694
9788416233717
9788416233724
9788416233731
9788416233762
9788416233779
9788416233786
9788416233816
9788416233823
9788416233847
9788416233878
9788416233908
9788416233922
9788416233939
9788416233946
9788416233960
9788416233977
9788416233984
9788416233991
9788416237005
9788416237012
9788416237029
9788416237036
9788416237043
9788416237050
9788416237074
9788416237081
9788416237098
9788416237104
9788416237111
9788416237128
9788416237135
9788416237173
9788416239641
9788416239658
9788416239863
9788416239870
9788416239894
9788416239900
9788416239917
9788416239924
9788416239931
9788416239948
9788416239955
9788416239962
9788416240036
9788416240128
9788416240142
9788416240159
9788416240203
9788416240210
9788416240227
9788416240241
9788416240296
9788416240340
9788416240371
9788416240388
9788416240395
9788416240432
9788416240470
9788416240500
9788416240562
9788416240579
9788416240609
9788416240616
9788416240623
9788416240630
9788416240654
9788416240685
9788416240692
9788416240708
9788416240777
9788416248001
9788416248018
9788416248025
9788416248063
9788416248070
9788416248087
9788416248094
9788416248100
9788416248117
9788416248124
9788416248131
9788416248155
9788416248162
9788416248186
9788416248209
9788416248230
9788416248247
9788416248278
9788416248285
9788416248315
9788416248322
9788416248339
9788416248346
9788416248353
9788416248360
9788416248421
9788416248452
9788416248469
9788416248520
9788416248537
9788416248544
9788416248551
9788416248568
9788416248605
9788416248612
9788416248629
9788416248636
9788416248643
9788416248674
9788416248728
9788416248742
9788416256327
9788416256426
9788416256549
9788416256655
9788416256846
9788416266005
9788416266012
9788416266029
9788416266081
9788416266098
9788416266135
9788416266142
9788416266159
9788416266173
9788416266296
9788416266319
9788416266326
9788416266333
9788416266395
9788416266401
9788416274017
9788416274024
9788416274031
9788416274048
9788416274079
9788416274086
9788416274093
9788416274109
9788416274123
9788416274130
9788416274147
9788416274154
9788416274185
9788416274208
9788416274222
9788416274277
9788416274307
9788416274314
9788416274321
9788416274338
9788416274376
9788416274406
9788416274437
9788416274444
9788416274468
9788416274475
9788416274482
9788416274529
9788416274550
9788416274574
9788416274581
9788416274598
9788416274604
9788416274611
9788416274628
9788416274642
9788416274659
9788416274666
9788416274710
9788416274734
9788416274741
9788416274772
9788416274802
9788416274833
9788416274857
9788416274864
9788416274895
9788416274918
9788416274932
9788416274949
9788416274956
9788416274963
9788416274994
9788416276219
9788416282029
9788416282036
9788416282043
9788416282050
9788416282067
9788416282074
9788416282081
9788416282098
9788416282104
9788416282111
9788416282142
9788416282159
9788416282166
9788416282173
9788416282197
9788416282203
9788416282227
9788416282241
9788416282258
9788416282289
9788416282296
9788416282302
9788416282319
9788416282326
9788416282333
9788416282340
9788416282364
9788416282388
9788416282418
9788416282456
9788416282463
9788416282517
9788416282524
9788416282531
9788416282562
9788416282579
9788416282586
9788416282609
9788416282616
9788416282630
9788416282647
9788416282685
9788416282715
9788416282722
9788416282746
9788416282753
9788416282814
9788416282999
9788416291007
9788416291045
9788416291052
9788416291076
9788416291083
9788416291090
9788416291120
9788416291137
9788416291144
9788416291168
9788416291199
9788416291212
9788416291229
9788416291250
9788416291267
9788416295005
9788416295029
9788416295036
9788416295043
9788416295050
9788416295067
9788416295074
9788416306077
9788416306084
9788416306091
9788416306404
9788416306411
9788416306428
9788416306435
9788416306459
9788416306466
9788416306480
9788416306558
9788416306787
9788416306817
9788416306831
9788416306862
9788416306879
9788416306886
9788416306893
9788416306916
9788416327010
9788416327027
9788416327034
9788416327041
9788416327058
9788416327065
9788416327072
9788416327089
9788416327096
9788416327102
9788416327119
9788416327126
9788416327133
9788416327140
9788416327157
9788416327164
9788416327171
9788416327188
9788416327195
9788416327201
9788416327218
9788416327225
9788416327232
9788416327249
9788416327256
9788416327263
9788416339006
9788416339037
9788416339051
9788416339075
9788416339099
9788416339112
9788416339136
9788416339150
9788416339198
9788416339235
9788416339259
9788416339273
9788416339297
9788416339310
9788416339334
9788416339372
9788416339396
9788416339419
9788416339433
9788416339457
9788416339471
9788416339495
9788416339518
9788416339532
9788416339556
9788416339594
9788416339631
9788416339655
9788416339679
9788416339693
9788416339723
9788416339730
9788416339761
9788416339778
9788416339792
9788416339815
9788416339839
9788416339853
9788416339877
9788416339891
9788416339914
9788416339938
9788416339969
9788416339976
9788416339990
9788416341108
9788416341184
9788416341498
9788416341597
9788416341665
9788416341764
9788416341818
9788416344000
9788416344017
9788416353224
9788416353460
9788416353477
9788416353484
9788416353507
9788416353613
9788416353620
9788416353637
9788416353644
9788416353682
9788416353699
9788416353705
9788416353712
9788416353729
9788416353736
9788416353767
9788416353774
9788416353798
9788416353804
9788416353811
9788416353828
9788416353835
9788416353842
9788416353859
9788416353866
9788416353873
9788416353880
9788416353897
9788416353910
9788416353927
9788416354283
9788416354726
9788416354733
9788416354757
9788416354870
9788416354894
9788416354900
9788416354931
9788416359004
9788416359011
9788416359066
9788416359073
9788416359103
9788416359134
9788416359158
9788416359196
9788416359202
9788416359226
9788416359233
9788416359271
9788416359295
9788416359301
9788416359318
9788416359370
9788416359387
9788416359400
9788416359448
9788416359530
9788416359561
9788416359646
9788416359745
9788416359776
9788416363131
9788416363148
9788416363155
9788416363162
9788416363179
9788416363193
9788416363209
9788416363216
9788416363223
9788416363230
9788416363261
9788416363278
9788416363285
9788416363506
9788416363513
9788416363520
9788416363544
9788416363575
9788416363582
9788416363612
9788416363629
9788416363636
9788416363643
9788416363650
9788416363674
9788416363803
9788416363810
9788416363827
9788416363841
9788416363858
9788416363872
9788416363889
9788416363902
9788416363971
9788416384211
9788416393329
9788416403479
9788416403578
9788416403585
9788416403592
9788416405008
9788416405084
9788416405145
9788416405381
9788416420049
9788416420056
9788416420063
9788416420117
9788416420124
9788416420131
9788416420155
9788416420162
9788416420186
9788416420209
9788416420216
9788416420247
9788416420254
9788416420278
9788416420285
9788416420315
9788416420384
9788416420421
9788416420438
9788416420452
9788416420469
9788416420476
9788416420490
9788416420520
9788416420537
9788416420605
9788416420612
9788416420629
9788416420636
9788416420643
9788416420667
9788416420711
9788416420728
9788416420735
9788416420742
9788416420766
9788416420810
9788416420872
9788416429189
9788416429370
9788416429424
9788416429486
9788416429530
9788416429554
9788416429561
9788416429585
9788416429707
9788416429752
9788416439416
9788416439621
9788416449002
9788416449026
9788416449149
9788416449187
9788416449200
9788416449224
9788416449255
9788416449262
9788416449279
9788416449286
9788416449439
9788416449521
9788416449545
9788416449569
9788416449781
9788416449866
9788416498017
9788416498024
9788416498031
9788416498048
9788416498062
9788416498093
9788416498123
9788416498147
9788416498161
9788416498185
9788416498208
9788416498215
9788416498222
9788416498239
9788416498246
9788416498253
9788416498260
9788416498277
9788416498291
9788416498307
9788416498314
9788416498338
9788416498345
9788416498369
9788416498840
9788416498857
9788416502417
9788416502431
9788416504084
9788416504091
9788416504107
9788416504114
9788416504121
9788416504138
9788416504145
9788416504152
9788416504169
9788416504176
9788416504183
9788416504190
9788416504442
9788416504459
9788416504480
9788416504497
9788416504503
9788416504510
9788416504527
9788416504534
9788416504541
9788416504558
9788416504565
9788416504589
9788416504596
9788416504619
9788416504626
9788416504633
9788416504640
9788416504657
9788416504664
9788416504916
9788416504923
9788416513833
9788416527526
9788416527649
9788416527687
9788416527694
9788416542291
9788416544134
9788416549078
9788416549092
9788416549238
9788416550012
9788416550050
9788416550074
9788416550098
9788416550111
9788416550135
9788416550234
9788416550241
9788416550272
9788416550319
9788416550326
9788416550388
9788416550449
9788416550494
9788416550548
9788416555000
9788416555017
9788416555024
9788416555031
9788416566020
9788416566044
9788416566068
9788416566075
9788416566099
9788416566105
9788416566112
9788416566136
9788416566143
9788416566150
9788416566167
9788416566174
9788416566204
9788416566228
9788416566235
9788416566327
9788416566839
9788416566846
9788416566891
9788416566938
9788416566952
9788416566983
9788416579006
9788416579013
9788416579020
9788416579037
9788416579044
9788416579051
9788416579068
9788416579075
9788416579082
9788416579099
9788416579105
9788416579112
9788416579129
9788416579136
9788416579143
9788416579150
9788416579167
9788416579174
9788416579181
9788416579198
9788416579204
9788416579211
9788416579228
9788416579235
9788416579242
9788416579266
9788416579273
9788416579280
9788416579297
9788416579303
9788416579310
9788416579327
9788416579334
9788416579341
9788416579358
9788416579389
9788416579396
9788416579440
9788416579464
9788416579471
9788416579501
9788416579525
9788416579549
9788416579556
9788416579563
9788416579570
9788416579587
9788416579600
9788416579631
9788416579648
9788416579655
9788416579662
9788416579686
9788416579693
9788416579716
9788416579747
9788416579754
9788416579761
9788416579778
9788416579792
9788416579815
9788416579839
9788416579921
9788416579938
9788416588008
9788416588114
9788416607655
9788416607907
9788416620036
9788416620197
9788416620340
9788416620531
9788416622009
9788416622023
9788416622030
9788416624065
9788416624096
9788416637041
9788416637065
9788416637096
9788416637102
9788416637140
9788416637164
9788416637188
9788416637195
9788416637232
9788416637287
9788416637294
9788416648009
9788416648016
9788416648023
9788416648047
9788416648061
9788416648085
9788416648184
9788416648245
9788416648276
9788416648290
9788416648306
9788416648313
9788416648320
9788416648337
9788416648351
9788416648368
9788416648405
9788416648412
9788416648429
9788416648436
9788416648443
9788416648450
9788416648467
9788416648474
9788416648498
9788416648511
9788416648528
9788416648535
9788416648559
9788416648580
9788416648597
9788416648603
9788416648610
9788416648627
9788416648641
9788416648665
9788416648689
9788416648702
9788416648726
9788416648740
9788416648757
9788416648771
9788416648801
9788416648818
9788416648832
9788416648856
9788416648863
9788416648887
9788416654000
9788416654468
9788416654482
9788416654499
9788416654505
9788416654512
9788416654567
9788416654628
9788416654697
9788416654703
9788416654710
9788416654987
9788416654994
9788416659555
9788416665013
9788416665020
9788416665037
9788416665044
9788416665112
9788416665150
9788416665266
9788416665297
9788416665327
9788416665334
9788416673018
9788416688029
9788416688043
9788416688067
9788416690237
9788416692019
9788416692040
9788416692071
9788416692101
9788416692125
9788416692132
9788416692149
9788416692156
9788416700202
9788416700479
9788416700486
9788416700493
9788416700509
9788416700523
9788416700530
9788416700547
9788416700554
9788416706563
9788416709137
9788416709205
9788416712007
9788416712038
9788416712083
9788416712090
9788416712106
9788416712120
9788416712137
9788416712144
9788416712168
9788416712236
9788416712243
9788416712250
9788416712311
9788416712380
9788416712397
9788416714315
9788416714339
9788416714438
9788416717385
9788416725045
9788416733033
9788416733071
9788416733118
9788416733156
9788416733194
9788416733231
9788416773015
9788416773022
9788416773039
9788416773046
9788416773053
9788416773060
9788416773084
9788416773091
9788416773107
9788416773114
9788416773206
9788416773213
9788416773251
9788416781003
9788416781171
9788416781188
9788416781195
9788416781201
9788416781218
9788416781232
9788416781256
9788416781461
9788416781492
9788416781508
9788416781539
9788416781607
9788416781614
9788416781621
9788416781638
9788416781645
9788416781652
9788416781669
9788416781676
9788416823178
9788416823338
9788416824014
9788416824182
9788416845354
9788416845361
9788416845392
9788416851003
9788416851010
9788416851027
9788416851065
9788416851126
9788416851133
9788416851164
9788416851171
9788416867219
9788416972005
9788416972012
9788416972029
9788416972036
9788416972043
9788416972050
9788416972067
9788416972074
9788420400174
9788420400181
9788420403212
9788420405339
9788420406022
9788420406299
9788420406336
9788420407135
9788420409115
9788420409863
9788420410609
9788420410784
9788420410913
9788420412139
9788420412146
9788420412238
9788420412337
9788420413167
9788420413600
9788420413631
9788420413655
9788420414140
9788420415284
9788420415444
9788420415543
9788420415987
9788420416304
9788420416366
9788420417059
9788420417349
9788420417530
9788420417721
9788420417738
9788420417875
9788420417967
9788420417974
9788420418674
9788420418896
9788420419046
9788420419053
9788420419077
9788420419091
9788420419381
9788420419428
9788420419435
9788420419466
9788420419473
9788420419596
9788420419633
9788420419657
9788420419671
9788420420585
9788420420677
9788420420684
9788420423425
9788420423616
9788420423876
9788420423944
9788420423951
9788420424149
9788420425429
9788420426198
9788420430522
9788420442402
9788420444918
9788420444949
9788420448992
9788420449036
9788420451398
9788420457253
9788420458274
9788420465012
9788420466989
9788420468037
9788420471983
9788420475035
9788420475080
9788420482163
9788420483337
9788420483382
9788420483559
9788420483597
9788420483948
9788420484266
9788420484334
9788420484440
9788420484464
9788420484600
9788420484662
9788420487977
9788420488004
9788420488035
9788420488080
9788420488165
9788420540894
9788420542249
9788420543567
9788420603759
9788420633237
9788420633251
9788420633268
9788420633466
9788420633763
9788420633848
9788420633862
9788420634036
9788420634135
9788420634180
9788420634357
9788420634500
9788420634869
9788420635958
9788420636894
9788420637310
9788420637501
9788420637624
9788420637945
9788420638027
9788420638034
9788420638171
9788420639307
9788420642697
9788420645209
9788420647982
9788420648088
9788420659664
9788420659688
9788420659695
9788420659794
9788420659817
9788420659831
9788420659848
9788420659930
9788420660011
9788420660097
9788420660158
9788420660998
9788420670997
9788420672793
9788420681641
9788420687698
9788420691121
9788420694320
9788420700199
9788420712819
9788420712895
9788420725925
9788420727516
9788420727851
9788420727868
9788420727882
9788420729077
9788420731032
9788420731087
9788420744032
9788420744117
9788420744773
9788420775562
9788420777634
9788420777689
9788420782980
9788420784588
9788420789644
9788420790459
9788420792316
9788420792361
9788420792637
9788421609750
9788421613818
9788421634325
9788421652473
9788421652527
9788421678664
9788421682920
9788421685174
9788421687574
9788421687604
9788421687611
9788421687666
9788421687727
9788421687734
9788421687741
9788421688144
9788421688700
9788421689219
9788421689653
9788421690178
9788421695791
9788421698709
9788421699577
9788421699768
9788421699775
9788421699805
9788421699812
9788421699829
9788421699836
9788421699867
9788421699911
9788421699935
9788421699959
9788421836521
9788421837740
9788421843086
9788421843093
9788421843352
9788421843741
9788421847480
9788421847923
9788421847954
9788421847978
9788421848104
9788421853580
9788421854471
9788423323357
9788423331123
9788423332328
9788423332991
9788423335701
9788423336616
9788423647224
9788423647385
9788423649174
9788423650408
9788423668076
9788423671243
9788423673810
9788423675524
9788423677597
9788423678792
9788423687251
9788423687268
9788423688777
9788423689866
9788423690848
9788423691074
9788423696093
9788423696321
9788423696383
9788423698394
9788423698455
9788423699360
9788423699377
9788423699629
9788423699926
9788424106485
9788424110260
9788424113148
9788424116378
9788424116460
9788424116934
9788424118327
9788424118792
9788424127664
9788424131838
9788424133559
9788424137298
9788424154004
9788424154448
9788424156985
9788424157524
9788424177980
9788424178505
9788424178536
9788424178802
9788424178826
9788424178901
9788424178949
9788424178970
9788424179014
9788424179212
9788424179229
9788424179403
9788424179441
9788424179465
9788424180560
9788424180577
9788424183646
9788424183660
9788424183684
9788424184124
9788424185589
9788424186593
9788424187095
9788424187132
9788424187842
9788424187859
9788424187866
9788424187873
9788424187880
9788424187897
9788424187927
9788424187934
9788424187941
9788424187958
9788424187972
9788424187989
9788424187996
9788424606930
9788424619213
9788424621902
9788424624965
9788424625320
9788424625368
9788424627621
9788424629427
9788424629441
9788424632731
9788424635565
9788424635589
9788424635930
9788424635954
9788424635978
9788424635992
9788424636166
9788424636456
9788424636906
9788424637248
9788424637262
9788424637408
9788424637538
9788424637774
9788424639044
9788424641542
9788424641702
9788424641795
9788424641818
9788424644307
9788424644468
9788424645557
9788424645571
9788424645595
9788424647377
9788424649609
9788424650766
9788424650971
9788424650995
9788424651251
9788424651459
9788424651732
9788424652326
9788424652357
9788424652364
9788424653644
9788424653668
9788424653705
9788424654306
9788424654313
9788424654320
9788424654337
9788424656867
9788424657857
9788424659158
9788424686055
9788424686093
9788424928186
9788424935757
9788424935849
9788424935870
9788424936389
9788425346309
9788425347641
9788425349072
9788425350160
9788425350641
9788425350863
9788425351532
9788425351662
9788425351686
9788425351730
9788425351761
9788425351938
9788425351945
9788425352218
9788425352355
9788425352898
9788425353055
9788425353079
9788425353178
9788425353239
9788425353246
9788425353253
9788425353307
9788425353338
9788425353352
9788425353437
9788425353444
9788425353468
9788425353857
9788425353864
9788425353871
9788425353888
9788425353949
9788425353970
9788425354045
9788425354281
9788425354342
9788425354441
9788425354847
9788426102751
9788426102768
9788426103819
9788426103826
9788426103833
9788426105134
9788426107770
9788426108654
9788426108814
9788426109644
9788426109651
9788426110077
9788426110367
9788426126948
9788426127570
9788426127594
9788426127952
9788426129512
9788426130310
9788426130419
9788426130648
9788426130952
9788426130983
9788426131119
9788426131256
9788426131317
9788426131539
9788426131577
9788426131591
9788426131621
9788426131669
9788426131737
9788426131881
9788426131928
9788426132017
9788426132079
9788426132239
9788426132284
9788426132307
9788426132352
9788426132376
9788426132413
9788426132437
9788426132536
9788426132550
9788426132574
9788426132680
9788426132703
9788426132734
9788426132871
9788426132918
9788426132956
9788426132970
9788426132994
9788426133038
9788426133144
9788426133229
9788426133243
9788426133267
9788426133304
9788426133359
9788426133373
9788426133410
9788426133434
9788426133540
9788426133809
9788426133823
9788426133915
9788426133977
9788426134035
9788426134073
9788426134110
9788426134363
9788426134561
9788426134608
9788426134646
9788426134738
9788426134790
9788426134844
9788426134868
9788426134912
9788426134936
9788426134974
9788426134998
9788426135018
9788426135131
9788426135148
9788426135162
9788426135209
9788426135278
9788426135315
9788426135339
9788426135414
9788426135438
9788426135506
9788426135575
9788426135599
9788426135643
9788426135681
9788426135711
9788426135827
9788426136015
9788426136152
9788426136176
9788426136190
9788426136213
9788426136237
9788426136381
9788426136435
9788426136473
9788426136497
9788426136510
9788426136534
9788426136558
9788426136572
9788426136787
9788426136879
9788426137036
9788426137050
9788426137135
9788426137258
9788426137272
9788426137296
9788426137326
9788426137371
9788426137456
9788426137470
9788426137555
9788426137616
9788426137630
9788426137715
9788426137739
9788426137791
9788426137814
9788426137852
9788426137920
9788426137999
9788426138057
9788426138064
9788426138088
9788426138149
9788426138163
9788426138217
9788426138248
9788426138286
9788426138309
9788426138347
9788426138385
9788426138408
9788426138422
9788426138446
9788426138484
9788426138514
9788426138538
9788426138569
9788426138606
9788426138644
9788426138668
9788426138705
9788426138736
9788426138804
9788426138835
9788426138859
9788426138873
9788426138927
9788426138934
9788426138941
9788426138958
9788426138965
9788426138972
9788426139078
9788426139092
9788426139184
9788426139221
9788426139269
9788426139276
9788426139290
9788426139429
9788426139764
9788426139870
9788426139894
9788426139931
9788426139962
9788426139986
9788426140012
9788426140098
9788426140111
9788426140135
9788426140173
9788426140227
9788426140241
9788426140258
9788426140272
9788426140333
9788426140593
9788426140630
9788426140654
9788426140678
9788426140692
9788426140715
9788426140739
9788426140807
9788426140814
9788426140821
9788426140883
9788426140906
9788426140913
9788426140937
9788426140951
9788426140975
9788426140999
9788426141033
9788426141071
9788426141125
9788426141149
9788426141163
9788426141194
9788426141217
9788426141231
9788426141255
9788426141279
9788426141286
9788426141354
9788426141743
9788426141767
9788426141774
9788426141798
9788426141811
9788426141866
9788426141880
9788426141903
9788426141927
9788426141958
9788426141972
9788426142009
9788426142023
9788426142061
9788426142108
9788426142122
9788426142139
9788426142177
9788426142184
9788426142412
9788426142436
9788426142443
9788426142467
9788426142498
9788426142511
9788426142542
9788426142566
9788426142573
9788426142580
9788426142597
9788426142924
9788426142931
9788426142948
9788426142955
9788426142962
9788426142979
9788426142986
9788426142993
9788426143006
9788426143013
9788426143020
9788426143037
9788426143044
9788426143051
9788426143068
9788426143075
9788426143082
9788426143099
9788426143105
9788426143112
9788426143129
9788426143365
9788426143389
9788426143402
9788426143419
9788426143457
9788426143471
9788426143495
9788426143501
9788426143563
9788426143587
9788426143600
9788426143655
9788426143679
9788426143693
9788426155269
9788426155276
9788426156020
9788426367839
9788426367846
9788426367853
9788426367860
9788426367877
9788426367891
9788426367907
9788426367914
9788426368768
9788426368959
9788426368966
9788426368973
9788426372567
9788426372666
9788426372772
9788426372833
9788426372864
9788426377432
9788426377449
9788426377456
9788426381910
9788426381927
9788426381941
9788426381958
9788426382603
9788426386601
9788426386618
9788426386625
9788426386632
9788426386649
9788426386663
9788426386816
9788426389336
9788426389343
9788426389350
9788426389893
9788426389909
9788426389916
9788426389923
9788426389947
9788426390998
9788426391612
9788426391629
9788426392596
9788426393647
9788426393654
9788426393661
9788426393807
9788426393838
9788426395283
9788426395313
9788426395702
9788426397805
9788426397812
9788426398482
9788426398499
9788426398529
9788426398536
9788426398543
9788426400277
9788426401489
9788426401984
9788426401991
9788426402004
9788426402141
9788426402158
9788426402325
9788426402387
9788426402615
9788426402622
9788426402790
9788426402820
9788426402851
9788426402899
9788426403001
9788426403025
9788426403049
9788426403193
9788426403223
9788426403278
9788426403315
9788426403629
9788426403698
9788426437396
9788426437488
9788426719003
9788426720092
9788426721945
9788427029989
9788427030282
9788427200258
9788427200289
9788427200364
9788427200418
9788427200715
9788427200760
9788427200845
9788427200869
9788427200883
9788427200890
9788427200937
9788427201187
9788427201378
9788427202122
9788427202139
9788427202146
9788427203181
9788427203211
9788427203655
9788427203723
9788427203860
9788427204041
9788427204089
9788427204225
9788427204447
9788427206755
9788427206861
9788427206878
9788427206984
9788427208063
9788427208278
9788427208339
9788427208384
9788427208490
9788427208506
9788427208537
9788427208544
9788427208551
9788427208568
9788427208575
9788427208650
9788427208698
9788427208773
9788427208797
9788427208834
9788427208926
9788427208964
9788427209237
9788427209305
9788427209329
9788427209459
9788427209718
9788427209794
9788427209855
9788427210325
9788427900868
9788427900899
9788427901018
9788427901070
9788427901131
9788427901209
9788427901261
9788427901308
9788427901483
9788427901636
9788427901650
9788427931091
9788427931343
9788427931398
9788427931466
9788427931503
9788427931510
9788427931619
9788427931725
9788427931749
9788427931787
9788427931916
9788427931978
9788427932050
9788427932111
9788427932166
9788427932197
9788427932227
9788427932241
9788427932272
9788427932302
9788427932319
9788427932418
9788427932463
9788427932555
9788427932586
9788427933453
9788427933675
9788427933828
9788427934252
9788427934344
9788427934412
9788427934504
9788427934573
9788427950016
9788428507691
9788429487565
9788430522118
9788430524389
9788430524532
9788430524549
9788430525089
9788430525638
9788430525911
9788430526499
9788430526505
9788430530526
9788430531585
9788430533770
9788430536986
9788430539017
9788430540198
9788430542260
9788430542277
9788430542284
9788430542628
9788430543052
9788430549108
9788430549207
9788430552160
9788430554300
9788430554324
9788430554577
9788430557370
9788430557431
9788430557448
9788430557851
9788430558070
9788430558919
9788430559121
9788430559169
9788430559695
9788430559916
9788430559954
9788430562329
9788430562336
9788430562343
9788430563968
9788430563975
9788430564293
9788430566761
9788430566778
9788430567744
9788430569113
9788430584635
9788430584642
9788430594276
9788430608126
9788430617425
9788430617494
9788430617500
9788430617616
9788430618088
9788430618125
9788430618200
9788430618460
9788430699537
9788430927975
9788430938445
9788430950188
9788431668136
9788431668587
9788431668594
9788431672560
9788432125829
9788432126888
9788432216428
9788432231797
9788432296987
9788433026910
9788433901002
9788433905413
9788433905680
9788433905833
9788433906977
9788433907950
9788433907967
9788433907974
9788433907981
9788433907998
9788433908674
9788433908926
9788433908995
9788433909220
9788433909886
9788433910219
9788433910509
9788433910684
9788433910943
9788433911469
9788433913678
9788433913920
9788433914262
9788433914361
9788433914446
9788433914453
9788433914460
9788433914545
9788433914552
9788433914644
9788433914699
9788433914835
9788433914873
9788433914880
9788433917072
9788433917683
9788433920041
9788433920058
9788433920089
9788433920119
9788433920140
9788433920157
9788433920164
9788433920171
9788433920225
9788433920232
9788433920249
9788433920270
9788433920317
9788433920324
9788433920423
9788433920447
9788433920539
9788433920577
9788433920584
9788433920591
9788433920638
9788433920706
9788433920768
9788433920836
9788433920867
9788433920911
9788433920997
9788433921017
9788433921024
9788433921031
9788433921055
9788433921062
9788433921079
9788433921086
9788433923356
9788433923486
9788433923691
9788433923721
9788433923998
9788433924490
9788433924544
9788433924636
9788433924667
9788433924841
9788433924896
9788433924933
9788433924971
9788433925435
9788433925473
9788433925695
9788433925701
9788433925756
9788433925824
9788433925831
9788433925855
9788433925879
9788433925954
9788433925978
9788433925985
9788433925992
9788433926005
9788433926012
9788433926043
9788433926050
9788433926128
9788433926142
9788433928344
9788433928351
9788433928368
9788433928375
9788433928382
9788433928399
9788433928405
9788433928412
9788433928429
9788433928436
9788433928443
9788433928450
9788433928474
9788433930262
9788433959485
9788433959492
9788433959508
9788433959515
9788433959522
9788433959546
9788433961181
9788433961198
9788433961204
9788433961211
9788433961235
9788433961242
9788433961266
9788433961273
9788433961280
9788433961297
9788433961938
9788433962140
9788433962263
9788433962287
9788433962386
9788433962409
9788433962461
9788433962683
9788433962737
9788433962874
9788433962881
9788433963161
9788433963222
9788433963291
9788433963314
9788433963352
9788433963383
9788433963420
9788433963468
9788433963505
9788433963512
9788433963550
9788433963567
9788433963574
9788433963598
9788433963604
9788433963628
9788433963741
9788433963772
9788433963819
9788433963864
9788433963888
9788433963932
9788433963956
9788433963970
9788433963987
9788433964007
9788433964038
9788433964052
9788433964083
9788433966209
9788433966223
9788433966322
9788433966360
9788433966438
9788433966520
9788433966544
9788433966568
9788433966612
9788433966629
9788433966643
9788433966667
9788433966704
9788433966728
9788433966759
9788433966766
9788433966773
9788433966827
9788433966858
9788433966889
9788433966902
9788433966919
9788433966957
9788433966995
9788433967022
9788433967039
9788433967138
9788433967183
9788433967213
9788433967268
9788433967428
9788433967442
9788433967497
9788433967527
9788433967664
9788433967688
9788433967770
9788433967817
9788433967923
9788433967961
9788433967992
9788433968081
9788433968166
9788433968272
9788433968364
9788433968418
9788433968531
9788433968555
9788433968647
9788433968654
9788433968692
9788433968715
9788433968760
9788433968814
9788433968852
9788433968975
9788433968999
9788433969347
9788433969514
9788433969521
9788433969644
9788433970046
9788433970121
9788433970442
9788433970459
9788433970473
9788433970480
9788433970497
9788433970589
9788433970794
9788433970817
9788433970862
9788433970947
9788433970992
9788433971067
9788433971173
9788433971203
9788433971272
9788433971289
9788433971326
9788433971371
9788433971401
9788433971418
9788433971425
9788433971432
9788433971456
9788433971487
9788433971500
9788433971524
9788433971555
9788433971579
9788433971586
9788433971609
9788433971616
9788433971623
9788433971630
9788433971654
9788433971661
9788433971692
9788433971746
9788433971821
9788433971845
9788433971852
9788433971906
9788433971920
9788433971968
9788433972088
9788433972095
9788433972118
9788433972132
9788433972149
9788433972231
9788433972293
9788433972316
9788433972323
9788433972330
9788433972347
9788433972354
9788433972361
9788433972378
9788433972385
9788433972408
9788433972415
9788433972439
9788433972460
9788433972538
9788433972545
9788433972552
9788433972705
9788433972781
9788433973023
9788433973108
9788433973146
9788433973177
9788433973306
9788433973344
9788433973351
9788433973382
9788433973474
9788433973481
9788433973498
9788433973610
9788433973658
9788433973733
9788433973832
9788433973979
9788433974051
9788433974457
9788433974471
9788433974495
9788433974532
9788433974549
9788433974594
9788433974600
9788433974631
9788433974655
9788433974716
9788433974822
9788433974860
9788433975065
9788433975072
9788433975133
9788433975157
9788433975348
9788433975409
9788433975416
9788433975768
9788433975799
9788433975805
9788433975867
9788433975904
9788433975911
9788433976055
9788433976062
9788433976109
9788433976116
9788433976130
9788433976147
9788433976154
9788433976161
9788433976192
9788433976208
9788433976215
9788433976239
9788433976246
9788433976253
9788433976260
9788433976307
9788433976321
9788433976550
9788433976598
9788433976697
9788433976734
9788433976765
9788433976796
9788433976802
9788433976819
9788433976826
9788433976864
9788433976871
9788433976918
9788433976925
9788433976932
9788433976956
9788433976987
9788433976994
9788433977007
9788433977014
9788433977021
9788433977038
9788433977045
9788433977052
9788433977069
9788433977076
9788433977083
9788433977090
9788433977106
9788433977113
9788433977120
9788433977137
9788433977144
9788433977151
9788433977182
9788433977199
9788433977212
9788433977236
9788433977250
9788433977274
9788433977281
9788433977298
9788433977311
9788433977328
9788433977335
9788433977366
9788433977373
9788433977397
9788433977403
9788433977410
9788433977441
9788433977519
9788433977557
9788433977564
9788433977571
9788433977588
9788433977595
9788433977601
9788433977618
9788433977632
9788433977649
9788433977656
9788433977670
9788433977687
9788433977700
9788433977748
9788433977816
9788433977854
9788433977861
9788433977885
9788433977892
9788433977908
9788433977915
9788433977939
9788433977946
9788433977953
9788433977977
9788433977984
9788433978004
9788433978011
9788433978035
9788433978042
9788433978073
9788433978080
9788433978295
9788433978301
9788433978332
9788433978356
9788433978363
9788433978394
9788433978400
9788433978455
9788433978462
9788433978479
9788433978486
9788433978493
9788433978523
9788433978530
9788433978547
9788433978554
9788433978561
9788433978578
9788433978585
9788433978592
9788433978608
9788433978622
9788433978639
9788433978646
9788433978653
9788433978660
9788433978707
9788433978714
9788433978721
9788433978738
9788433978745
9788433978752
9788433978769
9788433978776
9788433978783
9788433978790
9788433978806
9788433978813
9788433978820
9788433978837
9788433978844
9788433978851
9788433978868
9788433978882
9788433978899
9788433978905
9788433978912
9788433978929
9788433978943
9788433978950
9788433978967
9788433978981
9788433978998
9788433979001
9788433979018
9788433979025
9788433979063
9788433979070
9788433979124
9788433979155
9788433979179
9788433979193
9788433979209
9788433979216
9788433979223
9788433979230
9788433979247
9788433979254
9788433979261
9788433979278
9788433979285
9788433979292
9788433979308
9788433979315
9788433979322
9788433979339
9788433979353
9788433979360
9788433979377
9788433979384
9788433979391
9788433979407
9788433979414
9788433979438
9788433979445
9788433979469
9788433979476
9788433979483
9788433979520
9788433979544
9788433979551
9788433979568
9788433979575
9788433979582
9788433979605
9788433979612
9788433979629
9788433979636
9788433979650
9788433979667
9788433979674
9788433979681
9788433979698
9788433997517
9788433997524
9788433997531
9788433997548
9788433997555
9788433997562
9788433997579
9788433997586
9788433997593
9788433997616
9788433997647
9788433997654
9788433997661
9788433997678
9788433997685
9788433997692
9788433997708
9788433997715
9788433997722
9788433997739
9788433997746
9788433997753
9788433997760
9788433997791
9788433997821
9788433997845
9788433997869
9788433997906
9788433997913
9788433997944
9788433997975
9788433998002
9788433998019
9788433998026
9788433998040
9788433998057
9788433998064
9788433998071
9788433998101
9788433998118
9788433998125
9788433998132
9788433998156
9788433998163
9788433998187
9788433998194
9788433998200
9788433998217
9788434220072
9788434220089
9788434220096
9788434220683
9788434220690
9788434305533
9788434306158
9788434308015
9788434308022
9788434308756
9788434308800
9788434308848
9788434308947
9788434308961
9788434309111
9788434309395
9788434309418
9788434309500
9788434309661
9788434309722
9788434309760
9788434309814
9788434309876
9788434309951
9788434310070
9788434310148
9788434310179
9788434310230
9788434310254
9788434310315
9788434310377
9788434310384
9788434310551
9788434310629
9788434310858
9788434310902
9788434310919
9788434310926
9788434311091
9788434311237
9788434311244
9788434311381
9788434311404
9788434311435
9788434311442
9788434311459
9788434311534
9788434311749
9788434311763
9788434311824
9788434311848
9788434311862
9788434311909
9788434311930
9788434311954
9788434312005
9788434312029
9788434312234
9788434312241
9788434312272
9788434312302
9788434312340
9788434312364
9788434312449
9788434312517
9788434312531
9788434312555
9788434312586
9788434312623
9788434312647
9788434312654
9788434312708
9788434312739
9788434312784
9788434312807
9788434312838
9788434312876
9788434312906
9788434312920
9788434312944
9788434312999
9788434313026
9788434313101
9788434313125
9788434313163
9788434313231
9788434313262
9788434313286
9788434313309
9788434313316
9788434313323
9788434313378
9788434313484
9788434313491
9788434313507
9788434313521
9788434313538
9788434313552
9788434313590
9788434313606
9788434313613
9788434313620
9788434313651
9788434445086
9788434487666
9788434487697
9788434837010
9788434839892
9788434840379
9788434841529
9788434863224
9788434878266
9788437224824
9788437224831
9788437224848
9788437502748
9788437502793
9788437503073
9788437503318
9788437503349
9788437504087
9788437504124
9788437504148
9788437504209
9788437504254
9788437504261
9788437504490
9788437504506
9788437504919
9788437505022
9788437505183
9788437505190
9788437505268
9788437505282
9788437505336
9788437505343
9788437505367
9788437505435
9788437505442
9788437505480
9788437505527
9788437505565
9788437505732
9788437505831
9788437505947
9788437505985
9788437505992
9788437506012
9788437506029
9788437506043
9788437506050
9788437506067
9788437506098
9788437506104
9788437506135
9788437506142
9788437506159
9788437506166
9788437506197
9788437506203
9788437506210
9788437506227
9788437506234
9788437506241
9788437506258
9788437506265
9788437506272
9788437506289
9788437506296
9788437506319
9788437506326
9788437506333
9788437506364
9788437506388
9788437506395
9788437600215
9788437600277
9788437600574
9788437600628
9788437600727
9788437600734
9788437600758
9788437600765
9788437600789
9788437600895
9788437600925
9788437601052
9788437601748
9788437601854
9788437601861
9788437602042
9788437602134
9788437602202
9788437602219
9788437602226
9788437602370
9788437602738
9788437603094
9788437603155
9788437603414
9788437603469
9788437603568
9788437603667
9788437604183
9788437604541
9788437604657
9788437604985
9788437605609
9788437606101
9788437606262
9788437606453
9788437606606
9788437606729
9788437606866
9788437607078
9788437607252
9788437607771
9788437608006
9788437608518
9788437609102
9788437609300
9788437609591
9788437609669
9788437611518
9788437611686
9788437612515
9788437613499
9788437613536
9788437613703
9788437614915
9788437615172
9788437615394
9788437615943
9788437616025
9788437616056
9788437616278
9788437616544
9788437617350
9788437617510
9788437618357
9788437618609
9788437618791
9788437618845
9788437619149
9788437619354
9788437619569
9788437620299
9788437620619
9788437620978
9788437621456
9788437621739
9788437621814
9788437622026
9788437622453
9788437622521
9788437622811
9788437623122
9788437623931
9788437624327
9788437624518
9788437625201
9788437625614
9788437627205
9788437627311
9788439206002
9788439206019
9788439206026
9788439206033
9788439206040
9788439283072
9788439283690
9788439508984
9788439510772
9788439701545
9788439701965
9788439703310
9788439710462
9788439711919
9788439722137
9788439725411
9788439725824
9788439726746
9788439726951
9788439727361
9788439727446
9788439728191
9788439728702
9788439728948
9788439729082
9788439729273
9788439729723
9788439730170
9788439730194
9788439730200
9788439730354
9788439730392
9788439730484
9788439730637
9788439730859
9788439730873
9788439731139
9788439731146
9788439731177
9788439731191
9788439731214
9788439731238
9788439731412
9788439731771
9788439731818
9788439731832
9788439731849
9788439731856
9788439732013
9788439732020
9788439732167
9788439925811
9788439925828
9788440696458
9788440696496
9788441000117
9788441400627
9788441402225
9788441402812
9788441403901
9788441404663
9788441405431
9788441407138
9788441408272
9788441410992
9788441413078
9788441414105
9788441414280
9788441415157
9788441415232
9788441415836
9788441417076
9788441417083
9788441417458
9788441418486
9788441418578
9788441418721
9788441418851
9788441419377
9788441419469
9788441419865
9788441420106
9788441420168
9788441420205
9788441420458
9788441420991
9788441421134
9788441421141
9788441421240
9788441421264
9788441421295
9788441421349
9788441421356
9788441421462
9788441421509
9788441421516
9788441421523
9788441421530
9788441421547
9788441421561
9788441421585
9788441421660
9788441421721
9788441421790
9788441421806
9788441421851
9788441421899
9788441422742
9788441424807
9788441425019
9788441425040
9788441425132
9788441425149
9788441425200
9788441425231
9788441425262
9788441425279
9788441425392
9788441425408
9788441425446
9788441426597
9788441426627
9788441426634
9788441426757
9788441426764
9788441426856
9788441426986
9788441426993
9788441427006
9788441427013
9788441427020
9788441427037
9788441427815
9788441427839
9788441427884
9788441428010
9788441428027
9788441428041
9788441428331
9788441428393
9788441428454
9788441428478
9788441428751
9788441428812
9788441430570
9788441430594
9788441430624
9788441431058
9788441431065
9788441431409
9788441431461
9788441431584
9788441431614
9788441431621
9788441431713
9788441431782
9788441431799
9788441431805
9788441431843
9788441432260
9788441432451
9788441432475
9788441432482
9788441432574
9788441432581
9788441432635
9788441432673
9788441432710
9788441432796
9788441432802
9788441432932
9788441432956
9788441433045
9788441433052
9788441433243
9788441433250
9788441433274
9788441433281
9788441433373
9788441433380
9788441433434
9788441433441
9788441433465
9788441433564
9788441433571
9788441433632
9788441433649
9788441433656
9788441433663
9788441433670
9788441433700
9788441433717
9788441433755
9788441433762
9788441433779
9788441433786
9788441433809
9788441433823
9788441433830
9788441433847
9788441433878
9788441433892
9788441433908
9788441433915
9788441433977
9788441433984
9788441433991
9788441434004
9788441434080
9788441434110
9788441434264
9788441434325
9788441434332
9788441434356
9788441434400
9788441434509
9788441434516
9788441434523
9788441434554
9788441434578
9788441434967
9788441435018
9788441435025
9788441435032
9788441435049
9788441435100
9788441435148
9788441435179
9788441435186
9788441435216
9788441435261
9788441435315
9788441435322
9788441435339
9788441435346
9788441435469
9788441435490
9788441435568
9788441435599
9788441435605
9788441435612
9788441435681
9788441435698
9788441435759
9788441435766
9788441435773
9788441435780
9788441435810
9788441435827
9788441435841
9788441435865
9788441435926
9788441435933
9788441435940
9788441436008
9788441436015
9788441436022
9788441436039
9788441436046
9788441436053
9788441436114
9788441436145
9788441436152
9788441436169
9788441436220
9788441436244
9788441436251
9788441436275
9788441436305
9788441436329
9788441436336
9788441436510
9788441436527
9788441436541
9788441436558
9788441436640
9788441436664
9788441436688
9788441436695
9788441436701
9788441436718
9788441436787
9788441436800
9788441436817
9788441436824
9788441436848
9788441436855
9788441436930
9788441437012
9788441520486
9788441528925
9788441531192
9788441535961
9788441536210
9788441536760
9788444120690
9788444144375
9788445821190
9788445821213
9788445821251
9788445821282
9788445821299
9788445821480
9788445821503
9788445821831
9788445821862
9788445821886
9788445821916
9788445821930
9788445821947
9788445821985
9788445821992
9788445822098
9788445822111
9788445822128
9788445822210
9788445822234
9788445822241
9788445822272
9788445822289
9788445822326
9788445822333
9788445822340
9788445822364
9788445822395
9788445822562
9788445823378
9788445823415
9788445823477
9788445823484
9788445823507
9788445823521
9788445823538
9788445823545
9788445823613
9788445823668
9788445823705
9788448001513
9788448010690
9788448010812
9788448011307
9788448111304
9788448121099
9788448242015
9788448246716
9788448811600
9788448832360
9788448834722
9788448838478
9788448843397
9788448843861
9788448843922
9788448843939
9788448843953
9788448843960
9788448844127
9788448844134
9788448844219
9788448844448
9788448844479
9788448844554
9788448844790
9788448845032
9788448845568
9788448845575
9788448845605
9788448845643
9788448845759
9788448845797
9788448845810
9788448845834
9788448846046
9788448846794
9788448846893
9788448847098
9788449107672
9788449402449
9788449404115
9788449406362
9788449406942
9788449406966
9788449410758
9788449411434
9788449411540
9788449412424
9788449412448
9788449412479
9788449412561
9788449412950
9788449417979
9788449418990
9788449419355
9788449420252
9788449421174
9788449423000
9788449423017
9788449423772
9788449424427
9788449424649
9788450033403
9788450104592
9788460418610
9788460568391
9788460580140
9788460582533
9788460654391
9788460654520
9788460656746
9788460657415
9788460658481
9788460658504
9788460659426
9788460661849
9788460662150
9788460663416
9788460664246
9788460665205
9788460667698
9788460668138
9788460668220
9788460671022
9788460671121
9788460671619
9788460671701
9788460671831
9788460672692
9788460673286
9788460673293
9788460673866
9788460674146
9788460674344
9788460674931
9788460675501
9788460675518
9788460675525
9788460676041
9788460676065
9788460676355
9788460676423
9788460676492
9788460676706
9788460677086
9788460677345
9788460677628
9788460677895
9788460678748
9788460679486
9788460680376
9788460680499
9788460681632
9788460682172
9788460682820
9788460683520
9788460684398
9788460684961
9788460685845
9788460685982
9788460687931
9788460688990
9788460689799
9788460690375
9788460690870
9788460691563
9788460692898
9788460693444
9788460693499
9788460694489
9788460694809
9788460694953
9788460695462
9788460695486
9788460695578
9788460696179
9788460697015
9788460697725
9788460698289
9788460698388
9788460698418
9788460699217
9788460699552
9788460747420
9788460752578
9788460752585
9788460778585
9788460787501
9788460812715
9788460813187
9788460813514
9788460815846
9788460815945
9788460816188
9788460816447
9788460816812
9788460817253
9788460817345
9788460818199
9788460818236
9788460820031
9788460820673
9788460820734
9788460820925
9788460821489
9788460821588
9788460823209
9788460824480
9788460825326
9788460825807
9788460826880
9788460827153
9788460828105
9788460828693
9788460829607
9788460829812
9788460830177
9788460830429
9788460832874
9788460834502
9788460835134
9788460835219
9788460835530
9788460836261
9788460837169
9788460837299
9788460838081
9788460838203
9788460839026
9788460839125
9788460839774
9788460840268
9788460840305
9788460840343
9788460841067
9788460841081
9788460842132
9788460842309
9788460843375
9788460844129
9788460844150
9788460844242
9788460844884
9788460847595
9788460848431
9788460848974
9788460849292
9788460849308
9788460849315
9788460849322
9788460849339
9788460849704
9788460850045
9788460850052
9788460850120
9788460851431
9788460852636
9788460853145
9788460853794
9788460854784
9788460855002
9788460855231
9788460855866
9788460856252
9788460856993
9788460857679
9788460858140
9788460859604
9788460859772
9788460860938
9788460860990
9788460861829
9788460861911
9788460862628
9788460863922
9788460864158
9788460864738
9788460865711
9788460866428
9788460866664
9788460867456
9788460868866
9788460869597
9788460869771
9788460870180
9788460871033
9788460871392
9788460871460
9788460871484
9788460871743
9788460872009
9788460872092
9788460872108
9788460872115
9788460872122
9788460872382
9788460875048
9788460875215
9788460876533
9788460877042
9788460877110
9788460877219
9788460877271
9788460877943
9788460879435
9788460879442
9788460879510
9788460880769
9788460881551
9788460881834
9788460882060
9788460883975
9788460884514
9788460885573
9788460887461
9788460887652
9788460888635
9788460889625
9788460891086
9788460891123
9788460892243
9788460892601
9788460893776
9788460893899
9788460893912
9788460893998
9788460894063
9788460894506
9788460894766
9788460896012
9788460896852
9788460899921
9788460907862
9788460908654
9788460908661
9788460918554
9788460945659
9788460965091
9788460992127
9788461171866
9788461178155
9788461193226
9788461197897
9788461212866
9788461215096
9788461218387
9788461220533
9788461227594
9788461233281
9788461240104
9788461255030
9788461260881
9788461267453
9788461268252
9788461272792
9788461275328
9788461291632
9788461292493
9788461297337
9788461302529
9788461304370
9788461314775
9788461318193
9788461327546
9788461337651
9788461350995
9788461369348
9788461378180
9788461378227
9788461391202
9788461391233
9788461394050
9788461394777
9788461410460
9788461422029
9788461422036
9788461426171
9788461426201
9788461426218
9788461426225
9788461426232
9788461426249
9788461426256
9788461426263
9788461427130
9788461429394
9788461430840
9788461432776
9788461434138
9788461437443
9788461440405
9788461445943
9788461465897
9788461472314
9788461475513
9788461475544
9788461476718
9788461481378
9788461491872
9788461498307
9788461506934
9788461508297
9788461508488
9788461514007
9788461519026
9788461531219
9788461534302
9788461534319
9788461534432
9788461534685
9788461535576
9788461537037
9788461538348
9788461538355
9788461538362
9788461538386
9788461539260
9788461540099
9788461540464
9788461540600
9788461540976
9788461545131
9788461546466
9788461550630
9788461550685
9788461551323
9788461556403
9788461556410
9788461558292
9788461568703
9788461571734
9788461576258
9788461576333
9788461583867
9788461584352
9788461586103
9788461589944
9788461591398
9788461591701
9788461592432
9788461594801
9788461596133
9788461596324
9788461597321
9788461598700
9788461600670
9788461600700
9788461602353
9788461602827
9788461609765
9788461612932
9788461615674
9788461615926
9788461617951
9788461618224
9788461619825
9788461621514
9788461622078
9788461625093
9788461626571
9788461628612
9788461631148
9788461632923
9788461633814
9788461634989
9788461637492
9788461637539
9788461638529
9788461639427
9788461639595
9788461639724
9788461640942
9788461641543
9788461642939
9788461643042
9788461643271
9788461646005
9788461647231
9788461649464
9788461650767
9788461651412
9788461652815
9788461653447
9788461653782
9788461654062
9788461654413
9788461654420
9788461654666
9788461655106
9788461655281
9788461655311
9788461655649
9788461656639
9788461656936
9788461657452
9788461658114
9788461658220
9788461658480
9788461658954
9788461659173
9788461659395
9788461660636
9788461661060
9788461661343
9788461661374
9788461662692
9788461663231
9788461663354
9788461663576
9788461666133
9788461666508
9788461669721
9788461669806
9788461670758
9788461671298
9788461673629
9788461673995
9788461675104
9788461675494
9788461675838
9788461676262
9788461676293
9788461676361
9788461676699
9788461676927
9788461677009
9788461677672
9788461677887
9788461678648
9788461678662
9788461679232
9788461679911
9788461679997
9788461680610
9788461682010
9788461682164
9788461682393
9788461684755
9788461685851
9788461686223
9788461686407
9788461687107
9788461687534
9788461688197
9788461690091
9788461690831
9788461690978
9788461694457
9788461696529
9788461696994
9788461697243
9788461697786
9788461698806
9788461699377
9788461699537
9788461700592
9788461701087
9788461701537
9788461701599
9788461702077
9788461703807
9788461704293
9788461704675
9788461706310
9788461706662
9788461707560
9788461708222
9788461709076
9788461709519
9788461710096
9788461710874
9788461711529
9788461711765
9788461711789
9788461711970
9788461712267
9788461712762
9788461712809
9788461713240
9788461713493
9788461714315
9788461716036
9788461716562
9788461717545
9788461717729
9788461719778
9788461721696
9788461721870
9788461722105
9788461723225
9788461723652
9788461724536
9788461725250
9788461726745
9788461726936
9788461728541
9788461729180
9788461732326
9788461733033
9788461733613
9788461733989
9788461734306
9788461735990
9788461736478
9788461737956
9788461738465
9788461739851
9788461739943
9788461739950
9788461739967
9788461741502
9788461741540
9788461741748
9788461742769
9788461743353
9788461743476
9788461743650
9788461744428
9788461744503
9788461744701
9788461744770
9788461745661
9788461745876
9788461747122
9788461750467
9788461751303
9788461754007
9788461755653
9788461759262
9788461760138
9788461760251
9788461761968
9788461762736
9788461762767
9788461763092
9788461763108
9788461763146
9788461764419
9788466108195
9788466108201
9788466108218
9788466108225
9788466108232
9788466108249
9788466108256
9788466108263
9788466108270
9788466108287
9788466108294
9788466108300
9788466108317
9788466108324
9788466108331
9788466108348
9788466108355
9788466108362
9788466108379
9788466108386
9788466304665
9788466305426
9788466306898
9788466307246
9788466307475
9788466308540
9788466308625
9788466310123
9788466310246
9788466311229
9788466313025
9788466315128
9788466315401
9788466315432
9788466315487
9788466315531
9788466316965
9788466317290
9788466317450
9788466318068
9788466318198
9788466318242
9788466318709
9788466319164
9788466319409
9788466319522
9788466319737
9788466319935
9788466321037
9788466321198
9788466321327
9788466321518
9788466321525
9788466321532
9788466321655
9788466321686
9788466321808
9788466322607
9788466322843
9788466322904
9788466322911
9788466323086
9788466323239
9788466323376
9788466323512
9788466323697
9788466323703
9788466324021
9788466324151
9788466324434
9788466324458
9788466324731
9788466324762
9788466324854
9788466324991
9788466325066
9788466325110
9788466325127
9788466325318
9788466325349
9788466325530
9788466325707
9788466325806
9788466326063
9788466326186
9788466326193
9788466326254
9788466326278
9788466326308
9788466326315
9788466326360
9788466326377
9788466326391
9788466326421
9788466326438
9788466326452
9788466326490
9788466326636
9788466326674
9788466326698
9788466326704
9788466326759
9788466326773
9788466326872
9788466326919
9788466326926
9788466326933
9788466327008
9788466327022
9788466327145
9788466327251
9788466327442
9788466327466
9788466327480
9788466327503
9788466327527
9788466327541
9788466327565
9788466327596
9788466327695
9788466327848
9788466327879
9788466327909
9788466327947
9788466328012
9788466328074
9788466328081
9788466328098
9788466328449
9788466328456
9788466328463
9788466328470
9788466328487
9788466328494
9788466328500
9788466328616
9788466328753
9788466329293
9788466329309
9788466329323
9788466329354
9788466329378
9788466329385
9788466329521
9788466329538
9788466329545
9788466329569
9788466329576
9788466329583
9788466329590
9788466329750
9788466329781
9788466329835
9788466329859
9788466329941
9788466329972
9788466329989
9788466329996
9788466330275
9788466330725
9788466330947
9788466330961
9788466331043
9788466331067
9788466331265
9788466331364
9788466331418
9788466331654
9788466331845
9788466331876
9788466331883
9788466331890
9788466331913
9788466331920
9788466331937
9788466331951
9788466332019
9788466332491
9788466332712
9788466332767
9788466332798
9788466332897
9788466333030
9788466333207
9788466333566
9788466333726
9788466333771
9788466333788
9788466333856
9788466333863
9788466334044
9788466334112
9788466334211
9788466334310
9788466334327
9788466334600
9788466334631
9788466334662
9788466334709
9788466334808
9788466334815
9788466334853
9788466334884
9788466334891
9788466334983
9788466335508
9788466335683
9788466335690
9788466335706
9788466336109
9788466336567
9788466336581
9788466336598
9788466336833
9788466337205
9788466337229
9788466337502
9788466337687
9788466337694
9788466337700
9788466338240
9788466338301
9788466338363
9788466368698
9788466369435
9788466600064
9788466602228
9788466602235
9788466604642
9788466606233
9788466606608
9788466607087
9788466609241
9788466610131
9788466610148
9788466610315
9788466612371
9788466612449
9788466612524
9788466612814
9788466612890
9788466613064
9788466613262
9788466613774
9788466613798
9788466613989
9788466614092
9788466614238
9788466614306
9788466614399
9788466614467
9788466614627
9788466614757
9788466614818
9788466614894
9788466615143
9788466615341
9788466616317
9788466616447
9788466616607
9788466616614
9788466616621
9788466616652
9788466616874
9788466618250
9788466618458
9788466618717
9788466619059
9788466619073
9788466619523
9788466619585
9788466619639
9788466619714
9788466619783
9788466619813
9788466619905
9788466620383
9788466620482
9788466621021
9788466621045
9788466621168
9788466621205
9788466621564
9788466621601
9788466621625
9788466621656
9788466622066
9788466622073
9788466622707
9788466623216
9788466623407
9788466623711
9788466623735
9788466623742
9788466624107
9788466624176
9788466624664
9788466624756
9788466624824
9788466625050
9788466625067
9788466625708
9788466625777
9788466625869
9788466625883
9788466626101
9788466626149
9788466626361
9788466626682
9788466626903
9788466626958
9788466627047
9788466627191
9788466627481
9788466628082
9788466628105
9788466628129
9788466628747
9788466628785
9788466628877
9788466628884
9788466628891
9788466628907
9788466629317
9788466629522
9788466629546
9788466629928
9788466630078
9788466630245
9788466630276
9788466630399
9788466630511
9788466631143
9788466631747
9788466631761
9788466631808
9788466631815
9788466631839
9788466631846
9788466631877
9788466632027
9788466632126
9788466632140
9788466632195
9788466632232
9788466632317
9788466632614
9788466632683
9788466632966
9788466632973
9788466633048
9788466633079
9788466633154
9788466633239
9788466633260
9788466633390
9788466633406
9788466633499
9788466633529
9788466633987
9788466634212
9788466634229
9788466634328
9788466634335
9788466634359
9788466634366
9788466634717
9788466634823
9788466635165
9788466635196
9788466635844
9788466636186
9788466636193
9788466636230
9788466636247
9788466636285
9788466636469
9788466636483
9788466636490
9788466636520
9788466636544
9788466636612
9788466636636
9788466636698
9788466636735
9788466636759
9788466636797
9788466636803
9788466636827
9788466636834
9788466636933
9788466637343
9788466637381
9788466637480
9788466637510
9788466637572
9788466637602
9788466637640
9788466637657
9788466637671
9788466637695
9788466637725
9788466637787
9788466637817
9788466637824
9788466637916
9788466637923
9788466637930
9788466637947
9788466637978
9788466637992
9788466638005
9788466638012
9788466638029
9788466638043
9788466638067
9788466638098
9788466638104
9788466638128
9788466638135
9788466638173
9788466638258
9788466638296
9788466638319
9788466638326
9788466638364
9788466638395
9788466638418
9788466638432
9788466638449
9788466638463
9788466638531
9788466638616
9788466638814
9788466638838
9788466638845
9788466638869
9788466638876
9788466638906
9788466639026
9788466639033
9788466639057
9788466639118
9788466639156
9788466639170
9788466639378
9788466639392
9788466639415
9788466639446
9788466639538
9788466639545
9788466639576
9788466639699
9788466639705
9788466639712
9788466639736
9788466639750
9788466639767
9788466639774
9788466639781
9788466639811
9788466640138
9788466640190
9788466640206
9788466640237
9788466640251
9788466640268
9788466640299
9788466640435
9788466640473
9788466640480
9788466640497
9788466640510
9788466640527
9788466640541
9788466640558
9788466640633
9788466640671
9788466640770
9788466640855
9788466640909
9788466640985
9788466640992
9788466641012
9788466641135
9788466641159
9788466641166
9788466641173
9788466641210
9788466641227
9788466641234
9788466641272
9788466641326
9788466641340
9788466641357
9788466641388
9788466641418
9788466641425
9788466641487
9788466641494
9788466641500
9788466641517
9788466641524
9788466641531
9788466641555
9788466641562
9788466641579
9788466641647
9788466641692
9788466641708
9788466641821
9788466641876
9788466641883
9788466641913
9788466641999
9788466642002
9788466642163
9788466642170
9788466642255
9788466642279
9788466642309
9788466642323
9788466642354
9788466642415
9788466642422
9788466642439
9788466642446
9788466642484
9788466642491
9788466642514
9788466642620
9788466642828
9788466642866
9788466642873
9788466642880
9788466642897
9788466642903
9788466642927
9788466642941
9788466642958
9788466642972
9788466642989
9788466643023
9788466643047
9788466643054
9788466643115
9788466643276
9788466643320
9788466643337
9788466643344
9788466643351
9788466643368
9788466643382
9788466643450
9788466643474
9788466643528
9788466643535
9788466643542
9788466643559
9788466643764
9788466643788
9788466643795
9788466643948
9788466644013
9788466644068
9788466644082
9788466644105
9788466644112
9788466644143
9788466644181
9788466644228
9788466644242
9788466644334
9788466644402
9788466644426
9788466644433
9788466644655
9788466644662
9788466644679
9788466644693
9788466644709
9788466644716
9788466644969
9788466645157
9788466645164
9788466645195
9788466645201
9788466645225
9788466645256
9788466645287
9788466645317
9788466645324
9788466645331
9788466645386
9788466645416
9788466645669
9788466645720
9788466646130
9788466646239
9788466646260
9788466646284
9788466646369
9788466646413
9788466646437
9788466646505
9788466646529
9788466646543
9788466646604
9788466646710
9788466646734
9788466646765
9788466646802
9788466646833
9788466646840
9788466646857
9788466646864
9788466646871
9788466646888
9788466646895
9788466646918
9788466646956
9788466646963
9788466647083
9788466647236
9788466647250
9788466647267
9788466647311
9788466647328
9788466647335
9788466647342
9788466647366
9788466647380
9788466647397
9788466647427
9788466647458
9788466647519
9788466647533
9788466647540
9788466647557
9788466647564
9788466647571
9788466647588
9788466647595
9788466647656
9788466647687
9788466647762
9788466647892
9788466647915
9788466647953
9788466648028
9788466648042
9788466648080
9788466648110
9788466648271
9788466648301
9788466648448
9788466648462
9788466648554
9788466648561
9788466648684
9788466648707
9788466648844
9788466649094
9788466649100
9788466649117
9788466649179
9788466649193
9788466649230
9788466649247
9788466649254
9788466649469
9788466649483
9788466649711
9788466649728
9788466649773
9788466649780
9788466649797
9788466649841
9788466649995
9788466650014
9788466650038
9788466650182
9788466650199
9788466650205
9788466650212
9788466650236
9788466650502
9788466650526
9788466650540
9788466650557
9788466650571
9788466650588
9788466650892
9788466650991
9788466651011
9788466651028
9788466651103
9788466651202
9788466651219
9788466651240
9788466651271
9788466651318
9788466651325
9788466651356
9788466651400
9788466651424
9788466651431
9788466651448
9788466651455
9788466651462
9788466651479
9788466651486
9788466651509
9788466651516
9788466651523
9788466651530
9788466651547
9788466651554
9788466651561
9788466651585
9788466651622
9788466651752
9788466651769
9788466651783
9788466651806
9788466651882
9788466651936
9788466651950
9788466652124
9788466652193
9788466652216
9788466652223
9788466652247
9788466652285
9788466652315
9788466652322
9788466652339
9788466652353
9788466652360
9788466652407
9788466652490
9788466652513
9788466652537
9788466652582
9788466652599
9788466652711
9788466652735
9788466652742
9788466652759
9788466652766
9788466652933
9788466652940
9788466652957
9788466652964
9788466653008
9788466653046
9788466653060
9788466653084
9788466653091
9788466653107
9788466653121
9788466653183
9788466653190
9788466653213
9788466653220
9788466653237
9788466653268
9788466653282
9788466653299
9788466653312
9788466653350
9788466653367
9788466653374
9788466653381
9788466653398
9788466653411
9788466653428
9788466653442
9788466653473
9788466653589
9788466653657
9788466653664
9788466653725
9788466653732
9788466653756
9788466653770
9788466653794
9788466653817
9788466653831
9788466653848
9788466653893
9788466653909
9788466653961
9788466653978
9788466654012
9788466654029
9788466654043
9788466654050
9788466654067
9788466654098
9788466654104
9788466654128
9788466654197
9788466654241
9788466654258
9788466654296
9788466654340
9788466654371
9788466654395
9788466654456
9788466654593
9788466654609
9788466654814
9788466654821
9788466654845
9788466654869
9788466654876
9788466654883
9788466654906
9788466654913
9788466654937
9788466654968
9788466654975
9788466654982
9788466655002
9788466655019
9788466655088
9788466655101
9788466655132
9788466655149
9788466655156
9788466655163
9788466655187
9788466655194
9788466655200
9788466655217
9788466655262
9788466655316
9788466655378
9788466655385
9788466655446
9788466655453
9788466655477
9788466655484
9788466655507
9788466655521
9788466655538
9788466655552
9788466655576
9788466655620
9788466655668
9788466655675
9788466655682
9788466655699
9788466655729
9788466655750
9788466655767
9788466655774
9788466655798
9788466655866
9788466655873
9788466655934
9788466655941
9788466656009
9788466656122
9788466656191
9788466656207
9788466656252
9788466656283
9788466656290
9788466656412
9788466656429
9788466656467
9788466656474
9788466656481
9788466656504
9788466656764
9788466656795
9788466656825
9788466656832
9788466656849
9788466656863
9788466656887
9788466656900
9788466656917
9788466656924
9788466656948
9788466656955
9788466656979
9788466656993
9788466657006
9788466657044
9788466657051
9788466657075
9788466657167
9788466657198
9788466657242
9788466657259
9788466657327
9788466657334
9788466657402
9788466657419
9788466657426
9788466657440
9788466657464
9788466657488
9788466657495
9788466657501
9788466657549
9788466657563
9788466657587
9788466657617
9788466657648
9788466657679
9788466657730
9788466657747
9788466657754
9788466657778
9788466657792
9788466657815
9788466657891
9788466657921
9788466657952
9788466657969
9788466657976
9788466657990
9788466658003
9788466658010
9788466658027
9788466658140
9788466658157
9788466658201
9788466658218
9788466658225
9788466658232
9788466658270
9788466658294
9788466658300
9788466658317
9788466658324
9788466658331
9788466658348
9788466658362
9788466658393
9788466658416
9788466658423
9788466658430
9788466658461
9788466658485
9788466658492
9788466658515
9788466658522
9788466658553
9788466658577
9788466658591
9788466658621
9788466658676
9788466658706
9788466658737
9788466658744
9788466658751
9788466658768
9788466658775
9788466658782
9788466658799
9788466658805
9788466658812
9788466658843
9788466658850
9788466658874
9788466658898
9788466658904
9788466658911
9788466658928
9788466658935
9788466658959
9788466659017
9788466659055
9788466659062
9788466659093
9788466659116
9788466659161
9788466659208
9788466659215
9788466659239
9788466659260
9788466659321
9788466659345
9788466659369
9788466659437
9788466659475
9788466659482
9788466659536
9788466659543
9788466659550
9788466659567
9788466659574
9788466659581
9788466659598
9788466659604
9788466659611
9788466659734
9788466659772
9788466659819
9788466659840
9788466659857
9788466659888
9788466660068
9788466660075
9788466660082
9788466660099
9788466660105
9788466660112
9788466660143
9788466660150
9788466660181
9788466660198
9788466660228
9788466660303
9788466660419
9788466660440
9788466660464
9788466660488
9788466660518
9788466660549
9788466660563
9788466660570
9788466660624
9788466660631
9788466660693
9788466660723
9788466702898
9788466702904
9788466702942
9788466703024
9788466706193
9788466716598
9788466717137
9788466740142
9788466745741
9788466753531
9788466792943
9788466793117
9788466793148
9788466795401
9788466795418
9788466795425
9788466795432
9788467010602
9788467012842
9788467013986
9788467015515
9788467015522
9788467034264
9788467041897
9788467043709
9788467045345
9788467090475
9788467154009
9788467173130
9788467191745
9788467503623
9788467700732
9788467701104
9788467701135
9788467701425
9788467701814
9788467701906
9788467702132
9788467702316
9788467703047
9788467703061
9788467703085
9788467703603
9788467704006
9788467705102
9788467707519
9788467707816
9788467708240
9788467708271
9788467709476
9788467710557
9788467710601
9788467713138
9788467713145
9788467713299
9788467713497
9788467713503
9788467713893
9788467713916
9788467714487
9788467716733
9788467716740
9788467716757
9788467716764
9788467716771
9788467718676
9788467718683
9788467718690
9788467718706
9788467718713
9788467718720
9788467719413
9788467722758
9788467722864
9788467722871
9788467724998
9788467725001
9788467725018
9788467725025
9788467725032
9788467725049
9788467725445
9788467725452
9788467725827
9788467731026
9788467828771
9788467828788
9788467828795
9788467828801
9788467828832
9788467828948
9788467828962
9788467828986
9788467829037
9788467829044
9788467829051
9788467829310
9788467829327
9788467840179
9788467840186
9788467840193
9788467840209
9788467840407
9788467840445
9788467840599
9788467840612
9788467840643
9788467840810
9788467860900
9788467861136
9788467861280
9788467861297
9788467861303
9788467861334
9788467861372
9788467861457
9788467861631
9788467861716
9788467871128
9788467871203
9788467871227
9788467871234
9788467871340
9788467871388
9788467871395
9788467871425
9788467871432
9788467871463
9788467871548
9788467871555
9788467871562
9788467871616
9788467871692
9788467871791
9788467871807
9788467873481
9788467873498
9788467873535
9788467916591
9788467916881
9788468001579
9788468015835
9788468300498
9788468301723
9788468302324
9788468303109
9788468303505
9788468303536
9788468303826
9788468303833
9788468303888
9788468303925
9788468303932
9788468308012
9788468308081
9788468308180
9788468308241
9788468308418
9788468308586
9788468308593
9788468308609
9788468308616
9788468308722
9788468308869
9788468308876
9788468308906
9788468308913
9788468308920
9788468308937
9788468309033
9788468309040
9788468309217
9788468311869
9788468311876
9788468312064
9788468312217
9788468312231
9788468312248
9788468312255
9788468312262
9788468312279
9788468312422
9788468312507
9788468312675
9788468312736
9788468312880
9788468312897
9788468313764
9788468315423
9788468315478
9788468315492
9788468315515
9788468315522
9788468315539
9788468315546
9788468315553
9788468315607
9788468315614
9788468315621
9788468315638
9788468315713
9788468315720
9788468315737
9788468315775
9788468315799
9788468315836
9788468315850
9788468315928
9788468316017
9788468316130
9788468316246
9788468316291
9788468316307
9788468316338
9788468324647
9788468324722
9788468324821
9788468324876
9788468324883
9788468324890
9788468602769
9788468606460
9788468611556
9788468615592
9788468632063
9788468634081
9788468638249
9788468652504
9788468653969
9788468663241
9788468681252
9788468692388
9788468704296
9788468732480
9788468735627
9788468740782
9788468747149
9788468756301
9788468767062
9788469298213
9788469300558
9788469595435
9788469596029
9788469600085
9788469600146
9788469600252
9788469600269
9788469600658
9788469600795
9788469601051
9788469601068
9788469601075
9788469601082
9788469601099
9788469601143
9788469601150
9788469601211
9788469601518
9788469601808
9788469602386
9788469602409
9788469602416
9788469602461
9788469602478
9788469603185
9788469603192
9788469603208
9788469603215
9788469603307
9788469603314
9788469603390
9788469603406
9788469603482
9788469603512
9788469603543
9788469603611
9788469603628
9788469603642
9788469603659
9788469603666
9788469603710
9788469603727
9788469603819
9788469604038
9788469604045
9788469604052
9788469604151
9788469604342
9788469604359
9788469604489
9788469604533
9788469604618
9788469604762
9788469605165
9788469605257
9788469605271
9788469605288
9788469605301
9788469605370
9788469605424
9788469605431
9788469605745
9788469606582
9788469703199
9788469707319
9788469807828
9788469807842
9788469808443
9788469808467
9788469808474
9788469808504
9788469808535
9788469808696
9788469808887
9788469808894
9788469808900
9788469808917
9788469809129
9788469809136
9788469809167
9788470020032
9788470020278
9788470020407
9788470021008
9788470021015
9788470021510
9788470021640
9788470021664
9788470022494
9788470022944
9788470023224
9788470023880
9788470023903
9788470023910
9788470023927
9788470023934
9788470024115
9788470024542
9788470024740
9788470755422
9788470755637
9788470755842
9788470755927
9788470756252
9788470756290
9788470756320
9788470831348
9788470831355
9788470831362
9788470831379
9788470831386
9788470831393
9788470831409
9788470831416
9788470831423
9788470831430
9788470831447
9788470831454
9788470831461
9788470831478
9788470831508
9788470831751
9788470831768
9788470831775
9788470831782
9788470831799
9788470831805
9788470831812
9788470831829
9788470831836
9788470831843
9788470831874
9788470831881
9788470831898
9788470831904
9788470831911
9788470831928
9788470831935
9788470831942
9788470831959
9788470831966
9788470831973
9788470831980
9788470831997
9788470839504
9788470839511
9788470839528
9788470839535
9788470839542
9788470839559
9788470839566
9788470839573
9788470839580
9788470839597
9788470839603
9788470839610
9788470839627
9788470839634
9788470839641
9788470839658
9788470839665
9788470839672
9788470839689
9788470839696
9788470839702
9788470839726
9788470839757
9788471434616
9788471662712
9788471663948
9788471664174
9788471664648
9788471665010
9788471666215
9788471666222
9788471666543
9788471667380
9788471668165
9788472095984
9788472096523
9788472280014
9788472280281
9788472280380
9788472280915
9788472281219
9788472281691
9788472281769
9788472281936
9788472282575
9788472282698
9788472283305
9788472287815
9788472289239
9788472289734
9788472289741
9788472289826
9788472323490
9788472329522
9788472450332
9788472450820
9788472451612
9788472451858
9788472452077
9788472452282
9788472452664
9788472452787
9788472452893
9788472452916
9788472453098
9788472453296
9788472453319
9788472453395
9788472453548
9788472453654
9788472453715
9788472453722
9788472453739
9788472454057
9788472454132
9788472454149
9788472454354
9788472454583
9788472454668
9788472454682
9788472454705
9788472454743
9788472454811
9788472454835
9788472455023
9788472455146
9788472455191
9788472455252
9788472455290
9788472455320
9788472455351
9788472455399
9788472455412
9788472455429
9788472455436
9788472455467
9788472455535
9788472455566
9788472455573
9788472455580
9788472455641
9788472455665
9788472455733
9788472455771
9788472455788
9788472455795
9788472455832
9788472455849
9788472455856
9788472455870
9788472455894
9788472455917
9788472455924
9788472455955
9788472455962
9788472456075
9788472456105
9788472456112
9788472456129
9788472456143
9788472456167
9788472456174
9788472456211
9788472456228
9788472456242
9788472456259
9788472456266
9788472456273
9788472456310
9788472456341
9788472456365
9788472456389
9788472456396
9788472456426
9788472456440
9788472456457
9788472456464
9788472456488
9788472456495
9788472456501
9788472456518
9788472456532
9788472456549
9788472456556
9788472456563
9788472456570
9788472456587
9788472456594
9788472456600
9788472456624
9788472456648
9788472456655
9788472456662
9788472456679
9788472456693
9788472456716
9788472456723
9788472456730
9788472456747
9788472456761
9788472456778
9788472456792
9788472456808
9788472456815
9788472456839
9788472456846
9788472456853
9788472456860
9788472456877
9788472456891
9788472456907
9788472456914
9788472456921
9788472456938
9788472456945
9788472456952
9788472456969
9788472456990
9788472457010
9788472457034
9788472457041
9788472457065
9788472457072
9788472457089
9788472457119
9788472457133
9788472457140
9788472457164
9788472457201
9788472457294
9788472457324
9788472457386
9788472457409
9788472457416
9788472457423
9788472457447
9788472457454
9788472457478
9788472457492
9788472457515
9788472457522
9788472457539
9788472457553
9788472457560
9788472457577
9788472457584
9788472457607
9788472457614
9788472457638
9788472457645
9788472457751
9788472457775
9788472457782
9788472457911
9788472458949
9788472458956
9788472458963
9788472458970
9788472458987
9788472458994
9788472459014
9788472459984
9788473514224
9788473514767
9788473596749
9788474325577
9788474326550
9788474328752
9788475064970
9788475065472
9788475065533
9788475066028
9788475066042
9788475066110
9788475066127
9788475066158
9788475066196
9788475066202
9788475066417
9788475066462
9788475066486
9788475066493
9788475066523
9788475066936
9788475067001
9788475067025
9788475067100
9788475067179
9788475067193
9788475067216
9788475067278
9788475067292
9788475067322
9788475067438
9788475067605
9788475067711
9788475067841
9788475067889
9788475067926
9788475068046
9788475068190
9788475068206
9788475068343
9788475068398
9788475068428
9788475068435
9788475068459
9788475068473
9788475068848
9788475068916
9788475068930
9788475068954
9788475069005
9788475069029
9788475069128
9788475069166
9788475069548
9788475069654
9788475069753
9788475069852
9788475069913
9788475069951
9788475069982
9788475091396
9788475092898
9788475094069
9788475562360
9788475773872
9788475774008
9788475774015
9788475774022
9788475774190
9788475774275
9788475774299
9788475774329
9788475774596
9788475774763
9788475775005
9788475775043
9788475775654
9788475776415
9788475776422
9788475776439
9788475777641
9788475777764
9788475777788
9788475777900
9788475777986
9788476095621
9788476306550
9788476406533
9788476406540
9788476406663
9788476407912
9788476408902
9788476409411
9788476450659
9788476450833
9788476451779
9788476452837
9788476452905
9788476452967
9788476453049
9788476453230
9788476453285
9788476453865
9788476453971
9788476454350
9788476454473
9788476454701
9788476455364
9788476455401
9788476456897
9788476457726
9788476457856
9788476458136
9788476459065
9788476459164
9788476459515
9788476459850
9788476511268
9788476535295
9788476535622
9788476535653
9788476539651
9788477115816
9788477118312
9788477118428
9788477118527
9788477119364
9788477201700
9788477203636
9788477203933
9788477205371
9788477205456
9788477205630
9788477205678
9788477205913
9788477206026
9788477206224
9788477206231
9788477206811
9788477206859
9788477207368
9788477207399
9788477207511
9788477207597
9788477207740
9788477207894
9788477207900
9788477207993
9788477208082
9788477208174
9788477208310
9788477208389
9788477208402
9788477208464
9788477208624
9788477208716
9788477208761
9788477208815
9788477209003
9788477209065
9788477209119
9788477209171
9788477209188
9788477209225
9788477209232
9788477209249
9788477209256
9788477209263
9788477209331
9788477209379
9788477209522
9788477209607
9788477209683
9788477209768
9788477209775
9788477209867
9788477209942
9788477215783
9788478080465
9788478080472
9788478081141
9788478081653
9788478081684
9788478081752
9788478081875
9788478082049
9788478082186
9788478082438
9788478082834
9788478082872
9788478083121
9788478083145
9788478083169
9788478083305
9788478083404
9788478083541
9788478083671
9788478083749
9788478083756
9788478083770
9788478083800
9788478083831
9788478083886
9788478083916
9788478083947
9788478083961
9788478084067
9788478084111
9788478084203
9788478084234
9788478084326
9788478084364
9788478084395
9788478084401
9788478084500
9788478084593
9788478084630
9788478084708
9788478084746
9788478084777
9788478084807
9788478084838
9788478084852
9788478084890
9788478084913
9788478084975
9788478085002
9788478085088
9788478085132
9788478085156
9788478085170
9788478085187
9788478085194
9788478085354
9788478085385
9788478085415
9788478085446
9788478085460
9788478085552
9788478085590
9788478085606
9788478085620
9788478085644
9788478085675
9788478085682
9788478085699
9788478085712
9788478085743
9788478085750
9788478085774
9788478085842
9788478085873
9788478085903
9788478085989
9788478086009
9788478086030
9788478086047
9788478086054
9788478086061
9788478086085
9788478086092
9788478086108
9788478086115
9788478086139
9788478086146
9788478086153
9788478086160
9788478086177
9788478086191
9788478086207
9788478086214
9788478086221
9788478086252
9788478086269
9788478086283
9788478086306
9788478086313
9788478086351
9788478086368
9788478086399
9788478086405
9788478086436
9788478086498
9788478086627
9788478086634
9788478086658
9788478086665
9788478086672
9788478086696
9788478086719
9788478086726
9788478086733
9788478086740
9788478086764
9788478086788
9788478086795
9788478086832
9788478086856
9788478086863
9788478086931
9788478087174
9788478087181
9788478087198
9788478087211
9788478087228
9788478087259
9788478087266
9788478087273
9788478087280
9788478087297
9788478087303
9788478087310
9788478087327
9788478087334
9788478087389
9788478087396
9788478087402
9788478087419
9788478087433
9788478087457
9788478087464
9788478087471
9788478087488
9788478087495
9788478087501
9788478087525
9788478087532
9788478087587
9788478087594
9788478087624
9788478087631
9788478087648
9788478087655
9788478087662
9788478087686
9788478087693
9788478087709
9788478087716
9788478087730
9788478087747
9788478087785
9788478087792
9788478087822
9788478087839
9788478087846
9788478087853
9788478087860
9788478087877
9788478087884
9788478087891
9788478087952
9788478087976
9788478087983
9788478087990
9788478088010
9788478088027
9788478088034
9788478088041
9788478088058
9788478088065
9788478088072
9788478088089
9788478088096
9788478088102
9788478088119
9788478088126
9788478088133
9788478088140
9788478088157
9788478088164
9788478088195
9788478088201
9788478088218
9788478088225
9788478088232
9788478088256
9788478088263
9788478088270
9788478088287
9788478088294
9788478088454
9788478088478
9788478088492
9788478088515
9788478088522
9788478088546
9788478088553
9788478088560
9788478088577
9788478088591
9788478088607
9788478088614
9788478088621
9788478088638
9788478088645
9788478088652
9788478088669
9788478088676
9788478088683
9788478088690
9788478088737
9788478088744
9788478088775
9788478088805
9788478088812
9788478088829
9788478088836
9788478088850
9788478088867
9788478088874
9788478088904
9788478088935
9788478088942
9788478088959
9788478088966
9788478088973
9788478088980
9788478088997
9788478089000
9788478089017
9788478089024
9788478089031
9788478089048
9788478089062
9788478089079
9788478089086
9788478089093
9788478089109
9788478089116
9788478089123
9788478089130
9788478089208
9788478089383
9788478089390
9788478089406
9788478089413
9788478089451
9788478089475
9788478089482
9788478089499
9788478089505
9788478089512
9788478089529
9788478089536
9788478089543
9788478089574
9788478089581
9788478089598
9788478089604
9788478089611
9788478089628
9788478089635
9788478089642
9788478089659
9788478089673
9788478089680
9788478089697
9788478089703
9788478089710
9788478089727
9788478089734
9788478089741
9788478089758
9788478089789
9788478089871
9788478446100
9788478641833
9788478641840
9788478641857
9788478641864
9788478642168
9788478642175
9788478642182
9788478642199
9788478642809
9788478642816
9788478642823
9788478643240
9788478643257
9788478643264
9788478643271
9788478643745
9788478643752
9788478643769
9788478643776
9788478644018
9788478644025
9788478644032
9788478644049
9788478644353
9788478644773
9788478644780
9788478644896
9788478644902
9788478644926
9788478645664
9788478645770
9788478645787
9788478645794
9788478645800
9788478645985
9788478645992
9788478646005
9788478646715
9788478646753
9788478646760
9788478646777
9788478646784
9788478647354
9788478647361
9788478647378
9788478647385
9788478647637
9788478647644
9788478647651
9788478647750
9788478647835
9788478647842
9788478647880
9788478647897
9788478647941
9788478647989
9788478648511
9788478648528
9788478648535
9788478648542
9788478648689
9788478648856
9788478648863
9788478648955
9788478648962
9788478648979
9788478648986
9788478649198
9788478649723
9788478710782
9788478711338
9788478711925
9788478714674
9788478714902
9788478715138
9788478715220
9788478716432
9788478716463
9788478716609
9788478716852
9788478717637
9788478717682
9788478718276
9788478718641
9788478718955
9788478719426
9788478719457
9788478719464
9788478886296
9788478886401
9788478887194
9788478887842
9788478887927
9788478888016
9788478888238
9788478888542
9788478888726
9788478888771
9788478888856
9788478889105
9788478889259
9788478889327
9788478889426
9788478889754
9788478889761
9788478889839
9788478889884
9788478889891
9788478889983
9788478889990
9788478979745
9788479010195
9788479011161
9788479014995
9788479015169
9788479017835
9788479019778
9788479075088
9788479276195
9788479276287
9788479276713
9788479276867
9788479276928
9788479277178
9788479277642
9788479277789
9788479277802
9788479278069
9788479278175
9788479278601
9788479278670
9788479278694
9788479278816
9788479278823
9788479278847
9788479278946
9788479279004
9788479279172
9788479279189
9788479279196
9788479279240
9788479279370
9788479279417
9788479279547
9788479279592
9788479279608
9788479279622
9788479279646
9788479279677
9788479279684
9788479279738
9788479279745
9788479279820
9788479279837
9788479279875
9788479279936
9788479279967
9788479279981
9788479425265
9788479530389
9788479530969
9788479531805
9788479532345
9788479532376
9788479533298
9788479533373
9788479533618
9788479534028
9788479534349
9788479534806
9788479534813
9788479534820
9788479534875
9788479534899
9788479535131
9788479535155
9788479535162
9788479535216
9788479535223
9788479535261
9788479535285
9788479535384
9788479535421
9788479535476
9788479535605
9788479535612
9788479535636
9788479535643
9788479535704
9788479535735
9788479535759
9788479535810
9788479535827
9788479535858
9788479535865
9788479535889
9788479535919
9788479535926
9788479535933
9788479535957
9788479535988
9788479535995
9788479536008
9788479536022
9788479536039
9788479536077
9788479536121
9788479536190
9788479536220
9788479536251
9788479536343
9788479536367
9788479536404
9788479536428
9788479536466
9788479536497
9788479536503
9788479536527
9788479536534
9788479536541
9788479536558
9788479536565
9788479536602
9788479536633
9788479536701
9788479536749
9788479536824
9788479536855
9788479536879
9788479536886
9788479536909
9788479536916
9788479536923
9788479536930
9788479536954
9788479536985
9788479536992
9788479537005
9788479537012
9788479537036
9788479537043
9788479537050
9788479537067
9788479537074
9788479537098
9788479537104
9788479537111
9788479537128
9788479537135
9788479537159
9788479537210
9788479537234
9788479537241
9788479537258
9788479537265
9788479537272
9788479537289
9788479537302
9788479537319
9788479537326
9788479537333
9788479537395
9788479537401
9788479537418
9788479537432
9788479537470
9788479537487
9788479537517
9788479537524
9788479537531
9788479537555
9788479537562
9788479537579
9788479537593
9788479537616
9788479537623
9788479537630
9788479537654
9788479537661
9788479537685
9788479537692
9788479537722
9788479537753
9788479537760
9788479537777
9788479537784
9788479537807
9788479537814
9788479537869
9788479537876
9788479537913
9788479537920
9788479537944
9788479537975
9788479537982
9788479538002
9788479538019
9788479538040
9788479538057
9788479538064
9788479538088
9788479538095
9788479538125
9788479538149
9788479538163
9788479538187
9788479538224
9788479538231
9788479538279
9788479538316
9788479538323
9788479538347
9788479538354
9788479538361
9788479538378
9788479538415
9788479538422
9788479538439
9788479538446
9788479538453
9788479538477
9788479538484
9788479538507
9788479538514
9788479538538
9788479538545
9788479538552
9788479538569
9788479538576
9788479538583
9788479538590
9788479538606
9788479538613
9788479538620
9788479538637
9788479538644
9788479538668
9788479538699
9788479538705
9788479538712
9788479538729
9788479538743
9788479538750
9788479538767
9788479538774
9788479538798
9788479538811
9788479538842
9788479538859
9788479538866
9788479538873
9788479538927
9788479538934
9788479538965
9788479539009
9788479539047
9788479539054
9788479539061
9788479539085
9788479539108
9788479539115
9788479539122
9788479539139
9788479539146
9788479539160
9788479539177
9788479539184
9788479539191
9788479539207
9788479539238
9788479539245
9788479539252
9788479539269
9788479539290
9788479539306
9788479539320
9788479539337
9788479539344
9788479539375
9788479539382
9788479539399
9788479539405
9788479539412
9788479539436
9788479539443
9788479539450
9788479539467
9788479539498
9788479539504
9788479539511
9788479539535
9788479539542
9788479539559
9788479539573
9788479539580
9788479539597
9788479539610
9788479539627
9788479539634
9788479539641
9788479539658
9788479539665
9788479539672
9788479539689
9788479539702
9788479539719
9788479539740
9788479539757
9788479539764
9788479716295
9788479718022
9788479718046
9788479718138
9788480163194
9788480163873
9788480163880
9788480169080
9788480173681
9788480263252
9788480263474
9788480264839
9788480269742
9788480432870
9788480761864
9788480762748
9788480763028
9788480763349
9788480763493
9788480763516
9788480763547
9788480763608
9788480763776
9788480763820
9788480763929
9788480763967
9788480763974
9788480764094
9788480764315
9788480764629
9788480764698
9788480764711
9788480764834
9788480764865
9788480764926
9788480765022
9788480765091
9788480765275
9788480765299
9788480765398
9788480765435
9788480765442
9788480765510
9788480765749
9788480765930
9788480765985
9788480766357
9788480766494
9788480766876
9788480767033
9788480767231
9788480767545
9788480767590
9788480767606
9788480767613
9788480767675
9788480767682
9788480767859
9788480768115
9788480768337
9788480768375
9788480768450
9788480768467
9788480768559
9788480768689
9788480768696
9788480768702
9788480768771
9788480768825
9788480768986
9788480768993
9788480769013
9788480769037
9788480769051
9788480769075
9788480769082
9788480769099
9788480769242
9788480769266
9788480769273
9788480769280
9788480769297
9788480769303
9788480769327
9788480769334
9788480769341
9788480769358
9788480769471
9788480769488
9788480769501
9788480769518
9788480769532
9788480769549
9788480769600
9788480769662
9788480769792
9788480769808
9788480769815
9788480769822
9788480769846
9788480769891
9788480769907
9788480769921
9788480769938
9788480769945
9788480769969
9788480769976
9788480769983
9788480769990
9788480862905
9788480866019
9788480866118
9788480866125
9788480866149
9788480866156
9788480866194
9788480866200
9788480866231
9788480866286
9788480869478
9788481301342
9788481301762
9788481317480
9788481317664
9788481317688
9788481748000
9788481748925
9788481749366
9788481813340
9788481850031
9788482670102
9788482670119
9788482670430
9788482670607
9788482670638
9788482671161
9788482671239
9788482671383
9788482671529
9788482672373
9788482672465
9788482672595
9788482672793
9788482672816
9788482673097
9788482673158
9788482673165
9788482673301
9788482673394
9788482673424
9788482673431
9788482673493
9788482673509
9788482673523
9788482673530
9788482673561
9788482673578
9788482673585
9788482673622
9788482673653
9788482673677
9788482673684
9788482673769
9788482673776
9788482673790
9788482673868
9788482674148
9788482674162
9788482674209
9788482674308
9788482674339
9788482674346
9788482674353
9788482674360
9788482674377
9788482674490
9788482674537
9788482674544
9788482674568
9788482674575
9788482674599
9788482674605
9788482674612
9788482674629
9788482674643
9788482674681
9788482674704
9788482674728
9788482674759
9788482674766
9788482674780
9788482674797
9788482674841
9788482674865
9788482674872
9788482674889
9788482674896
9788482674902
9788482674919
9788482674964
9788482674971
9788482674995
9788482675060
9788482675084
9788482675145
9788482675152
9788482675176
9788482675190
9788482675220
9788482675237
9788482675244
9788482675251
9788482675299
9788482675305
9788482675329
9788482675367
9788482675374
9788482675381
9788482675411
9788482675435
9788482675466
9788482675480
9788482675497
9788482675503
9788482675510
9788482675534
9788482675558
9788482675565
9788482675596
9788482675602
9788482675619
9788482675626
9788482675640
9788482675671
9788482675688
9788482675701
9788482675718
9788482675725
9788482675732
9788482675749
9788482675756
9788482675763
9788482675770
9788482676555
9788482676647
9788482676753
9788482676968
9788482676975
9788482676982
9788482676999
9788482677002
9788482677033
9788482677040
9788482677057
9788482677064
9788482677071
9788482677095
9788482677118
9788482677163
9788482677293
9788482677309
9788482677323
9788482677330
9788482677545
9788482678139
9788482678207
9788482678214
9788482678245
9788482678252
9788482678276
9788482678368
9788482678382
9788482678405
9788482678412
9788482678429
9788482678467
9788482678474
9788482678481
9788482678498
9788482678504
9788482678511
9788482678528
9788482678535
9788482678542
9788482678559
9788482678566
9788482678573
9788482678580
9788482678597
9788482678603
9788482678627
9788482678634
9788482678641
9788482678658
9788482678665
9788482678672
9788482678726
9788482678733
9788482678757
9788482678764
9788482678801
9788482678870
9788482678986
9788482679013
9788482679020
9788482679082
9788482679242
9788482679259
9788482679266
9788482679273
9788482679280
9788482679501
9788482679518
9788482679525
9788482679532
9788482679549
9788482679556
9788482679624
9788482679648
9788482679655
9788482679662
9788482679679
9788482679686
9788482679693
9788482679709
9788482679907
9788482679914
9788482679921
9788482679938
9788482679945
9788482679969
9788482679976
9788482807744
9788482983257
9788483011300
9788483013090
9788483014752
9788483014813
9788483015315
9788483015438
9788483015513
9788483015872
9788483015988
9788483015995
9788483016206
9788483016527
9788483017180
9788483017388
9788483017524
9788483017807
9788483018002
9788483018439
9788483018460
9788483018507
9788483018514
9788483018545
9788483018552
9788483018590
9788483018606
9788483018620
9788483018729
9788483018743
9788483018774
9788483018811
9788483018828
9788483018910
9788483018941
9788483019283
9788483019344
9788483019443
9788483019498
9788483019528
9788483019559
9788483019597
9788483019610
9788483019634
9788483019665
9788483019689
9788483107164
9788483223802
9788483224465
9788483228173
9788483230060
9788483230510
9788483231142
9788483231159
9788483231272
9788483231289
9788483231296
9788483231302
9788483231357
9788483231364
9788483231371
9788483231388
9788483231395
9788483231401
9788483231418
9788483231425
9788483231432
9788483231487
9788483231494
9788483231500
9788483231517
9788483231524
9788483231531
9788483231548
9788483231555
9788483231562
9788483231579
9788483231586
9788483231593
9788483231609
9788483231616
9788483231623
9788483231807
9788483231876
9788483231883
9788483231906
9788483231920
9788483231937
9788483231951
9788483231968
9788483231975
9788483231982
9788483231999
9788483232002
9788483232095
9788483232118
9788483232132
9788483232149
9788483232217
9788483232224
9788483232248
9788483232279
9788483232293
9788483232309
9788483232347
9788483232354
9788483232378
9788483232392
9788483232408
9788483232422
9788483232439
9788483232583
9788483232606
9788483232613
9788483232637
9788483232682
9788483232699
9788483232729
9788483232767
9788483232774
9788483232798
9788483232811
9788483232835
9788483232842
9788483232866
9788483232880
9788483232897
9788483232910
9788483232941
9788483232958
9788483233061
9788483233146
9788483233153
9788483233177
9788483233207
9788483233214
9788483233221
9788483233344
9788483233375
9788483233405
9788483233429
9788483233436
9788483233474
9788483233481
9788483233504
9788483233511
9788483233535
9788483233559
9788483233580
9788483233597
9788483233610
9788483233641
9788483233689
9788483233887
9788483233948
9788483233962
9788483234044
9788483234273
9788483234280
9788483234297
9788483234310
9788483234327
9788483234334
9788483234341
9788483234358
9788483234365
9788483234501
9788483234563
9788483234693
9788483234709
9788483234730
9788483234761
9788483234778
9788483234815
9788483234822
9788483234839
9788483234860
9788483234884
9788483234907
9788483234938
9788483234945
9788483234952
9788483234976
9788483234983
9788483235010
9788483235034
9788483235065
9788483235089
9788483235096
9788483235133
9788483235140
9788483235164
9788483235188
9788483235195
9788483235218
9788483235263
9788483235270
9788483235294
9788483235324
9788483235348
9788483235379
9788483235393
9788483235409
9788483235454
9788483235478
9788483235485
9788483235508
9788483235522
9788483235539
9788483235560
9788483235607
9788483235638
9788483235669
9788483235683
9788483235720
9788483235737
9788483235799
9788483235812
9788483235829
9788483235843
9788483236086
9788483236093
9788483236109
9788483236116
9788483236161
9788483236338
9788483236383
9788483236390
9788483236406
9788483236413
9788483236437
9788483236451
9788483236628
9788483236826
9788483236840
9788483236956
9788483237229
9788483237267
9788483237298
9788483237311
9788483237328
9788483237359
9788483237366
9788483237564
9788483237724
9788483237779
9788483237786
9788483237809
9788483237823
9788483237847
9788483237939
9788483237953
9788483238011
9788483238097
9788483238356
9788483238363
9788483238615
9788483238745
9788483238769
9788483238820
9788483238837
9788483238882
9788483238899
9788483238967
9788483238974
9788483239056
9788483239063
9788483239094
9788483239162
9788483239537
9788483239599
9788483239704
9788483239827
9788483239841
9788483239919
9788483239957
9788483263778
9788483430033
9788483430057
9788483430064
9788483430088
9788483430095
9788483430125
9788483430132
9788483430149
9788483430163
9788483430170
9788483430187
9788483430224
9788483430231
9788483430248
9788483430255
9788483430262
9788483430279
9788483430323
9788483430354
9788483430378
9788483430385
9788483430415
9788483430422
9788483430477
9788483430491
9788483430514
9788483430538
9788483430569
9788483430576
9788483430583
9788483430590
9788483430620
9788483430637
9788483430682
9788483430699
9788483430705
9788483430712
9788483430750
9788483430774
9788483430798
9788483430828
9788483430842
9788483430859
9788483430873
9788483430897
9788483430910
9788483430934
9788483430958
9788483430972
9788483430989
9788483431016
9788483431030
9788483431092
9788483431146
9788483431160
9788483431184
9788483431207
9788483431221
9788483431238
9788483431252
9788483431276
9788483431283
9788483431290
9788483431320
9788483431337
9788483431351
9788483431368
9788483431375
9788483431382
9788483431436
9788483431467
9788483431481
9788483431504
9788483431528
9788483431542
9788483431566
9788483431573
9788483431580
9788483431672
9788483431696
9788483431719
9788483431733
9788483431757
9788483431771
9788483431801
9788483431962
9788483431986
9788483431993
9788483432006
9788483432013
9788483432051
9788483432068
9788483432082
9788483432112
9788483432129
9788483432136
9788483432389
9788483432396
9788483432426
9788483432433
9788483432440
9788483432495
9788483432594
9788483432679
9788483432693
9788483432716
9788483432730
9788483432877
9788483432914
9788483432921
9788483433041
9788483433058
9788483433065
9788483433089
9788483433096
9788483433102
9788483433683
9788483433706
9788483433713
9788483433737
9788483433744
9788483433751
9788483433911
9788483433942
9788483433959
9788483433973
9788483433997
9788483434017
9788483434024
9788483434048
9788483434062
9788483434079
9788483434086
9788483465240
9788483469019
9788483521373
9788483523506
9788483527610
9788483528914
9788483535967
9788483560198
9788483560266
9788483560273
9788483560334
9788483560365
9788483560778
9788483560808
9788483560815
9788483561072
9788483561188
9788483561195
9788483561201
9788483561218
9788483561225
9788483561232
9788483561249
9788483561256
9788483561294
9788483561362
9788483561461
9788483561591
9788483561607
9788483561621
9788483561645
9788483561652
9788483561669
9788483562130
9788483562178
9788483562208
9788483562246
9788483562284
9788483562321
9788483562574
9788483562635
9788483562666
9788483562673
9788483562697
9788483562727
9788483562826
9788483562840
9788483562918
9788483562956
9788483563953
9788483564103
9788483564172
9788483564189
9788483564257
9788483564653
9788483564677
9788483564783
9788483564844
9788483565049
9788483565087
9788483565100
9788483565162
9788483565810
9788483565827
9788483565834
9788483565865
9788483565971
9788483566046
9788483566336
9788483566350
9788483566404
9788483566541
9788483566565
9788483566626
9788483566664
9788483566725
9788483566763
9788483566787
9788483566800
9788483566862
9788483566930
9788483566954
9788483566978
9788483566992
9788483567012
9788483567036
9788483567050
9788483567111
9788483567135
9788483567173
9788483567210
9788483567272
9788483567340
9788483567357
9788483567371
9788483567432
9788483567470
9788483567517
9788483567586
9788483567654
9788483567692
9788483567739
9788483567753
9788483567791
9788483567852
9788483567876
9788483567913
9788483567975
9788483568026
9788483568064
9788483568088
9788483568125
9788483568156
9788483568187
9788483568200
9788483568248
9788483568262
9788483568309
9788483568316
9788483568392
9788483568415
9788483568422
9788483568484
9788483568651
9788483568743
9788483568767
9788483568798
9788483568811
9788483568842
9788483568866
9788483568880
9788483568903
9788483569153
9788483569238
9788483569252
9788483569290
9788483569313
9788483569337
9788483569375
9788483569443
9788483569467
9788483569481
9788483569504
9788483569542
9788483569580
9788483569603
9788483569665
9788483569726
9788483569740
9788483569849
9788483569863
9788483569887
9788483569955
9788483569979
9788483593554
9788483593561
9788483593578
9788483651056
9788483651360
9788483652107
9788483653050
9788483653210
9788483653395
9788483653685
9788483654019
9788483654422
9788483654446
9788483654507
9788483654620
9788483654811
9788483654835
9788483655436
9788483655849
9788483656259
9788483656600
9788483657591
9788483657652
9788483657720
9788483657744
9788483657751
9788483657812
9788483657881
9788483658086
9788483658147
9788483658468
9788483658482
9788483658499
9788483658536
9788483658550
9788483658703
9788483658802
9788483658819
9788483658833
9788483658901
9788483659236
9788483659298
9788483659304
9788484070535
9788484071099
9788484071167
9788484071174
9788484071181
9788484071198
9788484071204
9788484071211
9788484071228
9788484071235
9788484071242
9788484071259
9788484071273
9788484071426
9788484071471
9788484071648
9788484071891
9788484072003
9788484072010
9788484072027
9788484072034
9788484072041
9788484072058
9788484072065
9788484072072
9788484072089
9788484072096
9788484072102
9788484072119
9788484072638
9788484072645
9788484072683
9788484072690
9788484072836
9788484072843
9788484072874
9788484072911
9788484073369
9788484073390
9788484073444
9788484073451
9788484073468
9788484073482
9788484073574
9788484073796
9788484073857
9788484073994
9788484074236
9788484074304
9788484074465
9788484074779
9788484074977
9788484075004
9788484075028
9788484075615
9788484076087
9788484076414
9788484076438
9788484076605
9788484076650
9788484076889
9788484076896
9788484076902
9788484076926
9788484077008
9788484077411
9788484077657
9788484077664
9788484077671
9788484077688
9788484077695
9788484077701
9788484077756
9788484078272
9788484078418
9788484078449
9788484078692
9788484078708
9788484078999
9788484079194
9788484079200
9788484079217
9788484079224
9788484079248
9788484079255
9788484079262
9788484079279
9788484079286
9788484079293
9788484079309
9788484079316
9788484079323
9788484079330
9788484079347
9788484079354
9788484079361
9788484079385
9788484079477
9788484079484
9788484079491
9788484079507
9788484079521
9788484079569
9788484079576
9788484079583
9788484079590
9788484079606
9788484079613
9788484079651
9788484079668
9788484079675
9788484079682
9788484079699
9788484079705
9788484079729
9788484079743
9788484079767
9788484079774
9788484079866
9788484096696
9788484232483
9788484232971
9788484233008
9788484233879
9788484261346
9788484265238
9788484269915
9788484419945
9788484431305
9788484431343
9788484502623
9788484502630
9788484523673
9788484524182
9788484524649
9788484525486
9788484525639
9788484531708
9788484640363
9788484640868
9788484641223
9788484641940
9788484642312
9788484642633
9788484645177
9788484646020
9788484648611
9788484648659
9788484648680
9788484648734
9788484648949
9788484649182
9788484649335
9788484649427
9788484649441
9788484649496
9788484649588
9788484649670
9788484649762
9788484649809
9788484649847
9788484649915
9788484649977
9788484700050
9788484700258
9788484700944
9788484701057
9788484701163
9788484701293
9788484701750
9788484701842
9788484702375
9788484702467
9788484702825
9788484702993
9788484703044
9788484703297
9788484703471
9788484703723
9788484703808
9788484703839
9788484703891
9788484704041
9788484704102
9788484704263
9788484704287
9788484704317
9788484704478
9788484704560
9788484704744
9788484704768
9788484704829
9788484704836
9788484704850
9788484704874
9788484704904
9788484704928
9788484704959
9788484704973
9788484704997
9788484705017
9788484705086
9788484705109
9788484705123
9788484705147
9788484705185
9788484705208
9788484705222
9788484705260
9788484705277
9788484705291
9788484705314
9788484705338
9788484705352
9788484705376
9788484705390
9788484705413
9788484705437
9788484705499
9788484711711
9788484801719
9788484801931
9788484803744
9788484837602
9788484837619
9788484880226
9788484880240
9788484880547
9788484881575
9788484881643
9788484881674
9788484881728
9788484881810
9788484882183
9788484882428
9788484882671
9788485334681
9788485662968
9788485803132
9788485803484
9788485803668
9788485803699
9788486221034
9788486221362
9788486221584
9788486221683
9788486344658
9788486344702
9788486703523
9788487022180
9788487022371
9788487022838
9788487022890
9788487314599
9788487314872
9788487462702
9788487467042
9788487467059
9788487467066
9788487467134
9788487467158
9788487467165
9788487467172
9788487467196
9788487467202
9788487467219
9788487467257
9788487467264
9788487467288
9788487467295
9788487467301
9788487467318
9788487467325
9788487467332
9788487467349
9788487467448
9788487467455
9788487467462
9788487520914
9788487520976
9788488061393
9788488061751
9788488290502
9788488290571
9788488342218
9788488342515
9788488342577
9788488342591
9788488342669
9788488342683
9788488342744
9788488342836
9788488342874
9788488342973
9788488344021
9788488344052
9788488344069
9788488455147
9788488455253
9788488455291
9788488455611
9788488455666
9788488455819
9788488455871
9788488455901
9788488455949
9788488717399
9788488717511
9788488717627
9788488717719
9788488717856
9788488786258
9788488786326
9788488786517
9788488786616
9788488786838
9788489268500
9788489333123
9788489333383
9788489367029
9788489367098
9788489367135
9788489367159
9788489367173
9788489367227
9788489367289
9788489367296
9788489367302
9788489367319
9788489367326
9788489367333
9788489367371
9788489367395
9788489367456
9788489367494
9788489367517
9788489367524
9788489367531
9788489367548
9788489367555
9788489367562
9788489367593
9788489367609
9788489367616
9788489367623
9788489367630
9788489367647
9788489367654
9788489367661
9788489367678
9788489367685
9788489367692
9788489367722
9788489367746
9788489367777
9788489367784
9788489367791
9788489367814
9788489367821
9788489367845
9788489367852
9788489367869
9788489367876
9788489367883
9788489367913
9788489367937
9788489367944
9788489367951
9788489367975
9788489367982
9788489367999
9788489396074
9788489396159
9788489396180
9788489396548
9788489396654
9788489396678
9788489396746
9788489396760
9788489396814
9788489396821
9788489396852
9788489396890
9788489636828
9788489662346
9788489662445
9788489662766
9788489666016
9788489666061
9788489666078
9788489666092
9788489666108
9788489666146
9788489666177
9788489666184
9788489666214
9788489666221
9788489666238
9788489666283
9788489666313
9788489666337
9788489666344
9788489666351
9788489666535
9788489698161
9788489698253
9788489698420
9788489698444
9788489698451
9788489698871
9788489698925
9788489698987
9788489749009
9788489749023
9788489749184
9788489749191
9788489749214
9788489749221
9788489749252
9788489749290
9788489749344
9788489749351
9788489749368
9788489749382
9788489749399
9788489749474
9788489749481
9788489749498
9788489749504
9788489749528
9788489749542
9788489749603
9788489749726
9788489749740
9788489749801
9788489749931
9788489749979
9788489756045
9788489756236
9788489756243
9788489756366
9788489756465
9788489756595
9788489756649
9788489756663
9788489756700
9788489756717
9788489756724
9788489756748
9788489756793
9788489756809
9788489761780
9788489771079
9788489771161
9788489771512
9788489771567
9788489771604
9788489771635
9788489771659
9788489804081
9788489804098
9788489804173
9788489804210
9788489804227
9788489804241
9788489804265
9788489804654
9788489804708
9788489804784
9788489804814
9788489804838
9788489804920
9788489804975
9788489804982
9788489804999
9788489861732
9788489873339
9788489873360
9788489884946
9788489884953
9788489895324
9788489902510
9788489935754
9788489935761
9788489935815
9788489961364
9788489961432
9788490000922
9788490001202
9788490009116
9788490062364
9788490063989
9788490064160
9788490064375
9788490064399
9788490064610
9788490064801
9788490064849
9788490066638
9788490070000
9788490070031
9788490070079
9788490070154
9788490070161
9788490070697
9788490070703
9788490070734
9788490070758
9788490070932
9788490070949
9788490070970
9788490071007
9788490071014
9788490071342
9788490071366
9788490072769
9788490072776
9788490072783
9788490072790
9788490072806
9788490072813
9788490072820
9788490072837
9788490072844
9788490072851
9788490072868
9788490072875
9788490072882
9788490072899
9788490072905
9788490072912
9788490072929
9788490072936
9788490072943
9788490072950
9788490072967
9788490072974
9788490072981
9788490072998
9788490073001
9788490073018
9788490073025
9788490073032
9788490073049
9788490073056
9788490073063
9788490073070
9788490073087
9788490073094
9788490073100
9788490073117
9788490073124
9788490073131
9788490073148
9788490073155
9788490073162
9788490073179
9788490073186
9788490073193
9788490073209
9788490073216
9788490073223
9788490073377
9788490073414
9788490073490
9788490073537
9788490073681
9788490076729
9788490076736
9788490076743
9788490076842
9788490076859
9788490076903
9788490076910
9788490077009
9788490077023
9788490077061
9788490077092
9788490077108
9788490077115
9788490077245
9788490077252
9788490077313
9788490077344
9788490077405
9788490077450
9788490077559
9788490077566
9788490077580
9788490077658
9788490077733
9788490077771
9788490077795
9788490077849
9788490077863
9788490077887
9788490077948
9788490078112
9788490078266
9788490078297
9788490078372
9788490078396
9788490078457
9788490078501
9788490078570
9788490078679
9788490078693
9788490078747
9788490078778
9788490078822
9788490078839
9788490078846
9788490078914
9788490078952
9788490078976
9788490079003
9788490079010
9788490079034
9788490079041
9788490079058
9788490079171
9788490079188
9788490079409
9788490079416
9788490079423
9788490079522
9788490079546
9788490079553
9788490079591
9788490079607
9788490079645
9788490079676
9788490079737
9788490097816
9788490103234
9788490150085
9788490150597
9788490150634
9788490150702
9788490151204
9788490151617
9788490152058
9788490152195
9788490152508
9788490152607
9788490152614
9788490152645
9788490153123
9788490153147
9788490153284
9788490153444
9788490153543
9788490153758
9788490153765
9788490153857
9788490153956
9788490153963
9788490154045
9788490154205
9788490154465
9788490154533
9788490154755
9788490154847
9788490154960
9788490154977
9788490154984
9788490155103
9788490155233
9788490155240
9788490155301
9788490155462
9788490155493
9788490155523
9788490155585
9788490155592
9788490155615
9788490155844
9788490155868
9788490155905
9788490156025
9788490156278
9788490156568
9788490156667
9788490156735
9788490156919
9788490157183
9788490157206
9788490157329
9788490157404
9788490157411
9788490157510
9788490157664
9788490157671
9788490157800
9788490157824
9788490157886
9788490157893
9788490157909
9788490157923
9788490158050
9788490158081
9788490158173
9788490158203
9788490158289
9788490158357
9788490158425
9788490158449
9788490158487
9788490158500
9788490158647
9788490158777
9788490158920
9788490159064
9788490159101
9788490159347
9788490159408
9788490159422
9788490159446
9788490159521
9788490310748
9788490311301
9788490311745
9788490312704
9788490312858
9788490312919
9788490312933
9788490314050
9788490314067
9788490314081
9788490314135
9788490314197
9788490314333
9788490314340
9788490314357
9788490314364
9788490315637
9788490315781
9788490316085
9788490316153
9788490316276
9788490316399
9788490316436
9788490316498
9788490316610
9788490317273
9788490317341
9788490317372
9788490317389
9788490317402
9788490317440
9788490317471
9788490317488
9788490317525
9788490317532
9788490317587
9788490317617
9788490317792
9788490317907
9788490317983
9788490318164
9788490319192
9788490319208
9788490319222
9788490319239
9788490319437
9788490319710
9788490319840
9788490319857
9788490319888
9788490320594
9788490322406
9788490322413
9788490322505
9788490322697
9788490322789
9788490324349
9788490324554
9788490324639
9788490325520
9788490325735
9788490325742
9788490326343
9788490326398
9788490327227
9788490327340
9788490327371
9788490327791
9788490328040
9788490328057
9788490328194
9788490329047
9788490329054
9788490329610
9788490329665
9788490360002
9788490360019
9788490368039
9788490368046
9788490368053
9788490368084
9788490368091
9788490390016
9788490390061
9788490390153
9788490390177
9788490390191
9788490390269
9788490390405
9788490390504
9788490390542
9788490390597
9788490390849
9788490390900
9788490390924
9788490390948
9788490390962
9788490391068
9788490391136
9788490391464
9788490391518
9788490391747
9788490391778
9788490391914
9788490391938
9788490391976
9788490392010
9788490392041
9788490392201
9788490392355
9788490392591
9788490392775
9788490392782
9788490392836
9788490392881
9788490392928
9788490393345
9788490393406
9788490393758
9788490394243
9788490394267
9788490394403
9788490394410
9788490394441
9788490394571
9788490394632
9788490394939
9788490395509
9788490395806
9788490395943
9788490396049
9788490396094
9788490396131
9788490396162
9788490396216
9788490396278
9788490396407
9788490396483
9788490396490
9788490396575
9788490396582
9788490396759
9788490396773
9788490396865
9788490397015
9788490397077
9788490397084
9788490397091
9788490397121
9788490397305
9788490397312
9788490397404
9788490397480
9788490397510
9788490397541
9788490397602
9788490397671
9788490397718
9788490397770
9788490397879
9788490397886
9788490397954
9788490397961
9788490397992
9788490398012
9788490398029
9788490398050
9788490398067
9788490398104
9788490398111
9788490398128
9788490398180
9788490398197
9788490398210
9788490398227
9788490398258
9788490398265
9788490398302
9788490398326
9788490398357
9788490398418
9788490398432
9788490398449
9788490398487
9788490398517
9788490398555
9788490398579
9788490398586
9788490398593
9788490398616
9788490398630
9788490398661
9788490398678
9788490398692
9788490398708
9788490398715
9788490398722
9788490398739
9788490398753
9788490398791
9788490398814
9788490398821
9788490398845
9788490398852
9788490398869
9788490398883
9788490398890
9788490398920
9788490398944
9788490398968
9788490398999
9788490399002
9788490399019
9788490399026
9788490399033
9788490399040
9788490399057
9788490399118
9788490399125
9788490399149
9788490399156
9788490399224
9788490399255
9788490399262
9788490399286
9788490399309
9788490399316
9788490399347
9788490399378
9788490399385
9788490399415
9788490399422
9788490399439
9788490399446
9788490399460
9788490399491
9788490399507
9788490399521
9788490399538
9788490399545
9788490399552
9788490399576
9788490399590
9788490399606
9788490399620
9788490399675
9788490399682
9788490399705
9788490399736
9788490399767
9788490399774
9788490399781
9788490399798
9788490399804
9788490399811
9788490399828
9788490399835
9788490399859
9788490399866
9788490399873
9788490399880
9788490399897
9788490399903
9788490399934
9788490399958
9788490431672
9788490434178
9788490434642
9788490434727
9788490434734
9788490434857
9788490435670
9788490435731
9788490435779
9788490435816
9788490435861
9788490435915
9788490435922
9788490436240
9788490436271
9788490436301
9788490436547
9788490436578
9788490436585
9788490437339
9788490504710
9788490540046
9788490540077
9788490540138
9788490540589
9788490560778
9788490561089
9788490561331
9788490622179
9788490622360
9788490623503
9788490624081
9788490624166
9788490624227
9788490625064
9788490625460
9788490625491
9788490625569
9788490625613
9788490625620
9788490625651
9788490625668
9788490625675
9788490625699
9788490625736
9788490625897
9788490625903
9788490625910
9788490625934
9788490625972
9788490626078
9788490626085
9788490626092
9788490626108
9788490626177
9788490626207
9788490626214
9788490626559
9788490626573
9788490626580
9788490626603
9788490626610
9788490626627
9788490626634
9788490626641
9788490626658
9788490626696
9788490626702
9788490626719
9788490626726
9788490626740
9788490626757
9788490626764
9788490627266
9788490627303
9788490627327
9788490627358
9788490627365
9788490627501
9788490627532
9788490627709
9788490627761
9788490627785
9788490627792
9788490627808
9788490627846
9788490627853
9788490628027
9788490628102
9788490628119
9788490628126
9788490628133
9788490628140
9788490628157
9788490628164
9788490628171
9788490628188
9788490628195
9788490628294
9788490628324
9788490628348
9788490628355
9788490628362
9788490628522
9788490628539
9788490628546
9788490628669
9788490628676
9788490628683
9788490628690
9788490628706
9788490628713
9788490628720
9788490628737
9788490628744
9788490628751
9788490628768
9788490628775
9788490628782
9788490628799
9788490628829
9788490628843
9788490628898
9788490628973
9788490628980
9788490628997
9788490629000
9788490629031
9788490629048
9788490629055
9788490629062
9788490629079
9788490629086
9788490629093
9788490629109
9788490629123
9788490629130
9788490629154
9788490629208
9788490629215
9788490629222
9788490629239
9788490629246
9788490629253
9788490629277
9788490629284
9788490700051
9788490700068
9788490700075
9788490700105
9788490700129
9788490700167
9788490700174
9788490700181
9788490700198
9788490700204
9788490700228
9788490700242
9788490700259
9788490700273
9788490700303
9788490700310
9788490700327
9788490700365
9788490700372
9788490700389
9788490700426
9788490700433
9788490700457
9788490700471
9788490700501
9788490700518
9788490700594
9788490700600
9788490700617
9788490700655
9788490700662
9788490700693
9788490700716
9788490700747
9788490700754
9788490700761
9788490700785
9788490700792
9788490700808
9788490700839
9788490700846
9788490700860
9788490700907
9788490700952
9788490700983
9788490700990
9788490701010
9788490701027
9788490701034
9788490701058
9788490701096
9788490701102
9788490701133
9788490701157
9788490701171
9788490701263
9788490701270
9788490701287
9788490701294
9788490701317
9788490701331
9788490701355
9788490701423
9788490701430
9788490701447
9788490701478
9788490701492
9788490701508
9788490701522
9788490701546
9788490701560
9788490701577
9788490701584
9788490701607
9788490701621
9788490701638
9788490701645
9788490701669
9788490701676
9788490701683
9788490701706
9788490701737
9788490701744
9788490701751
9788490701768
9788490701775
9788490701782
9788490701799
9788490701805
9788490701829
9788490701843
9788490701850
9788490701874
9788490701973
9788490701980
9788490702000
9788490702024
9788490702031
9788490702062
9788490702123
9788490702147
9788490702161
9788490702208
9788490702215
9788490702239
9788490702246
9788490702260
9788490702321
9788490702338
9788490702345
9788490702369
9788490702376
9788490702383
9788490702390
9788490702406
9788490702413
9788490702437
9788490702475
9788490702482
9788490702512
9788490702529
9788490702543
9788490702550
9788490702574
9788490702598
9788490702611
9788490702628
9788490702635
9788490702642
9788490702659
9788490702666
9788490702680
9788490702703
9788490702727
9788490702758
9788490702789
9788490702802
9788490702819
9788490702826
9788490702833
9788490702871
9788490702895
9788490702901
9788490702918
9788490702925
9788490702932
9788490702949
9788490702956
9788490703014
9788490703021
9788490703038
9788490703045
9788490703069
9788490703083
9788490703090
9788490703106
9788490703120
9788490703144
9788490703151
9788490703199
9788490703212
9788490703274
9788490703281
9788490703298
9788490703304
9788490703311
9788490703328
9788490703366
9788490712320
9788490720011
9788490720028
9788490720035
9788490720042
9788490720059
9788490720080
9788490720097
9788490720127
9788490720134
9788490720141
9788490720158
9788490720165
9788490720219
9788490720233
9788490720240
9788490720257
9788490720264
9788490720271
9788490720288
9788490720295
9788490720301
9788490720318
9788490720325
9788490720332
9788490720349
9788490720356
9788490720370
9788490720394
9788490720400
9788490720424
9788490720431
9788490720448
9788490720479
9788490720486
9788490720493
9788490720509
9788490720523
9788490720530
9788490720547
9788490720554
9788490720578
9788490720585
9788490720608
9788490720622
9788490720639
9788490720646
9788490720653
9788490720684
9788490720691
9788490720714
9788490720745
9788490720752
9788490720769
9788490720776
9788490720783
9788490720806
9788490720813
9788490720844
9788490720875
9788490720899
9788490720929
9788490720936
9788490720943
9788490720950
9788490720967
9788490720974
9788490720981
9788490721001
9788490721018
9788490721025
9788490721032
9788490721049
9788490721063
9788490721087
9788490721094
9788490721131
9788490721155
9788490721162
9788490721209
9788490721230
9788490721254
9788490721261
9788490721278
9788490721292
9788490721308
9788490721315
9788490721322
9788490721339
9788490721346
9788490721353
9788490721360
9788490721377
9788490721384
9788490721438
9788490721490
9788490721513
9788490721537
9788490721544
9788490721551
9788490721568
9788490721575
9788490721605
9788490721612
9788490721643
9788490721650
9788490721667
9788490721681
9788490721698
9788490721711
9788490721728
9788490721735
9788490721759
9788490721780
9788490721803
9788490721827
9788490721841
9788490721865
9788490721889
9788490721902
9788490721919
9788490721926
9788490721933
9788490721940
9788490721957
9788490721964
9788490721971
9788490721988
9788490722039
9788490722053
9788490722084
9788490722091
9788490722107
9788490722114
9788490722121
9788490722145
9788490722152
9788490722169
9788490722183
9788490722206
9788490722213
9788490722244
9788490722251
9788490722275
9788490722282
9788490722336
9788490722374
9788490722381
9788490722404
9788490722411
9788490722428
9788490722435
9788490722442
9788490722466
9788490722473
9788490722503
9788490722510
9788490722527
9788490722558
9788490722602
9788490722633
9788490722640
9788490722688
9788490722725
9788490722824
9788490722831
9788490722848
9788490722855
9788490722879
9788490722909
9788490722916
9788490722930
9788490722961
9788490722985
9788490722992
9788490723005
9788490723036
9788490723043
9788490723050
9788490723074
9788490725016
9788490725047
9788490725061
9788490725078
9788490725085
9788490725115
9788490725160
9788490725184
9788490725191
9788490725221
9788490725238
9788490725245
9788490725269
9788490725276
9788490725283
9788490725337
9788490725344
9788490725368
9788490725375
9788490725382
9788490725399
9788490725405
9788490725412
9788490725436
9788490725443
9788490725467
9788490725474
9788490725481
9788490725498
9788490725504
9788490850107
9788490850145
9788490850152
9788490850176
9788490850206
9788490850350
9788490850411
9788490850541
9788490850558
9788490850589
9788490850817
9788490850916
9788490850930
9788490851135
9788490851142
9788490851258
9788490851326
9788490950265
9788491010036
9788491010050
9788491010074
9788491010098
9788491010111
9788491010135
9788491010159
9788491010173
9788491010197
9788491010210
9788491010234
9788491010258
9788491010265
9788491010272
9788491010289
9788491010302
9788491010319
9788491010388
9788491010401
9788491010449
9788491010463
9788491010487
9788491010500
9788491010548
9788491010593
9788491010609
9788491010630
9788491010647
9788491010692
9788491010708
9788491010715
9788491010722
9788491010746
9788491010791
9788491010807
9788491010814
9788491010821
9788491010869
9788491010876
9788491010883
9788491010944
9788491010951
9788491010968
9788491010975
9788491010982
9788491010999
9788491041900
9788491041917
9788491050018
9788491050063
9788491050094
9788491050155
9788491050179
9788491050186
9788491050209
9788491050216
9788491050247
9788491050261
9788491050278
9788491050292
9788491050308
9788491050322
9788491050339
9788491050476
9788491050520
9788491050582
9788491050650
9788491050674
9788491050728
9788491050742
9788491050797
9788491050810
9788491050827
9788491050858
9788491050889
9788491050896
9788491051107
9788491051121
9788491051558
9788491051657
9788491051664
9788491051688
9788491051718
9788491051930
9788491051985
9788491052050
9788491052166
9788491052210
9788491052340
9788491052371
9788491052401
9788491052425
9788491052449
9788491052456
9788491052524
9788491052531
9788491052555
9788491052845
9788491110118
9788491110149
9788491110170
9788491110187
9788491110194
9788491110200
9788491110217
9788491110224
9788491110231
9788491110248
9788491110279
9788491110293
9788491110309
9788491110330
9788491110347
9788491110354
9788491110378
9788491110385
9788491110392
9788491110415
9788491110446
9788491110453
9788491110460
9788491110477
9788491110484
9788491110583
9788491110590
9788491110606
9788491110613
9788491110637
9788491110651
9788491110668
9788491110682
9788491110699
9788491110712
9788491110729
9788491110736
9788491110743
9788491110750
9788491110767
9788491110774
9788491110804
9788491110811
9788491110828
9788491110835
9788491110842
9788491110859
9788491110897
9788491110927
9788491110934
9788491110941
9788491110965
9788491110972
9788491110989
9788491110996
9788491111016
9788491111023
9788491111061
9788491111108
9788491111139
9788491111146
9788491111191
9788491111207
9788491111214
9788491111221
9788491111238
9788491111283
9788491111306
9788491111313
9788491111351
9788491111368
9788491111375
9788491111399
9788491111405
9788491111429
9788491111436
9788491111443
9788491111450
9788491111467
9788491111474
9788491111481
9788491111498
9788491111504
9788491111511
9788491111528
9788491111535
9788491111542
9788491111559
9788491111566
9788491111580
9788491111610
9788491111627
9788491111641
9788491111665
9788491111672
9788491111689
9788491111696
9788491111740
9788491111757
9788491111801
9788491111818
9788491111825
9788491120056
9788491120070
9788491120094
9788491120117
9788491120162
9788491120179
9788491120193
9788491120216
9788491120230
9788491120254
9788491120278
9788491120292
9788491120315
9788491120339
9788491120353
9788491120377
9788491120391
9788491120414
9788491120438
9788491120469
9788491120476
9788491120490
9788491120513
9788491120537
9788491120551
9788491120575
9788491120612
9788491120636
9788491120650
9788491120674
9788491120698
9788491120711
9788491120735
9788491120759
9788491120773
9788491120797
9788491120810
9788491120834
9788491120896
9788491120919
9788491120933
9788491120957
9788491120971
9788491121015
9788491121039
9788491121077
9788491121091
9788491121138
9788491121152
9788491121176
9788491121190
9788491121237
9788491121251
9788491121275
9788491121299
9788491121312
9788491121336
9788491121374
9788491121398
9788491121411
9788491121435
9788491121459
9788491121480
9788491121510
9788491121534
9788491121565
9788491121572
9788491121596
9788491121619
9788491121633
9788491121657
9788491121671
9788491121695
9788491121732
9788491121756
9788491121770
9788491121794
9788491121817
9788491121831
9788491121855
9788491121893
9788491121916
9788491121930
9788491121954
9788491121978
9788491121992
9788491122012
9788491122050
9788491122081
9788491122098
9788491122111
9788491122135
9788491122159
9788491122173
9788491122197
9788491122210
9788491122234
9788491122258
9788491122289
9788491122296
9788491122319
9788491122333
9788491122357
9788491122371
9788491122395
9788491122418
9788491122432
9788491122456
9788491122463
9788491122494
9788491122531
9788491122562
9788491122579
9788491122593
9788491122616
9788491122630
9788491122654
9788491122678
9788491122692
9788491122715
9788491122739
9788491122753
9788491122777
9788491122807
9788491122814
9788491122838
9788491122852
9788491122876
9788491122906
9788491122913
9788491122944
9788491122951
9788491122982
9788491122999
9788491123019
9788491123033
9788491123057
9788491123088
9788491123095
9788491123118
9788491123132
9788491123163
9788491123170
9788491123194
9788491123217
9788491123231
9788491123279
9788491123309
9788491123316
9788491123330
9788491123354
9788491123378
9788491123392
9788491123415
9788491123439
9788491123453
9788491123477
9788491123507
9788491123521
9788491123538
9788491123569
9788491123576
9788491123606
9788491123613
9788491123637
9788491123651
9788491123675
9788491123699
9788491123712
9788491123736
9788491123750
9788491123774
9788491123798
9788491123811
9788491123835
9788491123859
9788491123880
9788491123897
9788491123910
9788491123934
9788491123958
9788491123972
9788491123996
9788491124016
9788491124030
9788491124054
9788491124078
9788491124092
9788491124139
9788491124153
9788491124177
9788491124191
9788491124214
9788491124238
9788491124252
9788491124290
9788491124313
9788491124337
9788491124351
9788491124375
9788491124399
9788491124429
9788491124436
9788491124450
9788491124474
9788491124504
9788491124528
9788491124542
9788491124559
9788491124573
9788491124597
9788491124634
9788491124658
9788491124672
9788491124696
9788491124726
9788491124733
9788491124757
9788491124771
9788491124801
9788491124818
9788491124832
9788491124856
9788491124870
9788491124894
9788491124917
9788491124931
9788491124955
9788491124986
9788491124993
9788491125013
9788491125037
9788491125051
9788491125082
9788491125105
9788491125112
9788491125143
9788491125167
9788491125174
9788491125198
9788491125228
9788491125235
9788491125259
9788491125273
9788491125310
9788491125341
9788491125358
9788491125389
9788491125402
9788491125419
9788491125433
9788491125457
9788491125488
9788491125501
9788491125525
9788491125549
9788491125556
9788491125570
9788491125594
9788491125617
9788491125648
9788491125655
9788491125679
9788491125709
9788491125723
9788491125730
9788491125754
9788491125778
9788491125792
9788491125815
9788491125839
9788491125860
9788491125877
9788491125907
9788491125914
9788491125945
9788491125969
9788491125983
9788491126003
9788491126010
9788491126041
9788491126065
9788491126089
9788491126096
9788491126119
9788491126140
9788491126164
9788491126171
9788491126195
9788491126218
9788491126249
9788491126256
9788491126270
9788491126300
9788491126324
9788491126348
9788491126362
9788491126386
9788491126409
9788491126423
9788491126447
9788491126461
9788491126485
9788491126492
9788491126522
9788491126546
9788491126560
9788491126584
9788491126607
9788491126621
9788491126645
9788491126669
9788491126683
9788491126706
9788491126713
9788491126744
9788491126768
9788491126782
9788491126805
9788491126829
9788491126836
9788491126867
9788491126881
9788491126898
9788491126935
9788491126973
9788491126997
9788491127024
9788491127055
9788491127079
9788491127093
9788491127116
9788491127147
9788491127161
9788491127178
9788491127208
9788491127222
9788491127246
9788491127260
9788491127284
9788491127314
9788491127369
9788491127383
9788491127444
9788491221296
9788491221388
9788491261469
9788491265436
9788491265474
9788491290131
9788491390077
9788491390145
9788491405351
9788491450085
9788491450092
9788491450122
9788492013883
9788492023271
9788492049578
9788492094332
9788492094370
9788492104710
9788492104727
9788492104734
9788492104741
9788492110346
9788492412389
9788492412846
9788492412921
9788492416370
9788492416387
9788492416394
9788492416417
9788492416424
9788492416455
9788492416479
9788492416486
9788492416509
9788492416523
9788492416554
9788492416585
9788492416608
9788492416615
9788492416653
9788492416660
9788492416707
9788492416714
9788492416721
9788492416752
9788492416776
9788492416790
9788492428779
9788492429110
9788492429127
9788492429141
9788492429158
9788492429288
9788492429295
9788492429301
9788492429394
9788492429431
9788492429448
9788492429479
9788492429578
9788492429714
9788492429752
9788492429769
9788492429783
9788492429790
9788492429806
9788492429837
9788492429844
9788492429851
9788492429905
9788492429974
9788492429981
9788492429998
9788492431267
9788492441006
9788492441099
9788492441129
9788492441488
9788492441655
9788492444304
9788492444328
9788492444335
9788492444403
9788492444632
9788492447121
9788492452033
9788492452064
9788492452071
9788492452088
9788492452095
9788492452118
9788492452125
9788492452156
9788492452170
9788492452187
9788492452194
9788492452217
9788492452224
9788492452248
9788492452255
9788492452262
9788492452279
9788492452293
9788492452323
9788492452354
9788492452385
9788492452422
9788492452439
9788492452446
9788492452477
9788492452484
9788492452491
9788492452514
9788492452521
9788492452538
9788492452545
9788492452552
9788492452576
9788492452583
9788492452590
9788492452606
9788492452620
9788492452637
9788492452644
9788492452651
9788492452675
9788492452682
9788492452699
9788492452705
9788492452712
9788492452729
9788492452736
9788492452743
9788492452750
9788492452767
9788492452774
9788492452781
9788492452804
9788492452811
9788492452828
9788492452835
9788492452859
9788492452866
9788492452873
9788492452897
9788492452903
9788492452910
9788492452927
9788492452934
9788492452941
9788492452958
9788492452965
9788492452972
9788492452989
9788492452996
9788492463954
9788492480050
9788492480074
9788492480104
9788492480241
9788492480296
9788492480449
9788492480487
9788492480500
9788492480531
9788492480586
9788492480593
9788492480647
9788492480678
9788492480708
9788492480739
9788492480753
9788492480777
9788492480807
9788492480814
9788492480838
9788492480852
9788492480869
9788492480920
9788492480937
9788492480944
9788492480999
9788492491902
9788492491926
9788492491940
9788492491995
9788492496921
9788492498024
9788492498031
9788492498307
9788492498451
9788492498482
9788492498505
9788492498512
9788492498529
9788492498543
9788492498550
9788492498611
9788492498628
9788492498680
9788492498697
9788492498734
9788492498758
9788492498802
9788492498857
9788492498895
9788492498918
9788492505067
9788492505401
9788492505524
9788492505739
9788492516001
9788492516032
9788492516063
9788492516094
9788492516100
9788492516124
9788492516131
9788492516155
9788492516162
9788492516247
9788492516254
9788492516285
9788492516292
9788492516308
9788492516315
9788492516360
9788492516377
9788492516384
9788492516391
9788492516407
9788492516438
9788492516445
9788492516476
9788492516490
9788492516506
9788492516537
9788492516544
9788492516551
9788492516568
9788492516575
9788492516605
9788492516612
9788492516629
9788492516650
9788492516704
9788492516711
9788492516728
9788492516735
9788492516766
9788492516773
9788492516780
9788492516803
9788492516810
9788492516858
9788492516872
9788492516889
9788492516964
9788492516971
9788492516988
9788492516995
9788492523948
9788492567034
9788492567058
9788492567065
9788492567096
9788492567126
9788492567140
9788492567164
9788492567188
9788492567324
9788492567355
9788492567362
9788492567379
9788492567393
9788492567423
9788492572267
9788492595013
9788492595020
9788492595044
9788492595068
9788492595075
9788492595082
9788492595099
9788492595198
9788492595204
9788492595211
9788492595235
9788492595259
9788492595297
9788492595310
9788492595334
9788492595358
9788492595365
9788492595402
9788492595426
9788492595440
9788492595464
9788492595501
9788492595525
9788492595563
9788492595570
9788492595587
9788492595600
9788492595631
9788492595655
9788492595662
9788492595686
9788492595716
9788492595785
9788492595839
9788492595853
9788492595860
9788492595884
9788492595891
9788492595914
9788492595921
9788492595938
9788492595945
9788492595952
9788492608751
9788492608775
9788492608850
9788492608874
9788492608881
9788492617043
9788492617081
9788492617098
9788492617104
9788492617128
9788492617135
9788492617142
9788492617159
9788492617166
9788492617173
9788492617180
9788492617258
9788492617272
9788492617296
9788492617302
9788492617319
9788492617326
9788492617333
9788492617340
9788492617357
9788492617364
9788492617395
9788492617432
9788492617456
9788492617463
9788492617470
9788492617487
9788492617517
9788492617524
9788492617531
9788492617548
9788492617630
9788492617647
9788492617654
9788492617661
9788492617678
9788492617685
9788492617692
9788492617708
9788492617715
9788492617722
9788492617739
9788492617746
9788492617760
9788492617784
9788492617791
9788492617807
9788492617821
9788492617838
9788492617869
9788492617876
9788492617883
9788492617890
9788492617906
9788492617913
9788492617920
9788492617951
9788492617975
9788492617999
9788492619559
9788492635054
9788492635092
9788492635122
9788492635160
9788492635177
9788492635184
9788492635191
9788492635207
9788492635238
9788492635245
9788492635276
9788492635283
9788492635306
9788492635351
9788492635368
9788492635375
9788492635382
9788492635399
9788492635412
9788492635429
9788492635450
9788492635481
9788492635498
9788492635504
9788492635542
9788492635559
9788492635566
9788492635597
9788492635610
9788492635627
9788492635634
9788492635641
9788492635665
9788492635689
9788492635696
9788492635719
9788492635733
9788492635740
9788492635757
9788492635801
9788492636174
9788492636181
9788492636198
9788492636204
9788492636235
9788492636242
9788492636259
9788492636266
9788492636273
9788492636341
9788492636358
9788492636389
9788492636402
9788492636426
9788492636440
9788492636464
9788492636488
9788492636495
9788492636518
9788492636532
9788492636556
9788492636563
9788492636587
9788492636624
9788492636655
9788492636693
9788492636716
9788492636730
9788492636754
9788492636808
9788492636815
9788492636822
9788492636839
9788492636853
9788492636877
9788492636884
9788492636891
9788492636907
9788492636914
9788492636921
9788492636938
9788492643394
9788492643660
9788492663002
9788492663019
9788492663026
9788492663033
9788492663040
9788492663057
9788492663064
9788492663071
9788492663088
9788492663095
9788492663101
9788492663118
9788492663132
9788492663149
9788492663156
9788492663163
9788492663170
9788492663187
9788492663194
9788492663200
9788492663217
9788492663224
9788492663231
9788492663248
9788492663255
9788492663262
9788492663286
9788492663293
9788492663309
9788492663323
9788492663347
9788492663361
9788492663378
9788492663385
9788492663392
9788492663408
9788492663415
9788492663422
9788492663446
9788492663453
9788492663460
9788492663477
9788492663484
9788492663491
9788492663507
9788492663514
9788492663521
9788492663545
9788492663590
9788492663613
9788492683048
9788492683055
9788492683062
9788492683079
9788492683086
9788492683093
9788492683116
9788492683130
9788492683185
9788492683246
9788492683277
9788492683284
9788492683291
9788492683314
9788492683338
9788492683352
9788492683413
9788492683420
9788492683437
9788492683543
9788492683550
9788492683567
9788492683581
9788492683666
9788492683673
9788492683833
9788492683857
9788492683864
9788492683871
9788492691050
9788492691234
9788492691265
9788492691296
9788492691319
9788492691326
9788492691371
9788492691487
9788492691678
9788492691685
9788492691708
9788492691715
9788492691722
9788492691739
9788492691753
9788492691906
9788492691920
9788492691937
9788492691944
9788492691951
9788492691968
9788492691982
9788492695201
9788492695225
9788492695768
9788492696253
9788492696734
9788492696833
9788492696871
9788492696994
9788492716289
9788492716296
9788492716425
9788492716623
9788492716630
9788492716647
9788492716708
9788492716715
9788492716722
9788492716739
9788492716777
9788492716791
9788492716807
9788492716890
9788492716975
9788492716982
9788492750009
9788492750054
9788492750078
9788492750122
9788492750214
9788492750337
9788492750344
9788492750405
9788492750412
9788492750429
9788492750443
9788492750498
9788492750528
9788492750559
9788492750658
9788492750665
9788492750740
9788492750757
9788492750764
9788492750771
9788492750788
9788492750818
9788492750825
9788492750856
9788492750870
9788492750887
9788492751112
9788492751341
9788492796014
9788492796151
9788492796373
9788492796458
9788492796533
9788492796649
9788492796779
9788492796823
9788492796847
9788492796854
9788492796861
9788492796878
9788492796991
9788492801008
9788492801077
9788492801084
9788492801091
9788492801107
9788492801121
9788492801138
9788492801152
9788492801169
9788492801176
9788492801183
9788492801190
9788492801206
9788492801213
9788492801244
9788492801251
9788492801268
9788492801275
9788492801299
9788492801312
9788492801329
9788492801336
9788492801343
9788492801374
9788492801381
9788492801398
9788492801404
9788492801435
9788492801442
9788492801510
9788492801534
9788492801541
9788492801558
9788492801565
9788492801572
9788492801589
9788492801596
9788492801602
9788492801626
9788492801640
9788492801657
9788492801749
9788492801756
9788492801763
9788492801770
9788492801787
9788492801794
9788492801817
9788492801824
9788492801831
9788492801848
9788492801855
9788492801862
9788492801879
9788492801893
9788492801909
9788492801916
9788492801930
9788492801947
9788492801961
9788492810093
9788492810239
9788492810253
9788492810284
9788492810352
9788492810390
9788492810413
9788492810468
9788492810550
9788492810604
9788492810611
9788492810628
9788492810635
9788492810659
9788492810666
9788492810727
9788492810741
9788492810758
9788492810765
9788492810772
9788492810796
9788492810840
9788492810901
9788492810918
9788492810925
9788492810932
9788492810949
9788492810956
9788492810970
9788492833009
9788492833016
9788492833030
9788492833047
9788492833078
9788492833108
9788492833139
9788492833184
9788492833191
9788492833252
9788492833283
9788492833306
9788492833313
9788492833320
9788492833344
9788492833351
9788492833375
9788492833382
9788492833405
9788492833429
9788492833443
9788492833450
9788492833474
9788492833481
9788492833511
9788492833528
9788492833610
9788492833665
9788492833672
9788492833696
9788492833726
9788492833733
9788492833757
9788492833795
9788492833801
9788492833825
9788492833849
9788492837021
9788492837038
9788492837076
9788492837090
9788492837168
9788492837182
9788492837199
9788492837236
9788492837342
9788492837410
9788492837465
9788492837472
9788492837496
9788492837502
9788492837540
9788492837564
9788492837595
9788492837601
9788492837618
9788492837632
9788492837649
9788492837656
9788492837663
9788492837670
9788492837687
9788492837694
9788492837724
9788492837731
9788492840021
9788492840076
9788492840212
9788492840243
9788492840250
9788492840267
9788492840274
9788492840281
9788492840298
9788492840304
9788492840311
9788492840434
9788492840472
9788492840496
9788492841028
9788492841042
9788492841059
9788492841073
9788492841097
9788492841127
9788492841134
9788492841158
9788492841202
9788492841325
9788492841332
9788492841349
9788492841431
9788492841448
9788492841486
9788492841493
9788492841530
9788492841547
9788492841554
9788492841585
9788492841608
9788492841622
9788492841639
9788492841646
9788492841653
9788492841691
9788492841745
9788492841776
9788492841837
9788492841844
9788492841868
9788492841882
9788492841899
9788492841929
9788492841943
9788492841981
9788492857098
9788492857371
9788492857968
9788492861002
9788492861019
9788492861033
9788492861040
9788492861224
9788492861262
9788492861309
9788492861330
9788492861347
9788492861477
9788492861507
9788492861514
9788492861521
9788492861538
9788492861545
9788492861552
9788492861576
9788492861583
9788492861590
9788492861620
9788492861651
9788492861668
9788492861699
9788492861705
9788492861736
9788492861743
9788492861767
9788492861774
9788492861781
9788492861798
9788492861804
9788492861811
9788492861828
9788492861835
9788492861866
9788492861880
9788492861941
9788492861972
9788492861996
9788492865000
9788492865024
9788492865031
9788492865048
9788492865055
9788492865062
9788492865079
9788492865086
9788492865093
9788492865109
9788492865116
9788492865123
9788492865185
9788492865208
9788492865215
9788492865222
9788492865246
9788492865253
9788492865277
9788492865284
9788492865307
9788492865321
9788492865338
9788492865345
9788492865352
9788492865369
9788492865390
9788492865406
9788492865420
9788492865437
9788492865444
9788492865468
9788492865482
9788492865505
9788492865529
9788492865536
9788492865550
9788492865567
9788492865574
9788492865581
9788492865604
9788492865628
9788492865635
9788492865659
9788492865666
9788492865680
9788492865697
9788492865727
9788492865734
9788492865741
9788492865772
9788492865796
9788492865802
9788492865819
9788492865826
9788492865840
9788492865857
9788492865871
9788492865895
9788492865918
9788492865994
9788492915019
9788492915026
9788492915040
9788492915057
9788492915064
9788492915088
9788492915095
9788492915101
9788492915118
9788492915125
9788492915132
9788492915149
9788492915156
9788492915163
9788492915170
9788492915187
9788492915200
9788492915224
9788492915231
9788492915255
9788492915293
9788492915309
9788492915316
9788492915323
9788492915330
9788492915347
9788492915361
9788492915378
9788492915385
9788492915392
9788492915408
9788492915415
9788492915422
9788492915439
9788492915446
9788492915453
9788492915477
9788492915484
9788492915507
9788492915521
9788492915569
9788492915576
9788492915590
9788492915606
9788492915620
9788492915637
9788492915644
9788492915668
9788492915682
9788492915699
9788492915705
9788492915712
9788492915729
9788492915736
9788492915750
9788492915767
9788492915774
9788492915804
9788492915811
9788492915828
9788492915859
9788492915880
9788492915897
9788492915903
9788492915910
9788492915927
9788492916023
9788492916030
9788492916047
9788492916054
9788492916061
9788492916078
9788492916085
9788492916092
9788492916115
9788492916122
9788492916139
9788492916146
9788492916153
9788492916160
9788492916177
9788492916184
9788492916191
9788492916214
9788492916221
9788492916238
9788492916245
9788492916269
9788492916276
9788492916283
9788492916290
9788492916306
9788492916313
9788492916320
9788492916337
9788492916344
9788492916351
9788492916382
9788492916412
9788492916436
9788492916443
9788492916450
9788492916467
9788492916474
9788492916481
9788492916498
9788492916504
9788492916511
9788492916528
9788492916535
9788492916542
9788492916559
9788492916566
9788492916573
9788492916580
9788492916597
9788492916603
9788492916610
9788492916627
9788492916634
9788492916641
9788492916665
9788492916672
9788492916689
9788492916696
9788492916702
9788492916719
9788492916726
9788492916733
9788492916740
9788492916757
9788492916764
9788492916771
9788492916788
9788492916795
9788492916801
9788492916818
9788492916825
9788492916832
9788492916849
9788492916856
9788492916870
9788492916887
9788492916917
9788492916924
9788492916931
9788492916948
9788492916955
9788492916962
9788492916986
9788492919017
9788492919048
9788492919086
9788492919093
9788492919109
9788492919116
9788492919123
9788492919130
9788492919147
9788492921003
9788492921010
9788492921027
9788492921058
9788492921065
9788492921072
9788492921096
9788492921119
9788492921126
9788492921133
9788492921140
9788492921157
9788492921164
9788492921171
9788492921188
9788492921195
9788492921201
9788492921218
9788492921232
9788492921249
9788492921256
9788492921270
9788492921287
9788492921300
9788492921317
9788492921324
9788492921331
9788492921348
9788492921355
9788492921362
9788492921379
9788492921386
9788492921393
9788492921409
9788492921416
9788492921423
9788492921430
9788492921447
9788492921461
9788492921478
9788492921485
9788492921492
9788492921508
9788492921515
9788492921522
9788492921539
9788492921546
9788492921553
9788492921560
9788492921577
9788492921584
9788492921591
9788492921607
9788492921614
9788492921621
9788492921638
9788492921645
9788492921652
9788492966516
9788492966523
9788492966530
9788492966585
9788492966639
9788492979004
9788492979028
9788492979035
9788492979042
9788492979059
9788492979066
9788492979073
9788492979127
9788492979165
9788492979172
9788492979189
9788492979196
9788492979226
9788492979264
9788492979271
9788492979288
9788492979295
9788492979301
9788492979318
9788492979325
9788492979356
9788492979370
9788492979387
9788492979431
9788492979448
9788492979462
9788492979479
9788492979486
9788492979493
9788492979509
9788492979516
9788492979523
9788492979530
9788492979561
9788492979585
9788492979592
9788492979707
9788492979714
9788492979721
9788492979738
9788492979745
9788492981007
9788492981335
9788492981502
9788492981571
9788492981588
9788492981595
9788492981601
9788492981618
9788492981625
9788492981779
9788493049157
9788493150228
9788493232542
9788493232559
9788493244262
9788493244293
9788493306038
9788493309343
9788493314804
9788493314811
9788493314842
9788493314866
9788493314880
9788493326500
9788493326548
9788493326579
9788493326593
9788493329020
9788493336103
9788493340902
9788493340919
9788493340971
9788493343903
9788493343910
9788493343927
9788493343934
9788493343941
9788493343958
9788493343965
9788493343972
9788493343989
9788493343996
9788493373436
9788493373474
9788493373498
9788493375508
9788493375522
9788493375539
9788493375591
9788493375904
9788493378035
9788493388355
9788493388379
9788493389383
9788493399283
9788493405007
9788493405076
9788493416737
9788493423032
9788493431501
9788493431518
9788493431525
9788493431532
9788493431549
9788493431556
9788493431563
9788493431570
9788493431587
9788493431594
9788493436469
9788493437732
9788493437756
9788493445263
9788493445270
9788493445287
9788493464172
9788493464264
9788493464271
9788493471309
9788493471750
9788493472818
9788493472856
9788493473013
9788493473020
9788493473051
9788493473068
9788493473082
9788493473099
9788493474638
9788493474645
9788493474652
9788493474669
9788493474676
9788493477264
9788493477295
9788493482367
9788493482602
9788493482619
9788493482626
9788493482633
9788493482640
9788493482657
9788493482664
9788493482800
9788493482824
9788493482848
9788493485023
9788493485436
9788493485443
9788493485467
9788493485498
9788493486334
9788493486358
9788493486389
9788493487942
9788493487959
9788493487997
9788493491635
9788493496524
9788493501808
9788493501815
9788493501822
9788493501839
9788493501846
9788493501860
9788493501877
9788493501884
9788493501891
9788493509798
9788493512217
9788493518509
9788493518516
9788493518530
9788493518547
9788493518554
9788493518561
9788493518578
9788493518585
9788493518592
9788493526405
9788493526412
9788493526474
9788493526481
9788493526498
9788493526504
9788493526566
9788493526573
9788493531898
9788493543860
9788493544812
9788493544829
9788493544836
9788493544843
9788493544867
9788493544881
9788493544898
9788493546113
9788493549213
9788493549220
9788493549237
9788493549244
9788493549251
9788493549268
9788493549275
9788493550653
9788493557843
9788493557881
9788493559328
9788493559335
9788493559359
9788493583613
9788493584207
9788493584221
9788493584252
9788493584269
9788493584276
9788493584405
9788493584429
9788493584443
9788493584467
9788493586324
9788493591403
9788493591410
9788493591427
9788493591434
9788493591441
9788493591458
9788493591465
9788493591472
9788493591489
9788493591496
9788493592707
9788493592752
9788493592776
9788493592790
9788493596200
9788493596231
9788493596248
9788493596255
9788493596279
9788493596286
9788493611712
9788493612337
9788493612368
9788493612399
9788493616960
9788493616984
9788493616991
9788493618001
9788493618049
9788493618056
9788493618070
9788493618087
9788493618193
9788493619077
9788493619084
9788493619411
9788493619428
9788493619435
9788493619442
9788493619459
9788493619466
9788493619473
9788493619480
9788493619497
9788493621308
9788493621322
9788493621377
9788493621384
9788493623234
9788493623241
9788493623289
9788493627379
9788493627393
9788493634926
9788493640828
9788493641214
9788493642310
9788493642327
9788493642358
9788493642365
9788493642372
9788493642389
9788493642396
9788493647865
9788493650421
9788493650438
9788493650810
9788493654016
9788493654030
9788493654047
9788493655006
9788493655020
9788493655099
9788493659707
9788493659714
9788493659738
9788493659745
9788493659752
9788493659769
9788493659776
9788493659783
9788493659790
9788493662806
9788493662813
9788493662837
9788493662875
9788493664800
9788493664817
9788493664848
9788493664855
9788493664886
9788493664893
9788493668891
9788493669515
9788493669560
9788493669577
9788493669584
9788493669591
9788493676681
9788493684310
9788493690168
9788493692629
9788493692667
9788493692681
9788493696009
9788493696023
9788493696047
9788493696061
9788493696092
9788493696108
9788493696122
9788493696139
9788493696146
9788493696153
9788493696160
9788493696177
9788493701819
9788493703226
9788493703271
9788493703288
9788493703295
9788493704353
9788493704414
9788493707538
9788493707545
9788493707576
9788493711016
9788493711023
9788493711030
9788493711054
9788493711085
9788493711092
9788493714086
9788493716073
9788493717018
9788493721145
9788493721152
9788493721213
9788493721251
9788493721268
9788493721275
9788493721282
9788493721299
9788493722807
9788493722814
9788493722845
9788493722869
9788493722876
9788493722890
9788493724900
9788493726959
9788493726980
9788493733865
9788493733872
9788493733889
9788493733896
9788493737818
9788493737849
9788493737870
9788493737894
9788493739300
9788493746445
9788493746452
9788493746469
9788493746476
9788493746483
9788493746490
9788493760106
9788493760113
9788493760137
9788493760151
9788493760168
9788493760182
9788493761080
9788493761097
9788493764302
9788493764319
9788493764326
9788493764333
9788493764340
9788493764357
9788493764364
9788493764371
9788493764388
9788493767303
9788493767334
9788493767341
9788493767396
9788493769772
9788493771904
9788493776787
9788493776794
9788493781408
9788493781422
9788493781439
9788493781446
9788493781453
9788493781460
9788493781477
9788493781484
9788493781491
9788493785086
9788493787738
9788493787752
9788493788834
9788493795412
9788493795429
9788493795436
9788493795443
9788493795450
9788493795474
9788493795481
9788493795498
9788493796006
9788493796013
9788493803636
9788493803681
9788493803698
9788493806200
9788493806217
9788493806224
9788493808709
9788493808716
9788493808723
9788493808730
9788493808747
9788493808754
9788493808778
9788493808785
9788493808792
9788493814601
9788493814687
9788493824006
9788493824013
9788493824020
9788493824037
9788493824044
9788493824051
9788493824068
9788493824075
9788493824082
9788493824099
9788493834005
9788493834029
9788493834036
9788493834043
9788493834050
9788493834098
9788493836016
9788493836054
9788493836078
9788493836450
9788493836467
9788493836474
9788493836498
9788493838690
9788493841911
9788493842765
9788493842789
9788493842932
9788493842949
9788493846800
9788493846817
9788493846848
9788493846855
9788493846862
9788493846879
9788493846893
9788493861490
9788493862312
9788493862336
9788493864408
9788493864422
9788493864446
9788493864460
9788493864477
9788493868918
9788493868925
9788493868956
9788493868963
9788493868994
9788493870904
9788493870911
9788493870928
9788493870973
9788493887100
9788493887117
9788493887124
9788493887711
9788493887759
9788493887766
9788493887773
9788493892906
9788493892913
9788493892920
9788493892944
9788493892951
9788493892968
9788493892975
9788493897031
9788493898137
9788493913830
9788493913854
9788493913885
9788493913892
9788493920395
9788493923105
9788493923129
9788493923143
9788493923150
9788493923167
9788493923174
9788493923181
9788493924201
9788493924232
9788493924249
9788493924256
9788493924270
9788493924294
9788493924331
9788493924386
9788493929510
9788493929541
9788493929565
9788493930714
9788493930752
9788493930776
9788493930790
9788493932619
9788493941406
9788493941499
9788493945367
9788493946708
9788493947804
9788493948924
9788493948948
9788493948979
9788493948993
9788493949808
9788493949846
9788493949860
9788493949884
9788493950507
9788493950514
9788493950521
9788493950538
9788493950545
9788493950569
9788493958152
9788493958176
9788493961312
9788493961343
9788493961350
9788493961367
9788493961374
9788493961398
9788493961404
9788493961411
9788493961428
9788493961503
9788493961541
9788493961558
9788493961565
9788493965983
9788493968601
9788493968618
9788493968632
9788493968649
9788493968656
9788493968663
9788493968670
9788493968694
9788493968977
9788493968991
9788493970581
9788493973001
9788493973643
9788493973667
9788493973674
9788493974053
9788493974084
9788493976828
9788493976873
9788493978716
9788493978723
9788493978747
9788493978778
9788493978792
9788493978945
9788493981839
9788493981891
9788493983307
9788493983314
9788493983338
9788493983352
9788493984939
9788493984946
9788493984977
9788493985035
9788493985059
9788493985073
9788493987725
9788493988517
9788493988579
9788493991203
9788493991234
9788494003714
9788494003721
9788494006180
9788494009716
9788494009785
9788494013003
9788494016806
9788494016813
9788494016820
9788494022142
9788494022166
9788494022180
9788494023408
9788494023415
9788494023422
9788494023439
9788494023446
9788494023453
9788494023460
9788494023477
9788494023484
9788494023491
9788494024924
9788494024948
9788494024986
9788494025648
9788494025679
9788494032561
9788494033940
9788494033957
9788494033964
9788494033971
9788494033988
9788494034619
9788494038075
9788494039010
9788494047787
9788494047794
9788494053313
9788494055515
9788494055560
9788494062407
9788494062421
9788494062452
9788494062469
9788494062476
9788494062490
9788494064661
9788494064685
9788494064692
9788494066269
9788494066276
9788494066283
9788494072352
9788494074509
9788494074516
9788494074523
9788494074530
9788494074547
9788494074578
9788494074585
9788494074592
9788494078187
9788494080197
9788494083402
9788494083419
9788494083426
9788494083433
9788494084829
9788494084867
9788494085314
9788494085321
9788494085369
9788494085390
9788494086700
9788494086717
9788494086731
9788494086779
9788494088643
9788494093838
9788494093852
9788494093876
9788494093890
9788494094804
9788494094811
9788494094828
9788494094866
9788494094897
9788494102813
9788494102820
9788494102851
9788494103001
9788494103032
9788494103063
9788494103520
9788494103568
9788494103582
9788494103872
9788494105418
9788494105432
9788494105449
9788494106002
9788494106538
9788494109560
9788494109577
9788494111235
9788494111259
9788494111297
9788494113628
9788494113659
9788494117695
9788494124044
9788494124716
9788494124723
9788494124747
9788494124754
9788494124761
9788494124785
9788494126406
9788494126413
9788494127328
9788494127441
9788494127465
9788494127489
9788494127496
9788494128844
9788494128851
9788494128882
9788494128899
9788494137815
9788494138010
9788494138546
9788494138577
9788494138584
9788494142604
9788494142611
9788494142635
9788494142642
9788494142666
9788494144707
9788494144714
9788494144745
9788494145346
9788494145353
9788494145360
9788494145377
9788494147319
9788494147326
9788494147333
9788494147340
9788494147357
9788494147364
9788494148606
9788494152924
9788494154751
9788494154904
9788494154928
9788494154935
9788494154942
9788494154959
9788494154966
9788494154973
9788494155093
9788494157929
9788494157967
9788494158360
9788494158391
9788494159718
9788494159732
9788494160783
9788494161544
9788494161582
9788494161902
9788494164040
9788494164064
9788494171628
9788494171642
9788494171659
9788494171666
9788494171673
9788494171697
9788494173868
9788494174100
9788494174148
9788494174155
9788494174407
9788494174421
9788494174438
9788494174452
9788494174483
9788494174933
9788494175244
9788494175817
9788494175848
9788494175893
9788494176524
9788494176531
9788494176579
9788494176593
9788494178320
9788494178344
9788494178351
9788494178368
9788494178375
9788494178399
9788494178412
9788494179266
9788494179273
9788494179297
9788494185601
9788494185632
9788494185649
9788494185717
9788494186202
9788494186226
9788494186257
9788494186264
9788494186288
9788494187209
9788494187216
9788494187223
9788494187230
9788494187247
9788494187254
9788494187278
9788494187285
9788494191572
9788494191589
9788494191596
9788494195426
9788494195457
9788494195471
9788494196270
9788494197109
9788494197116
9788494197123
9788494197130
9788494197147
9788494197154
9788494199608
9788494201103
9788494201936
9788494201943
9788494201950
9788494208102
9788494208140
9788494208171
9788494208188
9788494208195
9788494209109
9788494209116
9788494209130
9788494209178
9788494209192
9788494211034
9788494211041
9788494211065
9788494211713
9788494211720
9788494211737
9788494211768
9788494211805
9788494211829
9788494211836
9788494211843
9788494211867
9788494211881
9788494211898
9788494216206
9788494216701
9788494216718
9788494216732
9788494216756
9788494216763
9788494216787
9788494217562
9788494217586
9788494218101
9788494220524
9788494225604
9788494225642
9788494228414
9788494228421
9788494228445
9788494228452
9788494228476
9788494228483
9788494230509
9788494230523
9788494230530
9788494230547
9788494230554
9788494230578
9788494230585
9788494236037
9788494236051
9788494240829
9788494240850
9788494244117
9788494244131
9788494244148
9788494244865
9788494245145
9788494248405
9788494248429
9788494248436
9788494248443
9788494248481
9788494249105
9788494249136
9788494249150
9788494249815
9788494250248
9788494254000
9788494255069
9788494259401
9788494259425
9788494259449
9788494259470
9788494263941
9788494268915
9788494268939
9788494268946
9788494268953
9788494268960
9788494268984
9788494268991
9788494269783
9788494269790
9788494273315
9788494273322
9788494273346
9788494273353
9788494273377
9788494273384
9788494273391
9788494274008
9788494274022
9788494274046
9788494275913
9788494277917
9788494277924
9788494277931
9788494277962
9788494279560
9788494283000
9788494283017
9788494283031
9788494283048
9788494283062
9788494283079
9788494283093
9788494284502
9788494285424
9788494285479
9788494285486
9788494286797
9788494288302
9788494288319
9788494288333
9788494288357
9788494288364
9788494288388
9788494292934
9788494292958
9788494292965
9788494292989
9788494297533
9788494297571
9788494297861
9788494299612
9788494299636
9788494299650
9788494301926
9788494301933
9788494301940
9788494302527
9788494303845
9788494303852
9788494303876
9788494303883
9788494311543
9788494311567
9788494311574
9788494311581
9788494314667
9788494314698
9788494314841
9788494314858
9788494314865
9788494316203
9788494316210
9788494316227
9788494316296
9788494317712
9788494317736
9788494318108
9788494318160
9788494318184
9788494328008
9788494328015
9788494328053
9788494328060
9788494328077
9788494328084
9788494328091
9788494329616
9788494332609
9788494332630
9788494332647
9788494332760
9788494333903
9788494338656
9788494340444
9788494340468
9788494340666
9788494341816
9788494347078
9788494347085
9788494347092
9788494347603
9788494347610
9788494347634
9788494347641
9788494347658
9788494349614
9788494349621
9788494349638
9788494349645
9788494349652
9788494349676
9788494349683
9788494349690
9788494354304
9788494359705
9788494359712
9788494359729
9788494359736
9788494365812
9788494365836
9788494365850
9788494365874
9788494365881
9788494365898
9788494369001
9788494369018
9788494369025
9788494369032
9788494369049
9788494369056
9788494369087
9788494369094
9788494369124
9788494369148
9788494369155
9788494369179
9788494369650
9788494369681
9788494372100
9788494372117
9788494372124
9788494372131
9788494372148
9788494372155
9788494372179
9788494372193
9788494384202
9788494384219
9788494384233
9788494384240
9788494384288
9788494384295
9788494386091
9788494391682
9788494391705
9788494391729
9788494391743
9788494391767
9788494391781
9788494391798
9788494396304
9788494396311
9788494396335
9788494396342
9788494396373
9788494396397
9788494403309
9788494403330
9788494403347
9788494403354
9788494403361
9788494403378
9788494403705
9788494403743
9788494403781
9788494404528
9788494404535
9788494405006
9788494405020
9788494405044
9788494405051
9788494405075
9788494407666
9788494410031
9788494410062
9788494413742
9788494413766
9788494413780
9788494414015
9788494414077
9788494414084
9788494414206
9788494415500
9788494415531
9788494415555
9788494415562
9788494418327
9788494418334
9788494418365
9788494418372
9788494418389
9788494419409
9788494422904
9788494422928
9788494422935
9788494423413
9788494424106
9788494425547
9788494425554
9788494425561
9788494425578
9788494425585
9788494425776
9788494426216
9788494426230
9788494426247
9788494426254
9788494426261
9788494426278
9788494426285
9788494426292
9788494427404
9788494428319
9788494428326
9788494428333
9788494428340
9788494428357
9788494428364
9788494428371
9788494428388
9788494429118
9788494429149
9788494429163
9788494429170
9788494429187
9788494429507
9788494429521
9788494429552
9788494429576
9788494429583
9788494429590
9788494431869
9788494431883
9788494431890
9788494432415
9788494432743
9788494434310
9788494434372
9788494435348
9788494436826
9788494436871
9788494436888
9788494436925
9788494436963
9788494437564
9788494440625
9788494440649
9788494440656
9788494441523
9788494442124
9788494444616
9788494444630
9788494444647
9788494444654
9788494444661
9788494444678
9788494444982
9788494445316
9788494449802
9788494449826
9788494452031
9788494452055
9788494452062
9788494452086
9788494452765
9788494452772
9788494452789
9788494452796
9788494454509
9788494457401
9788494457418
9788494457425
9788494457432
9788494457449
9788494457456
9788494457463
9788494457470
9788494457487
9788494458200
9788494462603
9788494462610
9788494462627
9788494462634
9788494462641
9788494462658
9788494462665
9788494462672
9788494462689
9788494462696
9788494467301
9788494467318
9788494467325
9788494469862
9788494469893
9788494477362
9788494479663
9788494483097
9788494483202
9788494483219
9788494484612
9788494484629
9788494484919
9788494487569
9788494489303
9788494489310
9788494489334
9788494489341
9788494489358
9788494489389
9788494489396
9788494491009
9788494492709
9788494494246
9788494495526
9788494495588
9788494495595
9788494496530
9788494496554
9788494496561
9788494496578
9788494497407
9788494497414
9788494497438
9788494498855
9788494502026
9788494506420
9788494506437
9788494506499
9788494511127
9788494513602
9788494515804
9788494515811
9788494515835
9788494515859
9788494516009
9788494516016
9788494516023
9788494518102
9788494518140
9788494519604
9788494519611
9788494521300
9788494521324
9788494530517
9788494533303
9788494533310
9788494533327
9788494533334
9788494533341
9788494533358
9788494533365
9788494533372
9788494533389
9788494533396
9788494538124
9788494538735
9788494538773
9788494541506
9788494541513
9788494541520
9788494541537
9788494541544
9788494541551
9788494541568
9788494541575
9788494541582
9788494541599
9788494541865
9788494541889
9788494542114
9788494542121
9788494542138
9788494542145
9788494542152
9788494542169
9788494542206
9788494542213
9788494542220
9788494550096
9788494556845
9788494556883
9788494558023
9788494560514
9788494560569
9788494560583
9788494565342
9788494566240
9788494571305
9788494582219
9788494587610
9788494587627
9788494587641
9788494587665
9788494587672
9788494590306
9788494590320
9788494590375
9788494591334
9788494591341
9788494593703
9788494593710
9788494593727
9788494593734
9788494593741
9788494593758
9788494593765
9788494601057
9788494603426
9788494603433
9788494607981
9788494608100
9788494614903
9788494624605
9788494625510
9788494632501
9788494632518
9788494632525
9788494632532
9788495150103
9788495183460
9788495203311
9788495203434
9788495203441
9788495203458
9788495203489
9788495203496
9788495203519
9788495241832
9788495241931
9788495273024
9788495273031
9788495273154
9788495273314
9788495273345
9788495273406
9788495273505
9788495273512
9788495273550
9788495273635
9788495273796
9788495273802
9788495273932
9788495273994
9788495376725
9788495376831
9788495376985
9788495427281
9788495471000
9788495471536
9788495471819
9788495471840
9788495471994
9788495561015
9788495561022
9788495561084
9788495601667
9788495601704
9788495601827
9788495618146
9788495618290
9788495618320
9788495618375
9788495618405
9788495618436
9788495618481
9788495618498
9788495618504
9788495618528
9788495618580
9788495618627
9788495618696
9788495618733
9788495618740
9788495618795
9788495618863
9788495618870
9788495618894
9788495618917
9788495618924
9788495618962
9788495643261
9788495645142
9788495645302
9788495645326
9788495645333
9788495645357
9788495645371
9788495645395
9788495645456
9788495645715
9788495645777
9788495645791
9788495645821
9788495645869
9788495645876
9788495645883
9788495645890
9788495645906
9788495645913
9788495645920
9788495645937
9788495645944
9788495645968
9788495645975
9788495677624
9788495677631
9788495677648
9788495752116
9788495752130
9788495752239
9788495752291
9788495752307
9788495752369
9788495752420
9788495752550
9788495752604
9788495752673
9788495752680
9788495752734
9788495752741
9788495752789
9788495752796
9788495752826
9788495752857
9788495752864
9788495752888
9788495752895
9788495752918
9788495752949
9788495752963
9788495752970
9788495752987
9788495761033
9788495761088
9788495761118
9788495761156
9788495761248
9788495761392
9788495761538
9788495764058
9788495764133
9788495764171
9788495764188
9788495764195
9788495764225
9788495764232
9788495764249
9788495764263
9788495764287
9788495764294
9788495764300
9788495764317
9788495764324
9788495764331
9788495764348
9788495764355
9788495764362
9788495764379
9788495764386
9788495764393
9788495764409
9788495764416
9788495764423
9788495764430
9788495764447
9788495764461
9788495764478
9788495764492
9788495764515
9788495764522
9788495764539
9788495764546
9788495764553
9788495764577
9788495764584
9788495764621
9788495764645
9788495764652
9788495764676
9788495764706
9788495764737
9788495764744
9788495764768
9788495764775
9788495764812
9788495764850
9788495764867
9788495764898
9788495764904
9788495764911
9788495764928
9788495764935
9788495764959
9788495764966
9788495764973
9788495764980
9788495764997
9788495787002
9788495787026
9788495787057
9788495787095
9788495787231
9788495787262
9788495787316
9788495787422
9788495787446
9788495787477
9788495787521
9788495787538
9788495787576
9788495787644
9788495787651
9788495787699
9788495787705
9788495787712
9788495787767
9788495787774
9788495787781
9788495787835
9788495787880
9788495787910
9788495787965
9788495787996
9788495883056
9788495883223
9788495883254
9788495919212
9788495919229
9788495919403
9788495919687
9788495919809
9788495919823
9788495919830
9788495923233
9788495923288
9788495923349
9788495923356
9788495923509
9788495923561
9788495923646
9788495923653
9788495923837
9788495923929
9788495923943
9788495923967
9788495923998
9788495939005
9788495939050
9788495939135
9788495939333
9788495939616
9788495939746
9788495939760
9788495939845
9788495939876
9788495939883
9788495939913
9788495951007
9788495951038
9788495951045
9788495951069
9788495951106
9788495951151
9788495951199
9788495951212
9788495951229
9788495951274
9788495951441
9788495951458
9788495951472
9788495951519
9788495951618
9788495951625
9788495951632
9788495951687
9788495951694
9788495951700
9788495951717
9788495951779
9788495951816
9788495951830
9788495951854
9788495951861
9788495951878
9788495951885
9788495951908
9788495951922
9788495951946
9788495951960
9788495986214
9788495986252
9788495986467
9788495986627
9788495986689
9788495986696
9788495986719
9788495986764
9788495986801
9788495986818
9788495986870
9788495986917
9788495986924
9788495986948
9788495986962
9788495986986
9788495986993
9788495993205
9788496008274
9788496013087
9788496013117
9788496013308
9788496013414
9788496013520
9788496016033
9788496016040
9788496016415
9788496016729
9788496016873
9788496016880
9788496016903
9788496044029
9788496044159
9788496044449
9788496044494
9788496044500
9788496044517
9788496044531
9788496044548
9788496044562
9788496046368
9788496046511
9788496046610
9788496046634
9788496046641
9788496046658
9788496046917
9788496054486
9788496054493
9788496054509
9788496054547
9788496107342
9788496107359
9788496107366
9788496107373
9788496107410
9788496107434
9788496107540
9788496107588
9788496107595
9788496107601
9788496107809
9788496107816
9788496107823
9788496138063
9788496138148
9788496209671
9788496222021
9788496222069
9788496222113
9788496222205
9788496222274
9788496222281
9788496222342
9788496222526
9788496222656
9788496222854
9788496231276
9788496231924
9788496252400
9788496252424
9788496252790
9788496252899
9788496263017
9788496263024
9788496263109
9788496263215
9788496263536
9788496263543
9788496263574
9788496263796
9788496263871
9788496263901
9788496263925
9788496263932
9788496284135
9788496284159
9788496284289
9788496284494
9788496284548
9788496284616
9788496284821
9788496284906
9788496290006
9788496290013
9788496290020
9788496290037
9788496290044
9788496290051
9788496290068
9788496290075
9788496290082
9788496290099
9788496290105
9788496290112
9788496290129
9788496290136
9788496290143
9788496290150
9788496290167
9788496290174
9788496290181
9788496290198
9788496290204
9788496290211
9788496290228
9788496290235
9788496290259
9788496290266
9788496290273
9788496290280
9788496290297
9788496290303
9788496290310
9788496290327
9788496290334
9788496290341
9788496290358
9788496290365
9788496290372
9788496290389
9788496290396
9788496290402
9788496290419
9788496290426
9788496290433
9788496290440
9788496290457
9788496290464
9788496290471
9788496290488
9788496290495
9788496290501
9788496290518
9788496290525
9788496290549
9788496290556
9788496290563
9788496290570
9788496290587
9788496290594
9788496290600
9788496290617
9788496290624
9788496290631
9788496290655
9788496290662
9788496290679
9788496290686
9788496290693
9788496290709
9788496290716
9788496290723
9788496290730
9788496290747
9788496290754
9788496290761
9788496290778
9788496290785
9788496290792
9788496290808
9788496290815
9788496290822
9788496290839
9788496290846
9788496290853
9788496290860
9788496290877
9788496290884
9788496290891
9788496290907
9788496290914
9788496290921
9788496290938
9788496290945
9788496290952
9788496290976
9788496290983
9788496290990
9788496319196
9788496319356
9788496319455
9788496319783
9788496319868
9788496319943
9788496388086
9788496388161
9788496388222
9788496388321
9788496388352
9788496388512
9788496388789
9788496388857
9788496424036
9788496424074
9788496424302
9788496424449
9788496424470
9788496424487
9788496424708
9788496424746
9788496424753
9788496424821
9788496427013
9788496427075
9788496427099
9788496427129
9788496427136
9788496427167
9788496427235
9788496427334
9788496427426
9788496427464
9788496427471
9788496427488
9788496427563
9788496427853
9788496427877
9788496428003
9788496428010
9788496428034
9788496428041
9788496428058
9788496428065
9788496428072
9788496428089
9788496428096
9788496428102
9788496428119
9788496428133
9788496428140
9788496428157
9788496428164
9788496428195
9788496428201
9788496428218
9788496428225
9788496428232
9788496428256
9788496428263
9788496428270
9788496428287
9788496428294
9788496428300
9788496428317
9788496428331
9788496428348
9788496428355
9788496428362
9788496428379
9788496428386
9788496428393
9788496428409
9788496428416
9788496428423
9788496428447
9788496428454
9788496428461
9788496428478
9788496428485
9788496428492
9788496428508
9788496428515
9788496428522
9788496428539
9788496428546
9788496428553
9788496428560
9788496428577
9788496428584
9788496428591
9788496428607
9788496428614
9788496428621
9788496428638
9788496428645
9788496428652
9788496428669
9788496428676
9788496428683
9788496428690
9788496428706
9788496428713
9788496428720
9788496428737
9788496428744
9788496428751
9788496428768
9788496428782
9788496428805
9788496428829
9788496428836
9788496428843
9788496428850
9788496428867
9788496428874
9788496428881
9788496428898
9788496428904
9788496428911
9788496428928
9788496428935
9788496428942
9788496428959
9788496428966
9788496428973
9788496428980
9788496466050
9788496466210
9788496466272
9788496466302
9788496466326
9788496466333
9788496466418
9788496466432
9788496466593
9788496466609
9788496466616
9788496466715
9788496466845
9788496466852
9788496466883
9788496466951
9788496471702
9788496473003
9788496473041
9788496473058
9788496473331
9788496473379
9788496473393
9788496473416
9788496473447
9788496473461
9788496473485
9788496473508
9788496473522
9788496473577
9788496473591
9788496473614
9788496473638
9788496473652
9788496473676
9788496473713
9788496473751
9788496473768
9788496473775
9788496473799
9788496473812
9788496473829
9788496473843
9788496473850
9788496473874
9788496473881
9788496473904
9788496473928
9788496473959
9788496509610
9788496517097
9788496517325
9788496527041
9788496527072
9788496527133
9788496527355
9788496527379
9788496527416
9788496527447
9788496527478
9788496527515
9788496527522
9788496527539
9788496527546
9788496527584
9788496527591
9788496527645
9788496527751
9788496527812
9788496527850
9788496527874
9788496527898
9788496527973
9788496540033
9788496540057
9788496540064
9788496540095
9788496540101
9788496540125
9788496540132
9788496540149
9788496540156
9788496540163
9788496540170
9788496540194
9788496540217
9788496540231
9788496540286
9788496540316
9788496540330
9788496540347
9788496540378
9788496540439
9788496540477
9788496540484
9788496540491
9788496540514
9788496540538
9788496540545
9788496540576
9788496540583
9788496540590
9788496540606
9788496540613
9788496540620
9788496540668
9788496540699
9788496540736
9788496540767
9788496540798
9788496540897
9788496540903
9788496540910
9788496540927
9788496540972
9788496544031
9788496544215
9788496544420
9788496544482
9788496544536
9788496544598
9788496544857
9788496544901
9788496544949
9788496544970
9788496546080
9788496546097
9788496546257
9788496546264
9788496546318
9788496546325
9788496546394
9788496546530
9788496546707
9788496546837
9788496546875
9788496546967
9788496551695
9788496551749
9788496562431
9788496562684
9788496562974
9788496562981
9788496575103
9788496575318
9788496575448
9788496575639
9788496575677
9788496575684
9788496575752
9788496575769
9788496575790
9788496575813
9788496575820
9788496575905
9788496581241
9788496581319
9788496581562
9788496595002
9788496595019
9788496595057
9788496595088
9788496595095
9788496595101
9788496595125
9788496595149
9788496595163
9788496595170
9788496595194
9788496595200
9788496595217
9788496595224
9788496595248
9788496595279
9788496595286
9788496595316
9788496595408
9788496595477
9788496595507
9788496595576
9788496595583
9788496595590
9788496595606
9788496609099
9788496609150
9788496609204
9788496609327
9788496609556
9788496609938
9788496609945
9788496626188
9788496627000
9788496627024
9788496627116
9788496627130
9788496627178
9788496627185
9788496627192
9788496627208
9788496627215
9788496627222
9788496627253
9788496627277
9788496627291
9788496627338
9788496627420
9788496627437
9788496627451
9788496627475
9788496627482
9788496627505
9788496627512
9788496627529
9788496627550
9788496627567
9788496627604
9788496627611
9788496627635
9788496627642
9788496627659
9788496627666
9788496627673
9788496627680
9788496627703
9788496627710
9788496627727
9788496627741
9788496627758
9788496627765
9788496627772
9788496627789
9788496627796
9788496627802
9788496627826
9788496627833
9788496627840
9788496627857
9788496627864
9788496627871
9788496627888
9788496627895
9788496627901
9788496627918
9788496627925
9788496627932
9788496627949
9788496627970
9788496627987
9788496627994
9788496629066
9788496629073
9788496629394
9788496629738
9788496629820
9788496629837
9788496629899
9788496629912
9788496629929
9788496629943
9788496629967
9788496629981
9788496646018
9788496646025
9788496646032
9788496646063
9788496646070
9788496646087
9788496646193
9788496646230
9788496646384
9788496646520
9788496646537
9788496646544
9788496646568
9788496646582
9788496646599
9788496646605
9788496646612
9788496646636
9788496646735
9788496646742
9788496646759
9788496646766
9788496646834
9788496646919
9788496646940
9788496646957
9788496650046
9788496650084
9788496650091
9788496658042
9788496658059
9788496658080
9788496658158
9788496658189
9788496658202
9788496658288
9788496658318
9788496658356
9788496658394
9788496658431
9788496658455
9788496658486
9788496658493
9788496658516
9788496658530
9788496658547
9788496658554
9788496658585
9788496658592
9788496700345
9788496707283
9788496707337
9788496707474
9788496707481
9788496707535
9788496707627
9788496707665
9788496707672
9788496707788
9788496708358
9788496708396
9788496708440
9788496708457
9788496708556
9788496711013
9788496711068
9788496711082
9788496711099
9788496711112
9788496711143
9788496711150
9788496711167
9788496711174
9788496711181
9788496711198
9788496711204
9788496711235
9788496711242
9788496711266
9788496711273
9788496711280
9788496711297
9788496711303
9788496711310
9788496711327
9788496711334
9788496711341
9788496711358
9788496711389
9788496711396
9788496711426
9788496711433
9788496711440
9788496711457
9788496711464
9788496711488
9788496711495
9788496711501
9788496711525
9788496711532
9788496711549
9788496711563
9788496711570
9788496711587
9788496711594
9788496711617
9788496711624
9788496711631
9788496711648
9788496711655
9788496711662
9788496711679
9788496711686
9788496711693
9788496711709
9788496711716
9788496711754
9788496711761
9788496711778
9788496711792
9788496711822
9788496711846
9788496711853
9788496711860
9788496711877
9788496711884
9788496711891
9788496711914
9788496711921
9788496711938
9788496711945
9788496711952
9788496711990
9788496746022
9788496746053
9788496746138
9788496746183
9788496746305
9788496746312
9788496746336
9788496746398
9788496746404
9788496746428
9788496746435
9788496746466
9788496746473
9788496746497
9788496746503
9788496746510
9788496746558
9788496746565
9788496746572
9788496746619
9788496746626
9788496746633
9788496746664
9788496746688
9788496746695
9788496746732
9788496746763
9788496746770
9788496746787
9788496746794
9788496754287
9788496754317
9788496754331
9788496754379
9788496754386
9788496754409
9788496754416
9788496754447
9788496754492
9788496774360
9788496774391
9788496774407
9788496774414
9788496774506
9788496774773
9788496774971
9788496778078
9788496778191
9788496778207
9788496778351
9788496778368
9788496778429
9788496778849
9788496778863
9788496778917
9788496778924
9788496778931
9788496778979
9788496780149
9788496780293
9788496780439
9788496791183
9788496791220
9788496791435
9788496791534
9788496791824
9788496791855
9788496791923
9788496791947
9788496829084
9788496829268
9788496829374
9788496829381
9788496829473
9788496829664
9788496829671
9788496829695
9788496829718
9788496829787
9788496829794
9788496829800
9788496829961
9788496829985
9788496840515
9788496870901
9788496870949
9788496870956
9788496875005
9788496875012
9788496875029
9788496875043
9788496875050
9788496875074
9788496875081
9788496875098
9788496875104
9788496875111
9788496875128
9788496875135
9788496875142
9788496875159
9788496875166
9788496875180
9788496875203
9788496875210
9788496875234
9788496875241
9788496875265
9788496875272
9788496875289
9788496875296
9788496875302
9788496875319
9788496875333
9788496875340
9788496875364
9788496875371
9788496875395
9788496875425
9788496875449
9788496875463
9788496875470
9788496875494
9788496875500
9788496875524
9788496875548
9788496875555
9788496875579
9788496875593
9788496875654
9788496875661
9788496875678
9788496875876
9788496875944
9788496875975
9788496875982
9788496875999
9788496886018
9788496886032
9788496886056
9788496886063
9788496886087
9788496886094
9788496886100
9788496886117
9788496886131
9788496886162
9788496886179
9788496886186
9788496886209
9788496886223
9788496886278
9788496886285
9788496886292
9788496886308
9788496886322
9788496886339
9788496886346
9788496886353
9788496886360
9788496886391
9788496886407
9788496886414
9788496886421
9788496886445
9788496886452
9788496886469
9788496886476
9788496886483
9788496886490
9788496886506
9788496886513
9788496886520
9788496886537
9788496886544
9788496886551
9788496886568
9788496886575
9788496886582
9788496886599
9788496886612
9788496917101
9788496917217
9788496917262
9788496917330
9788496917378
9788496917521
9788496917583
9788496917705
9788496917750
9788496921245
9788496921269
9788496921290
9788496921320
9788496921399
9788496921429
9788496921504
9788496921542
9788496921559
9788496921566
9788496921597
9788496921627
9788496921672
9788496921726
9788496921733
9788496921771
9788496921849
9788496921856
9788496921863
9788496924031
9788496924062
9788496924109
9788496924277
9788496924390
9788496924444
9788496924536
9788496924598
9788496924734
9788496924789
9788496924796
9788496924826
9788496924864
9788496924871
9788496924963
9788496935006
9788496935037
9788496935143
9788496935235
9788496935365
9788496935426
9788496939042
9788496939097
9788496939110
9788496939158
9788496939196
9788496939226
9788496939295
9788496939301
9788496939370
9788496939493
9788496939509
9788496939516
9788496939585
9788496939646
9788496939912
9788496939929
9788496939998
9788496940017
9788496940024
9788496940031
9788496940048
9788496940055
9788496940086
9788496940093
9788496940123
9788496940147
9788496940208
9788496940253
9788496940345
9788496940352
9788496940406
9788496940420
9788496940475
9788496940543
9788496940574
9788496940611
9788496940628
9788496940680
9788496940796
9788496940802
9788496940819
9788496940826
9788496940888
9788496940932
9788496940987
9788496940994
9788496954052
9788496954083
9788496954090
9788496954137
9788496954151
9788496954182
9788496954199
9788496954212
9788496954229
9788496954243
9788496954274
9788496954298
9788496954304
9788496954311
9788496954373
9788496954380
9788496954410
9788496954472
9788496954496
9788496954502
9788496954526
9788496954540
9788496954564
9788496954571
9788496954588
9788496954595
9788496954601
9788496954625
9788496954717
9788496954748
9788496954786
9788496954861
9788496969032
9788496969063
9788496969087
9788496969094
9788496969100
9788496969209
9788496969216
9788496969353
9788496969599
9788496969636
9788496969667
9788496969674
9788496969780
9788496969872
9788496969889
9788496969919
9788496969933
9788496969940
9788496969957
9788496969964
9788496969971
9788496969988
9788496969995
9788496981003
9788496981034
9788496981041
9788496981096
9788496981102
9788496981126
9788496981133
9788496981164
9788496981188
9788496981195
9788496981256
9788496981263
9788496981287
9788496981294
9788496981300
9788496981317
9788496981348
9788496981355
9788496981386
9788496981393
9788496981409
9788496981416
9788496981454
9788496981478
9788496981492
9788496981508
9788496981546
9788496981560
9788496981584
9788496981591
9788496981607
9788496981614
9788496981621
9788496981638
9788496981645
9788496981652
9788496981669
9788496981683
9788496981706
9788496981713
9788496981737
9788496981775
9788496981805
9788496981812
9788496981843
9788496981867
9788496981874
9788496981898
9788496981911
9788496981928
9788496981959
9788496981966
9788497000833
9788497000901
9788497000963
9788497001083
9788497001564
9788497001977
9788497002516
9788497002523
9788497002530
9788497002561
9788497002653
9788497002738
9788497002745
9788497002752
9788497002769
9788497002974
9788497002998
9788497003001
9788497003216
9788497003223
9788497003254
9788497003261
9788497003278
9788497003285
9788497003292
9788497003315
9788497003377
9788497003438
9788497003452
9788497003520
9788497003599
9788497003605
9788497003889
9788497003940
9788497003957
9788497004077
9788497004336
9788497004428
9788497004435
9788497004596
9788497004602
9788497005265
9788497005272
9788497005289
9788497005296
9788497006187
9788497006255
9788497006279
9788497006330
9788497006408
9788497006415
9788497006422
9788497006439
9788497006446
9788497006484
9788497006507
9788497006514
9788497006521
9788497006538
9788497006545
9788497006552
9788497006569
9788497006576
9788497006583
9788497006590
9788497006606
9788497006613
9788497006620
9788497006637
9788497007047
9788497007221
9788497007245
9788497007252
9788497007269
9788497007436
9788497007443
9788497007542
9788497007559
9788497007702
9788497007764
9788497007849
9788497007870
9788497007887
9788497007917
9788497007924
9788497007931
9788497007948
9788497007955
9788497007986
9788497007993
9788497008006
9788497008167
9788497008174
9788497008181
9788497130578
9788497130585
9788497130592
9788497130608
9788497130615
9788497130622
9788497130639
9788497130646
9788497130653
9788497130912
9788497131025
9788497131049
9788497131056
9788497131063
9788497131070
9788497131100
9788497131117
9788497131131
9788497131148
9788497131162
9788497131186
9788497131193
9788497131209
9788497131216
9788497131223
9788497131230
9788497131247
9788497131254
9788497131261
9788497131278
9788497357418
9788497357500
9788497357760
9788497358002
9788497358125
9788497358149
9788497358163
9788497358200
9788497358224
9788497358248
9788497358286
9788497358309
9788497358361
9788497358415
9788497358491
9788497358507
9788497545365
9788497545372
9788497545389
9788497545396
9788497546270
9788497547611
9788497547864
9788497592260
9788497593120
9788497593946
9788497593953
9788497594257
9788497595094
9788497595308
9788497595377
9788497595391
9788497596640
9788497596749
9788497597234
9788497597463
9788497634625
9788497634632
9788497634649
9788497634656
9788497634663
9788497634670
9788497634687
9788497634694
9788497634700
9788497634717
9788497634724
9788497634731
9788497634748
9788497634755
9788497634762
9788497634779
9788497634786
9788497634793
9788497634809
9788497634816
9788497634823
9788497634830
9788497634854
9788497634861
9788497634878
9788497634885
9788497634892
9788497634908
9788497634915
9788497634922
9788497635417
9788497635448
9788497635783
9788497635875
9788497636025
9788497636056
9788497636063
9788497636070
9788497636087
9788497636094
9788497636100
9788497636117
9788497636124
9788497636131
9788497636148
9788497636155
9788497636162
9788497636209
9788497636216
9788497636230
9788497636247
9788497636254
9788497636261
9788497636278
9788497636285
9788497636292
9788497636308
9788497636315
9788497636322
9788497636339
9788497636346
9788497636353
9788497636360
9788497636377
9788497636384
9788497636391
9788497636407
9788497636414
9788497636421
9788497636438
9788497636445
9788497636452
9788497636469
9788497636476
9788497636490
9788497636506
9788497636513
9788497636520
9788497636537
9788497636544
9788497636551
9788497636568
9788497636575
9788497636582
9788497636599
9788497636605
9788497636612
9788497636629
9788497636636
9788497636643
9788497636650
9788497636667
9788497636674
9788497636681
9788497636698
9788497636704
9788497636711
9788497636728
9788497636735
9788497636742
9788497636780
9788497636797
9788497636803
9788497636827
9788497636834
9788497636841
9788497636865
9788497636872
9788497636896
9788497636902
9788497636919
9788497636926
9788497637015
9788497637046
9788497637077
9788497637107
9788497637138
9788497637169
9788497637190
9788497637206
9788497637237
9788497637268
9788497637312
9788497637343
9788497637374
9788497637404
9788497637435
9788497637466
9788497637497
9788497637527
9788497637558
9788497637619
9788497637640
9788497637671
9788497637701
9788497637732
9788497637763
9788497637794
9788497637824
9788497637855
9788497637886
9788497637978
9788497638036
9788497638067
9788497638098
9788497638128
9788497638159
9788497638180
9788497638227
9788497638289
9788497638326
9788497638333
9788497638425
9788497638449
9788497638470
9788497638500
9788497638968
9788497638975
9788497638982
9788497639019
9788497639026
9788497639033
9788497639040
9788497639088
9788497639118
9788497639149
9788497639170
9788497639200
9788497639231
9788497639293
9788497639323
9788497639354
9788497639385
9788497639446
9788497639477
9788497639507
9788497639521
9788497639545
9788497639576
9788497639590
9788497639637
9788497639675
9788497639705
9788497639736
9788497639767
9788497639866
9788497643771
9788497770118
9788497770170
9788497770354
9788497770392
9788497770460
9788497770484
9788497770552
9788497770569
9788497770576
9788497770583
9788497770613
9788497770736
9788497770866
9788497770903
9788497770927
9788497770934
9788497771016
9788497771122
9788497771146
9788497771191
9788497771221
9788497771238
9788497771245
9788497771283
9788497771313
9788497771412
9788497771443
9788497771474
9788497771542
9788497771566
9788497771597
9788497771634
9788497771658
9788497771665
9788497771672
9788497771689
9788497771719
9788497771757
9788497771764
9788497771788
9788497771795
9788497771849
9788497771931
9788497771962
9788497771986
9788497772006
9788497772013
9788497772020
9788497772044
9788497772136
9788497772297
9788497772303
9788497772310
9788497772365
9788497772396
9788497772457
9788497772495
9788497772594
9788497772600
9788497772648
9788497772655
9788497772679
9788497772730
9788497772747
9788497772808
9788497772815
9788497772839
9788497772846
9788497772853
9788497772860
9788497772921
9788497772938
9788497772945
9788497772969
9788497772976
9788497772983
9788497772990
9788497773010
9788497773027
9788497773096
9788497773126
9788497773133
9788497773140
9788497773157
9788497773188
9788497773195
9788497773218
9788497773225
9788497773263
9788497773270
9788497773287
9788497773294
9788497773317
9788497773348
9788497773362
9788497773416
9788497773430
9788497773447
9788497773454
9788497773461
9788497773485
9788497773492
9788497773522
9788497773546
9788497773607
9788497773614
9788497773621
9788497773645
9788497773652
9788497773676
9788497773706
9788497773713
9788497773720
9788497773737
9788497773744
9788497773768
9788497773799
9788497773812
9788497773850
9788497773867
9788497773881
9788497773898
9788497773935
9788497773959
9788497773973
9788497774017
9788497774024
9788497774031
9788497774048
9788497774055
9788497774079
9788497774093
9788497774109
9788497774116
9788497774123
9788497774130
9788497774154
9788497774178
9788497774185
9788497774192
9788497774208
9788497774215
9788497774239
9788497774253
9788497774277
9788497774314
9788497774338
9788497774352
9788497774369
9788497774383
9788497774390
9788497774406
9788497774413
9788497774420
9788497774437
9788497774444
9788497774475
9788497774482
9788497774499
9788497774505
9788497774529
9788497774543
9788497774574
9788497774581
9788497774598
9788497774611
9788497774635
9788497774642
9788497774659
9788497774673
9788497774680
9788497774697
9788497774703
9788497774727
9788497774734
9788497774758
9788497774772
9788497774796
9788497774802
9788497774833
9788497774840
9788497774871
9788497774888
9788497774895
9788497774918
9788497774925
9788497774932
9788497774949
9788497774956
9788497774963
9788497774987
9788497774994
9788497775007
9788497775014
9788497775038
9788497775045
9788497775052
9788497775069
9788497775076
9788497775083
9788497775106
9788497775113
9788497775120
9788497775137
9788497775144
9788497775151
9788497775175
9788497775182
9788497775199
9788497775205
9788497775212
9788497775229
9788497775236
9788497775250
9788497775267
9788497775274
9788497775281
9788497775298
9788497775304
9788497775328
9788497775342
9788497775359
9788497775366
9788497775373
9788497775380
9788497775427
9788497775434
9788497775441
9788497775458
9788497775472
9788497775519
9788497775526
9788497775588
9788497775595
9788497775601
9788497775618
9788497775625
9788497775632
9788497775649
9788497775656
9788497775663
9788497775670
9788497775694
9788497775700
9788497775731
9788497775755
9788497775762
9788497775779
9788497775786
9788497775793
9788497775809
9788497775816
9788497775847
9788497775854
9788497775861
9788497775878
9788497775908
9788497775915
9788497775922
9788497775939
9788497775946
9788497775953
9788497775960
9788497775977
9788497775984
9788497775991
9788497776028
9788497776066
9788497776073
9788497776080
9788497776103
9788497776134
9788497776141
9788497776158
9788497776165
9788497776172
9788497776196
9788497776202
9788497776219
9788497776226
9788497776233
9788497776240
9788497776257
9788497776264
9788497776288
9788497776295
9788497776301
9788497776318
9788497776325
9788497776332
9788497776356
9788497776363
9788497776387
9788497776394
9788497776400
9788497776417
9788497776424
9788497776448
9788497776462
9788497776479
9788497776493
9788497776509
9788497776516
9788497776523
9788497776530
9788497776547
9788497776554
9788497776585
9788497776592
9788497776622
9788497776639
9788497776646
9788497776660
9788497776677
9788497776684
9788497776691
9788497776714
9788497776721
9788497776738
9788497776752
9788497776769
9788497776776
9788497776790
9788497776813
9788497776820
9788497776837
9788497776844
9788497776851
9788497776875
9788497776882
9788497776899
9788497776905
9788497776929
9788497776936
9788497776967
9788497777056
9788497777063
9788497777087
9788497777094
9788497777117
9788497777124
9788497777131
9788497777148
9788497777155
9788497777162
9788497777186
9788497777216
9788497777223
9788497777230
9788497777247
9788497777254
9788497777261
9788497777278
9788497777308
9788497777315
9788497777322
9788497777346
9788497777353
9788497777360
9788497777377
9788497777414
9788497777421
9788497777438
9788497777445
9788497777452
9788497777469
9788497777476
9788497777483
9788497777506
9788497777513
9788497777537
9788497777544
9788497777551
9788497777568
9788497777582
9788497777599
9788497777605
9788497777612
9788497777629
9788497777636
9788497777650
9788497777667
9788497777674
9788497777698
9788497777704
9788497777711
9788497777728
9788497777735
9788497777742
9788497777759
9788497777766
9788497777780
9788497777797
9788497777803
9788497777810
9788497777827
9788497777834
9788497777841
9788497777865
9788497777872
9788497777889
9788497777896
9788497777902
9788497777919
9788497777933
9788497777940
9788497777957
9788497777964
9788497777971
9788497778008
9788497778015
9788497778022
9788497778039
9788497778046
9788497778053
9788497778060
9788497778077
9788497778084
9788497778091
9788497778107
9788497778114
9788497778121
9788497778138
9788497778152
9788497778169
9788497778183
9788497778190
9788497778213
9788497778237
9788497778244
9788497778275
9788497778282
9788497778299
9788497778305
9788497778350
9788497778367
9788497778374
9788497778381
9788497778398
9788497778404
9788497778411
9788497778428
9788497778435
9788497778442
9788497778459
9788497778466
9788497778473
9788497778497
9788497778503
9788497778510
9788497778527
9788497778534
9788497778541
9788497778558
9788497778565
9788497778572
9788497778589
9788497778596
9788497778602
9788497778626
9788497778633
9788497778664
9788497778718
9788497778725
9788497778732
9788497778749
9788497778794
9788497778848
9788497778855
9788497778879
9788497778886
9788497778909
9788497778923
9788497778947
9788497778954
9788497778961
9788497778978
9788497778985
9788497778992
9788497779005
9788497779012
9788497779029
9788497779036
9788497779050
9788497779067
9788497779074
9788497779081
9788497779098
9788497779104
9788497779111
9788497779128
9788497779135
9788497779159
9788497779166
9788497779173
9788497779180
9788497779197
9788497779203
9788497779210
9788497779227
9788497779234
9788497779258
9788497779265
9788497779272
9788497779296
9788497779302
9788497779319
9788497779326
9788497779333
9788497779340
9788497779357
9788497779364
9788497779371
9788497779388
9788497779395
9788497779401
9788497779418
9788497779425
9788497779432
9788497779449
9788497779456
9788497779463
9788497779470
9788497779487
9788497779494
9788497779500
9788497779517
9788497779524
9788497779531
9788497779548
9788497779579
9788497779586
9788497779593
9788497779609
9788497779623
9788497779654
9788497779661
9788497779678
9788497779685
9788497779692
9788497779715
9788497779722
9788497779739
9788497779746
9788497779753
9788497779821
9788497779838
9788497779845
9788497779852
9788497779869
9788497779876
9788497779883
9788497779890
9788497779906
9788497779913
9788497779937
9788497779951
9788497779968
9788497779975
9788497779982
9788497779999
9788497781572
9788497930246
9788497931939
9788497932486
9788497934329
9788497935272
9788497938518
9788497938891
9788498010077
9788498010152
9788498010213
9788498010411
9788498010428
9788498010442
9788498010541
9788498010558
9788498010596
9788498010602
9788498010749
9788498010763
9788498010855
9788498010862
9788498011104
9788498011227
9788498011449
9788498011654
9788498011685
9788498011715
9788498011807
9788498011838
9788498011890
9788498011913
9788498011975
9788498012019
9788498012026
9788498012040
9788498012156
9788498012187
9788498012651
9788498013238
9788498013245
9788498013450
9788498013726
9788498013795
9788498014006
9788498014051
9788498014075
9788498014099
9788498014112
9788498014136
9788498014150
9788498014259
9788498014402
9788498014532
9788498014549
9788498014556
9788498014679
9788498014716
9788498014785
9788498015164
9788498015263
9788498015300
9788498015379
9788498015409
9788498015461
9788498015478
9788498015485
9788498015492
9788498015560
9788498015591
9788498015874
9788498015928
9788498015942
9788498015966
9788498015980
9788498015997
9788498016222
9788498016246
9788498016253
9788498016345
9788498016406
9788498016420
9788498016468
9788498016482
9788498016499
9788498016550
9788498016635
9788498016734
9788498016833
9788498016857
9788498016871
9788498017069
9788498017229
9788498017236
9788498017243
9788498017281
9788498017328
9788498017335
9788498017366
9788498017373
9788498017380
9788498017441
9788498017571
9788498017700
9788498017830
9788498017915
9788498017922
9788498017946
9788498018127
9788498018196
9788498018202
9788498018219
9788498060188
9788498061390
9788498062717
9788498063745
9788498064827
9788498067194
9788498067927
9788498069433
9788498069617
9788498160000
9788498160017
9788498160031
9788498160048
9788498160055
9788498160062
9788498160079
9788498160086
9788498160123
9788498160130
9788498160154
9788498160161
9788498160178
9788498160185
9788498160192
9788498160208
9788498160215
9788498160222
9788498160239
9788498160253
9788498160277
9788498160284
9788498160291
9788498160307
9788498160314
9788498160321
9788498160338
9788498160345
9788498160352
9788498160376
9788498160383
9788498160390
9788498160406
9788498160413
9788498160420
9788498160437
9788498160444
9788498160451
9788498160468
9788498160475
9788498160482
9788498160499
9788498160505
9788498160512
9788498160536
9788498160543
9788498160550
9788498160567
9788498160574
9788498160581
9788498160598
9788498160604
9788498160611
9788498160628
9788498160635
9788498160642
9788498160659
9788498160666
9788498160673
9788498160697
9788498160703
9788498160710
9788498160727
9788498160734
9788498160741
9788498160758
9788498160765
9788498160772
9788498160789
9788498160796
9788498160802
9788498160819
9788498160826
9788498160833
9788498160840
9788498160857
9788498160864
9788498160871
9788498160888
9788498160895
9788498160901
9788498160918
9788498160925
9788498160932
9788498160949
9788498160956
9788498160963
9788498160970
9788498160987
9788498160994
9788498161007
9788498161014
9788498161021
9788498161038
9788498161045
9788498161052
9788498161069
9788498161076
9788498161083
9788498161090
9788498161106
9788498161113
9788498161120
9788498161137
9788498161144
9788498161151
9788498161168
9788498161175
9788498161182
9788498161199
9788498161205
9788498161212
9788498161229
9788498161236
9788498161243
9788498161250
9788498161267
9788498161274
9788498161281
9788498161304
9788498161311
9788498161328
9788498161335
9788498161342
9788498161359
9788498161366
9788498161373
9788498161380
9788498161397
9788498161403
9788498161410
9788498161427
9788498161434
9788498161441
9788498161458
9788498161465
9788498161489
9788498161496
9788498161502
9788498161519
9788498161526
9788498161533
9788498161540
9788498161557
9788498161564
9788498161571
9788498161588
9788498161595
9788498161601
9788498161618
9788498161625
9788498161632
9788498161649
9788498161656
9788498161663
9788498161687
9788498161694
9788498161700
9788498161717
9788498161724
9788498161731
9788498161748
9788498161755
9788498161762
9788498161779
9788498161786
9788498161793
9788498161809
9788498161816
9788498161823
9788498161830
9788498161847
9788498161854
9788498161861
9788498161878
9788498161885
9788498161892
9788498161908
9788498161915
9788498161922
9788498161939
9788498161946
9788498161953
9788498161960
9788498161977
9788498161984
9788498161991
9788498162004
9788498162011
9788498162028
9788498162035
9788498162042
9788498162059
9788498162066
9788498162073
9788498162080
9788498162097
9788498162110
9788498162127
9788498162134
9788498162141
9788498162158
9788498162165
9788498162172
9788498162189
9788498162196
9788498162202
9788498162219
9788498162226
9788498162233
9788498162240
9788498162257
9788498162264
9788498162271
9788498162288
9788498162295
9788498162301
9788498162318
9788498162325
9788498162332
9788498162349
9788498162356
9788498162363
9788498162370
9788498162387
9788498162394
9788498162400
9788498162417
9788498162424
9788498162431
9788498162448
9788498162455
9788498162462
9788498162479
9788498162486
9788498162493
9788498162509
9788498162516
9788498162523
9788498162530
9788498162547
9788498162554
9788498162561
9788498162578
9788498162585
9788498162592
9788498162608
9788498162615
9788498162622
9788498162639
9788498162646
9788498162660
9788498162677
9788498162684
9788498162691
9788498162714
9788498162738
9788498162752
9788498162769
9788498162776
9788498162783
9788498162790
9788498162806
9788498162813
9788498162820
9788498162837
9788498162844
9788498162851
9788498162868
9788498162875
9788498162882
9788498162899
9788498162905
9788498162912
9788498162929
9788498162936
9788498162943
9788498162950
9788498162967
9788498162974
9788498162981
9788498162998
9788498163001
9788498163018
9788498163025
9788498163032
9788498163049
9788498163056
9788498163063
9788498163070
9788498163087
9788498163094
9788498163117
9788498163124
9788498163131
9788498163148
9788498163162
9788498163179
9788498163186
9788498163193
9788498163209
9788498163216
9788498163223
9788498163247
9788498163254
9788498163261
9788498163278
9788498163285
9788498163292
9788498163308
9788498163315
9788498163322
9788498163339
9788498163353
9788498163360
9788498163377
9788498163384
9788498163391
9788498163407
9788498163438
9788498163445
9788498163452
9788498163469
9788498163476
9788498163483
9788498163490
9788498163506
9788498163513
9788498163520
9788498163537
9788498163544
9788498163551
9788498163568
9788498163575
9788498163582
9788498163599
9788498163605
9788498163612
9788498163629
9788498163643
9788498163650
9788498163667
9788498163674
9788498163681
9788498163698
9788498163704
9788498163711
9788498163728
9788498163735
9788498163742
9788498163759
9788498163766
9788498163773
9788498163780
9788498163797
9788498163810
9788498163827
9788498163834
9788498163841
9788498163858
9788498163865
9788498163872
9788498163889
9788498163896
9788498163902
9788498163919
9788498163926
9788498163933
9788498163940
9788498163957
9788498163964
9788498163988
9788498163995
9788498164008
9788498164015
9788498164022
9788498164039
9788498164046
9788498164053
9788498164060
9788498164077
9788498164084
9788498164091
9788498164107
9788498164114
9788498164121
9788498164138
9788498164145
9788498164152
9788498164176
9788498164183
9788498164190
9788498164206
9788498164213
9788498164220
9788498164237
9788498164244
9788498164251
9788498164268
9788498164275
9788498164282
9788498164299
9788498164305
9788498164312
9788498164329
9788498164336
9788498164343
9788498164350
9788498164367
9788498164374
9788498164381
9788498164398
9788498164404
9788498164411
9788498164428
9788498164435
9788498164442
9788498164459
9788498164466
9788498164473
9788498164480
9788498164497
9788498164503
9788498164510
9788498164527
9788498164534
9788498164541
9788498164558
9788498164565
9788498164572
9788498164589
9788498164596
9788498164602
9788498164619
9788498164626
9788498164633
9788498164640
9788498164657
9788498164664
9788498164671
9788498164688
9788498164695
9788498164701
9788498164718
9788498164725
9788498164732
9788498164749
9788498164756
9788498164763
9788498164770
9788498164794
9788498164817
9788498164824
9788498164831
9788498164848
9788498164855
9788498164862
9788498164879
9788498164886
9788498164893
9788498164909
9788498164916
9788498164923
9788498164930
9788498164947
9788498164954
9788498164961
9788498164978
9788498164985
9788498164992
9788498165005
9788498165012
9788498165029
9788498165036
9788498165043
9788498165050
9788498165067
9788498165074
9788498165081
9788498165098
9788498165104
9788498165111
9788498165128
9788498165135
9788498165142
9788498165159
9788498165166
9788498165173
9788498165180
9788498165197
9788498165203
9788498165210
9788498165227
9788498165234
9788498165241
9788498165258
9788498165265
9788498165272
9788498165289
9788498165296
9788498165302
9788498165319
9788498165326
9788498165333
9788498165340
9788498165357
9788498165364
9788498165371
9788498165388
9788498165395
9788498165401
9788498165418
9788498165425
9788498165432
9788498165449
9788498165463
9788498165470
9788498165487
9788498165500
9788498165517
9788498165531
9788498165548
9788498165555
9788498165562
9788498165586
9788498165593
9788498165616
9788498165647
9788498165661
9788498165678
9788498165692
9788498165722
9788498165739
9788498165746
9788498165753
9788498165760
9788498165777
9788498165784
9788498165791
9788498165807
9788498165814
9788498165821
9788498165838
9788498165845
9788498165852
9788498165869
9788498165876
9788498165883
9788498165890
9788498165906
9788498165913
9788498165920
9788498165937
9788498165944
9788498165951
9788498165968
9788498165975
9788498165982
9788498165999
9788498166002
9788498166019
9788498166033
9788498166040
9788498166057
9788498166064
9788498166071
9788498166088
9788498166095
9788498166101
9788498166118
9788498166125
9788498166132
9788498166149
9788498166156
9788498166163
9788498166170
9788498166187
9788498166217
9788498166224
9788498166231
9788498166248
9788498166255
9788498166262
9788498166279
9788498166286
9788498166293
9788498166309
9788498166316
9788498166323
9788498166330
9788498166347
9788498166354
9788498166361
9788498166378
9788498166392
9788498166408
9788498166415
9788498166439
9788498166446
9788498166460
9788498166477
9788498166484
9788498166491
9788498166507
9788498166514
9788498166521
9788498166538
9788498166545
9788498166552
9788498166569
9788498166576
9788498166583
9788498166590
9788498166606
9788498166620
9788498166644
9788498166651
9788498166668
9788498166675
9788498166705
9788498166712
9788498166729
9788498166736
9788498166743
9788498166750
9788498166767
9788498166774
9788498166781
9788498166798
9788498166804
9788498166811
9788498166828
9788498166859
9788498166873
9788498166897
9788498166910
9788498166934
9788498166965
9788498166996
9788498167023
9788498167030
9788498167047
9788498167054
9788498167061
9788498167078
9788498167085
9788498167108
9788498167115
9788498167122
9788498167153
9788498167160
9788498167191
9788498167207
9788498167221
9788498167238
9788498167245
9788498167252
9788498167269
9788498167276
9788498167290
9788498167306
9788498167320
9788498167337
9788498167351
9788498167375
9788498167382
9788498167399
9788498167405
9788498167412
9788498167429
9788498167436
9788498167443
9788498167450
9788498167467
9788498167474
9788498167481
9788498167498
9788498167504
9788498167511
9788498167528
9788498167542
9788498167559
9788498167566
9788498167573
9788498167610
9788498167627
9788498167634
9788498167658
9788498167702
9788498167719
9788498167726
9788498167733
9788498167740
9788498167757
9788498167764
9788498167771
9788498167788
9788498167795
9788498167801
9788498167818
9788498167825
9788498167832
9788498167849
9788498167863
9788498167870
9788498167900
9788498167917
9788498167931
9788498167948
9788498167955
9788498167962
9788498167979
9788498167986
9788498167993
9788498168006
9788498168013
9788498168020
9788498168037
9788498168044
9788498168051
9788498168068
9788498168075
9788498168082
9788498168099
9788498168105
9788498168112
9788498168129
9788498168136
9788498168143
9788498168150
9788498168167
9788498168174
9788498168181
9788498168198
9788498168204
9788498168211
9788498168235
9788498168242
9788498168259
9788498168280
9788498168297
9788498168303
9788498168334
9788498168341
9788498168358
9788498168365
9788498168372
9788498168396
9788498168402
9788498168426
9788498168440
9788498168457
9788498168471
9788498168488
9788498168518
9788498168532
9788498168549
9788498168556
9788498168563
9788498168570
9788498168587
9788498168594
9788498168617
9788498168631
9788498168648
9788498168655
9788498168662
9788498168679
9788498168686
9788498168693
9788498168709
9788498168716
9788498168723
9788498168730
9788498168761
9788498168778
9788498168785
9788498168792
9788498168808
9788498168822
9788498168839
9788498168846
9788498168853
9788498168860
9788498168877
9788498168891
9788498168914
9788498169553
9788498169812
9788498169980
9788498169997
9788498230055
9788498230352
9788498230369
9788498230376
9788498230383
9788498230970
9788498230987
9788498230994
9788498231007
9788498231014
9788498231021
9788498231038
9788498231045
9788498231199
9788498231274
9788498231472
9788498231557
9788498231564
9788498231571
9788498231588
9788498231595
9788498231601
9788498231618
9788498231625
9788498231632
9788498231649
9788498231656
9788498231663
9788498231670
9788498231915
9788498231922
9788498231946
9788498232103
9788498232110
9788498235357
9788498235364
9788498235814
9788498235845
9788498236316
9788498236330
9788498236439
9788498236446
9788498236453
9788498236583
9788498236590
9788498237504
9788498237757
9788498238297
9788498238648
9788498238723
9788498238990
9788498239584
9788498239621
9788498239676
9788498239843
9788498239935
9788498250152
9788498250169
9788498250275
9788498250282
9788498250428
9788498250527
9788498250701
9788498250916
9788498250930
9788498251180
9788498251203
9788498251555
9788498251609
9788498251623
9788498252279
9788498252484
9788498252514
9788498252569
9788498252835
9788498252842
9788498252859
9788498253146
9788498253320
9788498253351
9788498253399
9788498253573
9788498253610
9788498253641
9788498253672
9788498253740
9788498253757
9788498253771
9788498253931
9788498253962
9788498253993
9788498254020
9788498254051
9788498254068
9788498254082
9788498254228
9788498254235
9788498254242
9788498254341
9788498254372
9788498254730
9788498254853
9788498254914
9788498254990
9788498255003
9788498255027
9788498255225
9788498255232
9788498255249
9788498255300
9788498255324
9788498255331
9788498255348
9788498255355
9788498255584
9788498255591
9788498255607
9788498255614
9788498255683
9788498255782
9788498255799
9788498255843
9788498256147
9788498256161
9788498256185
9788498256192
9788498256208
9788498256215
9788498256222
9788498256239
9788498256246
9788498256260
9788498256277
9788498256437
9788498256444
9788498256451
9788498256505
9788498256536
9788498256567
9788498256574
9788498256581
9788498256611
9788498256635
9788498256741
9788498256758
9788498256864
9788498256895
9788498256918
9788498257090
9788498257106
9788498257113
9788498257151
9788498257168
9788498257199
9788498257205
9788498257243
9788498257267
9788498257397
9788498257403
9788498257410
9788498257427
9788498257434
9788498257441
9788498257458
9788498257465
9788498257472
9788498257489
9788498257496
9788498257502
9788498257557
9788498257564
9788498257601
9788498257618
9788498257625
9788498257731
9788498257779
9788498257793
9788498257847
9788498257854
9788498257861
9788498257878
9788498257946
9788498258011
9788498258219
9788498258233
9788498258257
9788498258301
9788498258387
9788498258417
9788498258431
9788498258493
9788498258523
9788498258547
9788498258561
9788498258585
9788498258608
9788498258622
9788498258646
9788498258691
9788498258714
9788498258738
9788498258752
9788498258776
9788498258790
9788498258813
9788498258837
9788498258851
9788498258875
9788498258899
9788498258912
9788498258936
9788498258950
9788498258974
9788498258998
9788498259070
9788498259094
9788498259117
9788498259148
9788498259162
9788498259186
9788498259209
9788498259223
9788498259247
9788498259261
9788498259346
9788498259360
9788498259384
9788498259421
9788498259445
9788498259469
9788498259483
9788498259506
9788498259520
9788498259544
9788498259568
9788498259582
9788498259605
9788498259643
9788498259681
9788498259698
9788498259704
9788498259766
9788498259773
9788498259780
9788498259797
9788498259803
9788498259827
9788498259841
9788498259865
9788498259889
9788498259926
9788498259940
9788498259964
9788498283020
9788498351835
9788498352788
9788498354973
9788498357431
9788498380002
9788498380019
9788498380231
9788498380323
9788498380491
9788498380545
9788498380576
9788498380583
9788498380590
9788498380675
9788498380705
9788498380736
9788498380743
9788498380774
9788498380804
9788498380811
9788498380828
9788498380866
9788498380927
9788498380958
9788498380965
9788498381009
9788498381016
9788498381023
9788498381047
9788498381122
9788498381139
9788498381177
9788498381184
9788498381191
9788498381238
9788498381276
9788498381283
9788498381306
9788498381375
9788498381382
9788498381399
9788498381498
9788498381504
9788498381535
9788498381542
9788498381580
9788498381610
9788498381641
9788498381665
9788498381719
9788498381726
9788498381733
9788498381788
9788498381795
9788498381825
9788498381832
9788498381856
9788498381887
9788498381900
9788498381924
9788498381931
9788498381948
9788498381955
9788498382013
9788498382020
9788498382044
9788498382082
9788498382143
9788498382150
9788498382174
9788498382211
9788498382242
9788498382273
9788498382297
9788498382327
9788498382372
9788498382396
9788498382402
9788498382419
9788498382440
9788498382457
9788498382488
9788498382495
9788498382518
9788498382549
9788498382563
9788498382570
9788498382587
9788498382617
9788498382624
9788498382648
9788498382693
9788498382730
9788498382754
9788498382761
9788498382839
9788498382846
9788498382945
9788498382976
9788498382990
9788498383003
9788498383010
9788498383027
9788498383072
9788498383089
9788498383102
9788498383119
9788498383140
9788498383157
9788498383409
9788498383416
9788498383423
9788498383454
9788498383478
9788498383485
9788498383492
9788498383539
9788498383546
9788498383553
9788498383560
9788498383591
9788498383652
9788498383683
9788498383706
9788498383713
9788498383737
9788498383744
9788498383751
9788498383768
9788498383782
9788498383805
9788498383829
9788498383836
9788498383843
9788498383881
9788498383928
9788498383935
9788498383959
9788498383980
9788498383997
9788498384000
9788498384017
9788498384024
9788498384055
9788498384062
9788498384130
9788498384154
9788498384161
9788498384178
9788498384192
9788498384215
9788498384222
9788498384239
9788498384246
9788498384253
9788498384260
9788498384277
9788498384284
9788498384291
9788498384307
9788498384314
9788498384321
9788498384352
9788498384369
9788498384512
9788498384529
9788498384536
9788498384567
9788498384574
9788498384581
9788498384598
9788498384604
9788498384611
9788498384628
9788498384642
9788498384659
9788498384666
9788498384673
9788498384680
9788498384703
9788498384727
9788498384734
9788498384741
9788498384758
9788498384772
9788498384789
9788498384826
9788498384833
9788498384840
9788498384871
9788498384888
9788498384901
9788498384918
9788498384963
9788498384970
9788498384994
9788498385007
9788498385045
9788498385069
9788498385090
9788498385113
9788498385120
9788498385137
9788498385144
9788498385151
9788498385182
9788498385199
9788498385205
9788498385212
9788498385229
9788498385236
9788498385243
9788498385328
9788498385335
9788498385359
9788498385366
9788498385373
9788498385410
9788498385427
9788498385502
9788498385519
9788498385526
9788498385533
9788498385557
9788498385564
9788498385618
9788498385649
9788498385656
9788498385700
9788498385717
9788498385724
9788498385731
9788498385748
9788498385755
9788498385762
9788498385779
9788498385786
9788498385793
9788498385816
9788498385823
9788498385830
9788498385847
9788498385854
9788498385861
9788498385915
9788498385922
9788498385939
9788498385946
9788498385953
9788498385977
9788498385991
9788498386004
9788498386011
9788498386028
9788498386035
9788498386042
9788498386059
9788498386066
9788498386073
9788498386080
9788498386097
9788498386103
9788498386141
9788498386158
9788498386165
9788498386202
9788498386219
9788498386226
9788498386240
9788498386257
9788498386264
9788498386271
9788498386288
9788498386295
9788498386301
9788498386394
9788498386417
9788498386424
9788498386431
9788498386448
9788498386479
9788498386486
9788498386493
9788498386509
9788498386516
9788498386523
9788498386530
9788498386547
9788498386707
9788498386714
9788498386721
9788498386738
9788498386745
9788498386752
9788498386776
9788498386783
9788498386813
9788498386820
9788498386837
9788498386844
9788498386851
9788498386868
9788498386875
9788498386882
9788498386899
9788498386905
9788498386912
9788498386929
9788498386936
9788498386943
9788498386950
9788498386967
9788498386974
9788498386981
9788498386998
9788498387001
9788498387018
9788498387056
9788498387063
9788498387094
9788498387100
9788498387117
9788498387124
9788498387131
9788498387148
9788498387155
9788498387179
9788498387186
9788498387193
9788498387209
9788498387216
9788498387223
9788498387230
9788498387247
9788498387254
9788498387278
9788498387292
9788498387308
9788498387315
9788498387322
9788498387346
9788498387353
9788498387360
9788498387377
9788498387384
9788498387391
9788498387407
9788498387414
9788498387421
9788498387438
9788498387445
9788498387469
9788498387476
9788498387513
9788498387520
9788498387537
9788498387568
9788498387582
9788498387599
9788498387605
9788498387612
9788498387629
9788498387650
9788498387742
9788498387759
9788498415445
9788498442014
9788498444681
9788498444988
9788498480306
9788498480313
9788498480320
9788498480337
9788498480344
9788498480368
9788498480405
9788498480412
9788498480481
9788498480498
9788498480504
9788498480511
9788498480528
9788498480863
9788498480931
9788498480948
9788498480955
9788498480979
9788498480986
9788498481006
9788498481013
9788498481020
9788498481051
9788498481068
9788498481174
9788498481228
9788498481266
9788498481297
9788498481303
9788498481310
9788498481327
9788498481334
9788498481402
9788498481716
9788498481723
9788498481730
9788498481808
9788498481815
9788498481822
9788498481839
9788498481846
9788498481853
9788498481860
9788498481877
9788498481884
9788498481952
9788498481990
9788498482003
9788498482010
9788498482027
9788498482058
9788498482072
9788498482089
9788498482140
9788498482157
9788498482164
9788498482171
9788498482195
9788498482300
9788498482324
9788498482348
9788498482379
9788498482393
9788498482522
9788498482546
9788498482553
9788498482577
9788498482591
9788498482607
9788498483161
9788498483178
9788498483284
9788498483291
9788498483321
9788498483338
9788498483345
9788498483352
9788498483369
9788498483376
9788498483383
9788498483390
9788498483406
9788498483413
9788498483420
9788498483437
9788498483444
9788498483451
9788498483468
9788498483475
9788498483499
9788498483505
9788498483512
9788498483529
9788498483536
9788498483543
9788498483550
9788498483567
9788498483574
9788498483581
9788498483635
9788498483697
9788498483710
9788498483727
9788498483758
9788498483772
9788498483796
9788498483802
9788498483819
9788498483840
9788498483857
9788498483864
9788498483987
9788498484052
9788498484137
9788498484144
9788498484168
9788498484267
9788498484274
9788498484281
9788498484342
9788498484366
9788498484410
9788498485097
9788498485103
9788498485110
9788498485141
9788498485295
9788498485325
9788498485424
9788498485431
9788498486001
9788498486018
9788498486025
9788498486100
9788498486117
9788498486124
9788498486131
9788498486148
9788498486155
9788498486162
9788498486179
9788498486186
9788498486193
9788498486278
9788498486285
9788498486346
9788498486360
9788498486391
9788498486766
9788498486773
9788498486780
9788498486797
9788498486803
9788498497830
9788498498578
9788498498622
9788498670066
9788498672237
9788498673432
9788498673586
9788498674101
9788498674637
9788498674699
9788498675146
9788498675306
9788498675696
9788498675740
9788498675764
9788498676143
9788498676358
9788498677003
9788498677508
9788498677683
9788498677744
9788498678772
9788498678857
9788498720013
9788498720037
9788498720075
9788498720105
9788498720129
9788498720235
9788498720303
9788498720389
9788498720396
9788498720402
9788498720419
9788498720440
9788498720501
9788498720617
9788498720631
9788498720648
9788498720754
9788498720778
9788498720914
9788498720938
9788498721072
9788498721133
9788498721157
9788498721218
9788498721300
9788498721331
9788498721362
9788498721386
9788498721447
9788498721492
9788498721508
9788498721607
9788498721638
9788498721652
9788498721683
9788498721706
9788498721713
9788498721744
9788498721751
9788498721775
9788498721812
9788498721836
9788498721843
9788498721874
9788498721911
9788498721973
9788498722031
9788498722086
9788498722123
9788498722147
9788498722185
9788498722208
9788498722215
9788498722260
9788498722284
9788498722307
9788498722345
9788498722369
9788498722376
9788498722383
9788498722406
9788498722420
9788498722444
9788498722482
9788498722635
9788498722659
9788498722673
9788498722734
9788498722758
9788498722765
9788498722789
9788498722802
9788498722819
9788498722833
9788498722871
9788498722901
9788498722918
9788498722925
9788498722949
9788498723090
9788498723151
9788498723212
9788498723229
9788498723267
9788498723359
9788498723366
9788498723373
9788498723380
9788498723397
9788498723403
9788498723410
9788498723427
9788498723441
9788498723496
9788498723502
9788498723526
9788498723533
9788498723571
9788498723588
9788498723601
9788498723618
9788498723632
9788498723687
9788498723700
9788498723717
9788498723724
9788498723731
9788498723755
9788498723786
9788498723793
9788498723823
9788498723878
9788498723885
9788498723915
9788498723939
9788498723960
9788498723977
9788498723991
9788498724011
9788498724035
9788498724103
9788498724110
9788498724141
9788498724158
9788498724165
9788498724172
9788498724189
9788498724196
9788498724219
9788498724257
9788498724264
9788498724271
9788498724295
9788498724301
9788498724332
9788498724370
9788498724387
9788498724394
9788498724400
9788498724424
9788498724431
9788498724455
9788498724523
9788498724530
9788498724554
9788498724592
9788498724608
9788498724622
9788498724684
9788498724707
9788498724714
9788498724721
9788498724738
9788498724745
9788498724752
9788498724790
9788498724820
9788498724844
9788498724912
9788498724936
9788498724943
9788498724950
9788498724967
9788498724974
9788498724981
9788498725018
9788498725032
9788498725056
9788498725063
9788498725070
9788498725087
9788498725100
9788498725117
9788498725148
9788498725155
9788498725179
9788498725193
9788498725216
9788498725230
9788498725278
9788498725285
9788498725292
9788498725308
9788498725315
9788498725339
9788498725346
9788498725353
9788498725360
9788498725377
9788498725384
9788498725391
9788498725407
9788498725438
9788498725445
9788498725452
9788498725469
9788498725537
9788498725544
9788498725568
9788498725575
9788498725605
9788498725612
9788498725629
9788498725636
9788498725643
9788498725650
9788498725667
9788498725681
9788498725704
9788498725711
9788498725728
9788498725735
9788498725742
9788498725759
9788498725766
9788498725773
9788498725780
9788498725797
9788498725841
9788498725858
9788498725872
9788498725889
9788498725919
9788498725926
9788498725933
9788498726039
9788498726046
9788498726053
9788498726060
9788498726077
9788498726084
9788498726107
9788498726138
9788498726169
9788498726176
9788498726220
9788498726237
9788498726244
9788498726268
9788498726275
9788498726299
9788498726305
9788498726343
9788498726367
9788498726374
9788498726428
9788498726442
9788498726459
9788498726466
9788498726510
9788498726534
9788498726589
9788498726596
9788498726695
9788498726701
9788498726718
9788498726725
9788498726749
9788498726756
9788498726763
9788498726770
9788498726787
9788498726817
9788498726824
9788498726831
9788498726855
9788498726862
9788498726879
9788498726886
9788498726909
9788498726916
9788498726930
9788498726947
9788498726961
9788498726978
9788498726985
9788498726992
9788498727005
9788498727012
9788498727036
9788498727050
9788498727067
9788498727098
9788498727104
9788498727111
9788498727135
9788498727166
9788498727258
9788498727289
9788498727296
9788498727357
9788498727418
9788498727449
9788498727456
9788498727463
9788498727470
9788498727500
9788498727531
9788498727555
9788498727562
9788498727579
9788498727586
9788498727654
9788498727685
9788498727692
9788498727708
9788498727722
9788498727739
9788498727876
9788498727913
9788498727920
9788498727968
9788498727999
9788498728002
9788498728088
9788498728101
9788498728125
9788498728132
9788498728156
9788498728217
9788498728224
9788498728255
9788498728262
9788498728279
9788498728286
9788498728293
9788498728316
9788498728460
9788498728484
9788498728552
9788498728569
9788498728606
9788498728613
9788498728644
9788498728651
9788498728668
9788498728699
9788498728712
9788498728743
9788498728750
9788498728767
9788498728774
9788498728781
9788498728804
9788498728811
9788498728828
9788498728842
9788498728859
9788498728866
9788498728880
9788498728897
9788498728903
9788498728910
9788498728941
9788498728965
9788498728972
9788498728989
9788498729009
9788498729016
9788498729023
9788498729030
9788498729047
9788498729054
9788498729061
9788498729078
9788498729085
9788498729092
9788498729115
9788498729122
9788498729191
9788498729214
9788498729245
9788498729283
9788498729290
9788498729320
9788498729337
9788498729344
9788498729351
9788498729368
9788498729375
9788498729436
9788498729443
9788498729467
9788498729498
9788498729528
9788498729535
9788498729542
9788498729580
9788498729597
9788498729603
9788498729634
9788498729641
9788498729665
9788498729672
9788498729689
9788498729696
9788498729702
9788498729719
9788498729733
9788498729764
9788498729788
9788498729795
9788498729801
9788498729825
9788498729832
9788498729849
9788498729856
9788498729863
9788498729887
9788498729917
9788498729924
9788498729931
9788498729948
9788498729979
9788498729986
9788498803334
9788498803501
9788498803549
9788498803556
9788498803624
9788498803655
9788498803662
9788498803693
9788498803709
9788498803716
9788498803723
9788498803730
9788498803754
9788498803778
9788498803891
9788498803907
9788498803921
9788498803983
9788498804058
9788498804140
9788498804188
9788498804195
9788498804201
9788498804218
9788498804300
9788498804393
9788498804409
9788498804416
9788498804812
9788498804928
9788498805208
9788498805390
9788498805475
9788498884265
9788498884272
9788498970845
9788498972566
9788498972849
9788498973181
9788498974096
9788498974560
9788498974775
9788498974799
9788498974812
9788498974829
9788498974850
9788498974881
9788498974898
9788498974911
9788498974928
9788498974959
9788498974997
9788498975031
9788498975109
9788498975123
9788498975130
9788498975161
9788498975178
9788498975192
9788498975222
9788498975260
9788498976335
9788498976885
9788498976915
9788498976939
9788498976953
9788498977295
9788498978384
9788499070018
9788499070025
9788499070032
9788499070049
9788499070056
9788499070063
9788499070070
9788499070087
9788499070094
9788499070100
9788499070117
9788499070124
9788499070131
9788499070148
9788499070155
9788499070162
9788499070179
9788499070186
9788499070193
9788499070209
9788499080130
9788499083254
9788499083537
9788499085067
9788499085494
9788499086408
9788499086590
9788499087016
9788499087610
9788499087658
9788499087979
9788499088174
9788499089003
9788499089898
9788499101590
9788499130064
9788499131696
9788499133119
9788499133690
9788499137100
9788499138848
9788499169491
9788499170114
9788499170145
9788499170169
9788499170183
9788499170282
9788499170329
9788499170404
9788499170411
9788499170428
9788499170503
9788499170510
9788499170534
9788499170558
9788499170596
9788499170602
9788499170657
9788499170664
9788499170688
9788499170695
9788499170749
9788499170763
9788499170770
9788499170800
9788499170817
9788499170824
9788499170862
9788499170893
9788499170916
9788499170930
9788499170947
9788499170954
9788499170961
9788499170978
9788499170985
9788499171029
9788499171036
9788499171074
9788499171111
9788499171128
9788499171135
9788499171142
9788499171166
9788499171173
9788499171197
9788499171203
9788499171210
9788499171227
9788499171234
9788499171258
9788499171296
9788499171319
9788499171333
9788499171340
9788499171357
9788499171418
9788499171432
9788499171449
9788499171470
9788499171487
9788499171548
9788499171555
9788499171609
9788499171616
9788499172446
9788499172477
9788499172484
9788499172491
9788499172507
9788499172514
9788499172538
9788499172552
9788499172569
9788499172576
9788499172927
9788499172941
9788499172958
9788499172965
9788499172972
9788499172989
9788499173016
9788499173078
9788499173085
9788499173092
9788499173108
9788499173115
9788499173122
9788499173139
9788499173146
9788499173153
9788499173184
9788499173191
9788499173207
9788499173214
9788499173221
9788499173252
9788499173269
9788499173283
9788499173306
9788499173313
9788499173320
9788499173337
9788499173351
9788499173368
9788499173375
9788499173382
9788499173467
9788499173474
9788499173481
9788499173498
9788499173504
9788499173511
9788499173528
9788499173535
9788499173542
9788499173559
9788499173566
9788499173573
9788499173580
9788499173597
9788499173603
9788499173610
9788499173627
9788499173634
9788499173641
9788499173658
9788499173665
9788499173672
9788499173689
9788499173696
9788499173702
9788499173719
9788499173726
9788499173733
9788499173740
9788499173757
9788499173764
9788499173771
9788499173788
9788499173795
9788499173801
9788499173818
9788499173825
9788499173832
9788499173849
9788499173856
9788499173863
9788499173870
9788499173887
9788499173894
9788499173900
9788499173917
9788499173924
9788499173931
9788499173948
9788499173955
9788499173962
9788499173979
9788499173986
9788499180038
9788499180069
9788499180090
9788499180113
9788499180120
9788499180137
9788499180144
9788499180151
9788499180182
9788499180199
9788499180304
9788499180328
9788499180342
9788499180403
9788499180502
9788499180557
9788499180588
9788499180618
9788499180625
9788499180724
9788499180731
9788499181042
9788499181066
9788499181301
9788499181318
9788499181332
9788499181349
9788499181363
9788499181417
9788499181455
9788499181462
9788499181738
9788499181769
9788499181776
9788499181783
9788499181790
9788499181813
9788499181820
9788499181837
9788499181844
9788499181899
9788499181943
9788499182162
9788499182179
9788499182186
9788499182193
9788499182209
9788499182223
9788499182230
9788499182247
9788499182278
9788499182285
9788499182292
9788499182308
9788499182339
9788499182414
9788499182421
9788499182643
9788499182650
9788499182735
9788499182773
9788499182780
9788499182803
9788499182827
9788499182841
9788499182858
9788499182865
9788499182872
9788499182889
9788499182902
9788499182964
9788499182971
9788499182988
9788499183367
9788499183381
9788499183428
9788499183435
9788499183442
9788499183466
9788499183473
9788499183541
9788499183589
9788499183602
9788499183626
9788499183633
9788499183947
9788499183978
9788499183985
9788499183992
9788499184005
9788499184098
9788499184234
9788499184326
9788499184333
9788499184340
9788499184357
9788499184371
9788499184395
9788499184418
9788499184470
9788499184548
9788499184562
9788499184579
9788499184593
9788499184654
9788499184722
9788499184883
9788499184944
9788499184951
9788499184968
9788499184975
9788499185002
9788499185101
9788499185149
9788499185187
9788499185200
9788499185217
9788499185224
9788499185248
9788499185255
9788499185262
9788499185286
9788499185422
9788499185675
9788499185682
9788499185781
9788499185842
9788499185859
9788499185866
9788499185880
9788499185897
9788499186122
9788499186139
9788499186153
9788499186214
9788499186221
9788499186238
9788499186252
9788499186269
9788499186368
9788499186504
9788499186511
9788499186528
9788499186535
9788499186542
9788499186559
9788499186566
9788499186573
9788499186580
9788499186603
9788499186610
9788499186627
9788499186665
9788499186740
9788499187051
9788499187112
9788499187136
9788499187143
9788499187167
9788499187174
9788499187181
9788499187211
9788499187228
9788499187235
9788499187242
9788499187266
9788499187280
9788499187389
9788499187396
9788499187419
9788499187433
9788499187471
9788499187488
9788499187495
9788499187525
9788499187549
9788499187594
9788499187600
9788499187624
9788499187631
9788499187648
9788499187679
9788499187723
9788499187730
9788499187747
9788499187754
9788499187785
9788499188126
9788499188133
9788499188140
9788499188423
9788499188447
9788499188744
9788499188751
9788499188768
9788499188775
9788499189048
9788499189079
9788499189086
9788499189093
9788499189109
9788499189116
9788499189147
9788499189161
9788499189178
9788499189185
9788499189192
9788499189208
9788499189222
9788499189253
9788499189277
9788499189291
9788499189307
9788499189314
9788499189321
9788499189338
9788499189345
9788499189352
9788499189376
9788499189383
9788499189437
9788499189444
9788499189451
9788499189512
9788499189529
9788499189536
9788499189543
9788499189635
9788499189642
9788499189666
9788499189833
9788499189840
9788499189925
9788499189932
9788499189949
9788499189956
9788499189963
9788499231204
9788499231853
9788499232133
9788499232317
9788499232744
9788499233260
9788499234465
9788499235141
9788499235219
9788499236353
9788499236872
9788499270630
9788499271286
9788499281018
9788499281032
9788499281049
9788499282510
9788499282527
9788499282534
9788499282541
9788499282558
9788499282565
9788499282572
9788499282589
9788499282596
9788499282893
9788499282909
9788499282930
9788499360027
9788499360300
9788499361864
9788499361895
9788499361901
9788499361918
9788499361925
9788499363134
9788499367200
9788499368542
9788499368733
9788499369617
9788499369716
9788499369822
9788499369839
9788499369846
9788499369853
9788499369860
9788499369907
9788499369921
9788499369938
9788499369990
9788499460925
9788499490908
9788499493503
9788499495125
9788499497921
9788499497969
9788499498096
9788499498195
9788499498249
9788499530000
9788499530024
9788499530093
9788499530147
9788499530178
9788499530208
9788499530222
9788499530314
9788499530406
9788499530420
9788499530444
9788499530468
9788499530505
9788499530529
9788499530611
9788499530659
9788499530673
9788499530765
9788499530772
9788499530864
9788499530871
9788499530888
9788499530932
9788499531007
9788499531021
9788499531052
9788499531090
9788499531151
9788499531274
9788499531373
9788499531397
9788499531410
9788499531441
9788499531557
9788499531601
9788499531649
9788499531670
9788499531694
9788499531731
9788499531762
9788499531823
9788499531922
9788499531960
9788499531984
9788499532004
9788499532080
9788499532240
9788499532318
9788499532448
9788499532615
9788499532639
9788499532653
9788499532738
9788499532769
9788499532967
9788499532981
9788499533070
9788499533094
9788499533193
9788499533308
9788499533322
9788499533346
9788499533360
9788499533384
9788499533414
9788499533469
9788499533506
9788499533575
9788499533735
9788499533780
9788499533797
9788499533834
9788499533872
9788499533889
9788499534138
9788499534251
9788499534282
9788499534305
9788499534329
9788499534343
9788499534503
9788499534527
9788499534640
9788499534770
9788499534800
9788499534879
9788499534916
9788499534978
9788499534992
9788499535081
9788499535098
9788499535272
9788499535333
9788499535357
9788499535401
9788499535425
9788499535531
9788499535555
9788499535562
9788499535623
9788499535630
9788499535661
9788499535678
9788499535715
9788499535739
9788499535746
9788499535777
9788499535784
9788499535807
9788499535814
9788499535821
9788499535852
9788499535869
9788499535876
9788499535883
9788499535890
9788499535937
9788499535944
9788499535951
9788499535975
9788499535982
9788499536019
9788499536026
9788499536033
9788499536040
9788499536057
9788499536064
9788499536118
9788499536125
9788499536132
9788499536156
9788499536170
9788499536187
9788499536194
9788499536200
9788499536217
9788499536224
9788499536231
9788499536248
9788499536255
9788499536262
9788499536279
9788499536286
9788499536293
9788499536309
9788499536316
9788499536347
9788499536361
9788499536378
9788499536392
9788499536415
9788499536446
9788499536453
9788499536460
9788499536491
9788499536507
9788499536514
9788499536552
9788499536569
9788499536583
9788499536606
9788499536613
9788499536637
9788499536651
9788499536675
9788499536682
9788499536699
9788499536705
9788499536712
9788499536729
9788499536736
9788499536743
9788499536750
9788499536767
9788499536774
9788499536781
9788499536798
9788499536804
9788499536835
9788499536842
9788499536859
9788499536866
9788499536934
9788499536941
9788499536958
9788499536965
9788499536972
9788499536996
9788499537009
9788499537016
9788499537023
9788499537030
9788499537047
9788499537054
9788499537061
9788499537078
9788499537085
9788499537092
9788499537108
9788499537122
9788499537139
9788499537177
9788499537184
9788499537191
9788499537221
9788499537290
9788499537306
9788499537320
9788499537337
9788499537344
9788499537351
9788499537382
9788499537399
9788499537405
9788499537412
9788499537429
9788499537436
9788499537443
9788499537450
9788499537467
9788499537474
9788499537504
9788499537511
9788499537542
9788499537559
9788499537566
9788499537603
9788499537610
9788499537665
9788499537672
9788499537689
9788499537719
9788499537795
9788499537856
9788499537863
9788499537887
9788499537894
9788499537900
9788499537917
9788499537924
9788499537931
9788499537955
9788499537962
9788499537979
9788499537986
9788499537993
9788499538006
9788499538020
9788499538044
9788499538051
9788499538075
9788499538082
9788499538099
9788499538105
9788499538112
9788499538129
9788499538136
9788499538150
9788499538174
9788499538181
9788499538204
9788499538358
9788499538464
9788499538488
9788499538563
9788499538570
9788499538624
9788499538686
9788499538945
9788499538990
9788499539010
9788499539058
9788499539065
9788499539072
9788499539096
9788499539102
9788499539140
9788499539201
9788499539232
9788499539249
9788499539256
9788499539287
9788499539324
9788499539348
9788499539362
9788499539478
9788499539515
9788499539546
9788499539676
9788499539706
9788499539713
9788499539737
9788499539751
9788499539768
9788499539843
9788499539935
9788499539959
9788499670010
9788499670058
9788499670096
9788499670133
9788499670171
9788499670218
9788499670294
9788499670331
9788499670379
9788499670416
9788499670454
9788499670539
9788499670577
9788499671406
9788499671444
9788499671475
9788499671482
9788499671505
9788499671543
9788499671581
9788499671628
9788499671666
9788499671703
9788499671741
9788499671789
9788499671826
9788499671864
9788499671901
9788499671949
9788499671987
9788499672021
9788499672069
9788499672106
9788499672182
9788499672229
9788499672267
9788499672304
9788499672342
9788499672380
9788499672427
9788499672465
9788499672502
9788499672540
9788499672601
9788499672649
9788499672687
9788499672762
9788499672793
9788499672809
9788499672915
9788499672953
9788499672991
9788499673035
9788499673073
9788499673110
9788499673158
9788499673196
9788499673233
9788499673271
9788499673318
9788499673356
9788499673431
9788499673462
9788499673493
9788499673523
9788499673554
9788499673585
9788499673615
9788499673646
9788499673677
9788499673707
9788499673738
9788499673752
9788499673776
9788499673790
9788499673813
9788499673837
9788499673875
9788499674100
9788499674131
9788499674186
9788499674216
9788499674230
9788499674247
9788499674254
9788499674261
9788499674278
9788499674285
9788499674292
9788499674308
9788499674315
9788499674414
9788499674438
9788499674452
9788499674476
9788499674490
9788499674513
9788499674537
9788499674551
9788499674575
9788499674599
9788499674612
9788499674636
9788499674667
9788499674728
9788499674773
9788499674803
9788499674827
9788499674858
9788499674872
9788499674926
9788499674957
9788499674988
9788499675022
9788499675053
9788499675107
9788499675121
9788499675169
9788499675220
9788499675251
9788499675282
9788499675312
9788499675343
9788499675374
9788499675404
9788499675435
9788499675459
9788499675473
9788499675497
9788499675527
9788499675558
9788499675589
9788499675619
9788499675671
9788499675701
9788499675824
9788499675855
9788499675886
9788499675947
9788499675978
9788499675992
9788499676012
9788499676074
9788499676098
9788499676135
9788499676333
9788499676364
9788499676395
9788499676425
9788499676456
9788499676487
9788499676517
9788499676548
9788499676579
9788499676609
9788499676647
9788499676661
9788499676685
9788499676708
9788499676722
9788499676753
9788499676784
9788499676814
9788499676845
9788499676876
9788499676906
9788499676937
9788499676968
9788499677026
9788499677057
9788499677088
9788499677118
9788499677149
9788499677163
9788499677187
9788499677200
9788499677224
9788499677248
9788499677262
9788499677316
9788499677347
9788499677378
9788499677408
9788499677439
9788499677460
9788499677491
9788499677521
9788499677552
9788499677583
9788499677613
9788499677705
9788499677736
9788499677767
9788499677798
9788499677828
9788499677859
9788499677880
9788499677910
9788499677941
9788499677972
9788499678009
9788499678030
9788499678092
9788499678153
9788499678184
9788499678221
9788499678276
9788499678306
9788499678337
9788499678368
9788499678399
9788499678429
9788499678450
9788499678481
9788499678511
9788499740621
9788499820002
9788499820231
9788499820248
9788499821139
9788499821412
9788499828145
9788499828169
9788499828343
9788499829104
9788499880006
9788499880013
9788499880211
9788499880259
9788499880266
9788499880273
9788499880280
9788499880297
9788499880303
9788499880310
9788499880327
9788499881324
9788499881331
9788499881348
9788499881379
9788499881386
9788499881393
9788499881409
9788499881416
9788499881423
9788499881782
9788499881799
9788499881812
9788499881836
9788499881843
9788499881850
9788499881874
9788499881881
9788499881911
9788499881928
9788499881935
9788499881942
9788499882284
9788499882314
9788499882345
9788499882369
9788499882390
9788499882413
9788499882420
9788499882444
9788499882451
9788499883038
9788499883052
9788499883076
9788499883083
9788499883090
9788499883106
9788499883113
9788499883120
9788499883137
9788499883144
9788499883151
9788499883373
9788499883403
9788499883670
9788499883687
9788499883724
9788499883731
9788499884028
9788499884035
9788499884042
9788499884059
9788499884080
9788499884097
9788499884103
9788499884110
9788499884141
9788499884172
9788499884189
9788499884226
9788499884301
9788499884318
9788499884356
9788499884394
9788499884417
9788499884431
9788499884455
9788499884479
9788499884486
9788499884561
9788499884578
9788499884585
9788499884608
9788499884622
9788499884639
9788499884646
9788499884660
9788499884684
9788499884707
9788499884721
9788499884813
9788499884837
9788499884844
9788499884899
9788499884905
9788499884912
9788499884936
9788499884943
9788499884974
9788499885155
9788499890883
9788499890951
9788499891040
9788499892719
9788499892764
9788499894812
9788499895628
9788499896717
9788499896786
9788499898643
9788499898766
9788499898834
9788499899749
9788499899770
9788499899855
9788499922324
9788499922775
9788499922812
9788499923000
9788499923659
9788499923925
9788499924724
9788499925141
9788499925158
9788499925264
9788499925271
9788499925301
9788499925516
9788499925769
9788499926100
9788499926223
9788499926292
9788499926384
9788499926476
9788499926513
9788499926612
9788499926711
9788499926865
9788499931074
9788499931081
9788499931104
9788499931111
9788499931128
9788499931388
9788499931562
9788499931586
9788499931739
9788499931760
9788499931784
9788499931951
9788499932194
9788499932217
9788499932255
9788499932347
9788499932385
9788499932460
9788499932507
9788499932545
9788499932569
9788499932606
9788499932705
9788499932729
9788499932927
9788499932965
9788499932989
9788499933009
9788499933023
9788499933047
9788499933061
9788499933085
9788499933221
9788499933283
9788499933368
9788499933382
9788499933405
9788499933429
9788499933467
9788499933511
9788499933856
9788499933900
9788499933924
9788499934167
9788499934372
9788499934761
9788499934808
9788499934983
9788499934990
9788499935003
9788499935010
9788499935027
9788499935034
9788499935041
9788499935058
9788499935065
9788499935089
9788499935096
9788499935102
9788499935119
9788499935126
9788499935133
9788506017074
9788506019887
9788506022535
9788506026175
9788506027189
9788506046814
9788521204473
9788521205302
9788521902621
9788526008236
9788526010048
9788526010468
9788531104404
9788531108051
9788531108914
9788531109935
9788531110740
9788531110979
9788531111044
9788531111754
9788531111877
9788535246780
9788536627250
9788536631318
9788538301936
9788540500181
9788540500198
9788540501782
9788540502734
9788540502741
9788540509030
9788540509405
9788540509917
9788541102643
9788541608428
9788543401843
9788544802199
9788555220319
9788556270009
9788559630008
9788559630046
9788560138005
9788560138067
9788560965557
9788560965977
9788561453060
9788561453084
9788561453107
9788561453183
9788561453237
9788561453268
9788561453282
9788561453312
9788562022005
9788562022012
9788562022043
9788562022050
9788562022074
9788562022081
9788562022098
9788562022104
9788562022111
9788562022128
9788562022142
9788562022173
9788562022180
9788562022197
9788562022203
9788562022210
9788562022227
9788562022241
9788562022258
9788562022265
9788562022272
9788562022289
9788562022296
9788562022302
9788562022319
9788562022333
9788562022357
9788562022364
9788562022395
9788562022401
9788562022418
9788562022425
9788562022449
9788562022463
9788562022470
9788562022494
9788562022500
9788562022517
9788562022524
9788562022531
9788562022555
9788562022562
9788562022579
9788562022586
9788562022609
9788562022616
9788562022654
9788562022661
9788562022678
9788562022692
9788562022715
9788562022722
9788562022739
9788562022746
9788562022753
9788562022760
9788562022784
9788562022814
9788562022821
9788562022845
9788562022852
9788562022869
9788562022876
9788562022883
9788562022890
9788562022906
9788562022913
9788562022920
9788562022937
9788562022944
9788562022968
9788562022975
9788562022982
9788562022999
9788562268038
9788562268052
9788562268137
9788562268151
9788562705151
9788562768071
9788563134011
9788563869913
9788564046047
9788564046085
9788564046320
9788564046337
9788564046351
9788564046504
9788564046535
9788564046542
9788564046559
9788564046566
9788564046597
9788564046610
9788564046627
9788564046634
9788564046641
9788564046658
9788564046665
9788564046689
9788564046719
9788564046726
9788564046757
9788564046788
9788564046801
9788564046894
9788564046924
9788564046986
9788564046993
9788564469259
9788564469693
9788564469792
9788565109017
9788565109529
9788565109543
9788565109611
9788565292023
9788565636339
9788566005097
9788566491104
9788566941159
9788567178011
9788567178042
9788567178059
9788567178066
9788567178073
9788567182063
9788567201016
9788567529127
9788567929033
9788567929118
9788568083130
9788568166031
9788568252017
9788568841037
9788568841457
9788568841594
9788569030058
9788569030065
9788569030102
9788569030119
9788569030140
9788569030157
9788569030164
9788569030188
9788569030195
9788569232025
9788569453024
9788570627636
9788572975285
9788574072425
9788574162119
9788574162157
9788574634104
9788574803081
9788574804330
9788575039427
9788575647806
9788575762103
9788576592877
9788576793670
9788576829928
9788576851691
9788578500993
9788578890360
9788579430770
9788579750014
9788579750021
9788579847721
9788580971576
9788581800042
9788581800066
9788581800073
9788581800097
9788581800103
9788581800134
9788581800158
9788581800219
9788581800233
9788581800257
9788581800264
9788581800271
9788581800479
9788581800516
9788581800585
9788581800608
9788581800660
9788581800684
9788581800707
9788581800783
9788581800806
9788581800882
9788581800899
9788581800912
9788581800936
9788581800943
9788581800950
9788581801025
9788581801094
9788581801117
9788581801131
9788581801162
9788581801193
9788581801216
9788581801285
9788581801308
9788581801339
9788581801353
9788581801377
9788581801384
9788581801414
9788581801421
9788581801490
9788581801506
9788581801520
9788581801537
9788581801544
9788581801575
9788581801582
9788581801674
9788581801681
9788581801698
9788581801728
9788581801735
9788581801766
9788581801872
9788581801889
9788581801902
9788581801919
9788581801933
9788581801940
9788581801964
9788581801971
9788581801988
9788581802008
9788581802022
9788581802060
9788581802091
9788581802114
9788581802121
9788581802152
9788581802176
9788581802190
9788581802237
9788581802244
9788581802329
9788581802381
9788581802459
9788581802503
9788581802527
9788581802725
9788581802763
9788581802787
9788581802800
9788581802848
9788581802886
9788581802916
9788581803067
9788581803111
9788581803227
9788581803241
9788581803272
9788581803357
9788581803371
9788581803395
9788581803418
9788581803456
9788581803470
9788581803548
9788581803586
9788581803654
9788581803692
9788581803715
9788581803739
9788581803753
9788581803777
9788581803845
9788581803869
9788581803890
9788581803920
9788581803937
9788581803999
9788581804033
9788581804057
9788581804132
9788581804156
9788581804200
9788581804231
9788581804248
9788581804255
9788581804279
9788581804323
9788581804446
9788581804460
9788581804507
9788581804521
9788581804545
9788581804569
9788581804583
9788581962474
9788581966304
9788582180273
9788582180419
9788582180556
9788582180600
9788582180662
9788582180686
9788582180792
9788582180815
9788582180907
9788582180969
9788582180990
9788582181133
9788582181157
9788582181300
9788582181454
9788582181669
9788582181751
9788582182260
9788582192832
9788582733189
9788584901531
9788585098032
9788585554132
9788586090622
9788586295737
9788586307683
9788587011145
9788587011220
9788587425768
9788588246027
9788588533974
9788589044318
9788589063579
9788589275132
9788589275149
9788590043140
9788590064299
9788590104537
9788590104544
9788590324416
9788590324423
9788590379829
9788590379836
9788590379843
9788590379850
9788590379867
9788590516743
9788590703105
9788590703174
9788590898573
9788591031818
9788591242627
9788591257508
9788591257515
9788591257539
9788591257546
9788591257553
9788591257577
9788591257584
9788591257591
9788591258208
9788591342655
9788591384105
9788591432622
9788591495504
9788591499908
9788591532872
9788591568727
9788591600816
9788591615414
9788591618026
9788591627103
9788591641000
9788591641017
9788591670307
9788591670352
9788591670390
9788591671328
9788591679607
9788591679621
9788591679638
9788591679645
9788591679652
9788591679669
9788591679676
9788591679683
9788591681907
9788591681914
9788591690503
9788591690510
9788591707515
9788591707522
9788591710003
9788591710010
9788591724918
9788591724949
9788591742509
9788591742516
9788591742523
9788591750023
9788591755806
9788591763528
9788591763542
9788591787517
9788591792108
9788591807000
9788591807017
9788591816620
9788591816637
9788591816644
9788591816668
9788591832255
9788591838813
9788591838820
9788591838844
9788591838851
9788591838868
9788591838875
9788591838882
9788591838899
9788591843411
9788591843435
9788591843442
9788591849802
9788591849819
9788591849826
9788591849840
9788591849871
9788591849895
9788591849901
9788591862207
9788591862214
9788591930012
9788591956203
9788591962907
9788591983506
9788591987610
9788591987634
9788591991679
9788591991693
9788592017712
9788592017729
9788592030803
9788592030827
9788592030834
9788592030841
9788592030858
9788592030865
9788592030889
9788592039608
9788592045401
9788592046026
9788592062705
9788592062712
9788592069810
9788592069827
9788592069834
9788592082406
9788592083151
9788592091019
9788592101107
9788592101152
9788592183004
9788592204105
9788592229306
9788592229337
9788592229351
9788592932077
9788592973001
9788592973018
9788592973032
9788592973049
9788592973070
9788592973087
9788598327082
9788599295373
9788599858141
9788599858158
9788599858172
9788599858226
9788599858233
9788599858295
9788599858301
9788599858332
9788599858370
9788599858387
9788599858400
9788599858424
9788599858431
9788599858455
9788599858479
9788599858486
9788599858493
9788599858509
9788599858516
9788599858530
9788599858660
9788599858707
9788599858837
9788599858936
9788599858943
9788599994108
9788607011773
9788607012473
9788607013296
9788607013937
9788607013968
9788607014392
9788607015726
9788607017737
9788607017966
9788607018161
9788607018451
9788607018963
9788607018994
9788607019236
9788607019304
9788607019380
9788607019533
9788607019571
9788607019694
9788607019984
9788607020379
9788607020423
9788607020430
9788607020515
9788607020560
9788607020577
9788607020591
9788607020607
9788607020621
9788607020638
9788607020652
9788609000096
9788609000195
9788609000232
9788609000386
9788609000423
9788609000652
9788609001284
9788609001314
9788609001390
9788609001420
9788609001581
9788609001598
9788609001611
9788609001628
9788609001956
9788609001970
9788609001987
9788609002038
9788609002601
9788609002625
9788609002632
9788609002649
9788609002656
9788609002663
9788609002748
9788609002755
9788609002762
9788609002816
9788609003479
9788609003493
9788609003516
9788609003592
9788609003745
9788609003752
9788609003769
9788609003776
9788609003868
9788609004025
9788609004094
9788609004100
9788609004186
9788609004360
9788609004711
9788609004803
9788609004858
9788609004919
9788609004926
9788609004933
9788609004940
9788609005213
9788609005220
9788609005237
9788609005244
9788609005251
9788609005268
9788609005411
9788609005466
9788609005480
9788609005497
9788609005534
9788609005688
9788609005732
9788609005770
9788609005787
9788609005794
9788609005855
9788609005862
9788609005992
9788609006029
9788609006036
9788609006111
9788609006128
9788609006166
9788609006173
9788609006180
9788609006272
9788609006319
9788609006326
9788609006395
9788609006494
9788609006500
9788609006685
9788609006715
9788609006760
9788609006821
9788609006876
9788609006913
9788609006920
9788609006937
9788609006975
9788609007002
9788609007019
9788609007026
9788609007040
9788609007057
9788609007088
9788609007101
9788609007118
9788609007132
9788609007156
9788609007224
9788609007248
9788609007293
9788609007309
9788609007316
9788609007323
9788609007330
9788609007385
9788609007392
9788609007408
9788609007415
9788609007446
9788609007453
9788609007484
9788609007507
9788609007514
9788609007552
9788609007620
9788609007637
9788609007705
9788609007712
9788609007774
9788609007781
9788609007835
9788609007866
9788609007897
9788609008016
9788609008047
9788609008054
9788609008177
9788609008238
9788609008269
9788609008306
9788609008368
9788609008450
9788609008511
9788609008573
9788609008603
9788609008610
9788609008627
9788609008658
9788609008665
9788609008672
9788609008788
9788609008801
9788609008887
9788609008900
9788609008917
9788609008986
9788609009037
9788609009044
9788609009075
9788609009082
9788609009099
9788609009129
9788609009150
9788609009211
9788609009259
9788609009297
9788609009310
9788609009334
9788609009358
9788609009495
9788609009518
9788609009532
9788609009556
9788609009570
9788609009587
9788609009600
9788609009624
9788609009631
9788609009655
9788609009662
9788609009679
9788609009686
9788609009693
9788609009716
9788609009723
9788609009754
9788609009761
9788609009778
9788609009785
9788609009792
9788609009808
9788609009815
9788609009822
9788609009839
9788609009860
9788609009877
9788609009907
9788609009921
9788609009945
9788609009976
9788609010019
9788609010491
9788609010507
9788609010514
9788609010521
9788609010576
9788609010583
9788609010613
9788609226090
9788623030758
9788659014890
9788660070984
9788660210151
9788660210274
9788660210397
9788663130043
9788664730006
9788670931244
9788679400253
9788679912077
9788681011928
9788682791409
9788684153304
9788684153649
9788686691279
9788686821003
9788686863997
9788687115118
9788687321021
9788687651104
9788687651135
9788687871052
9788689171006
9788689547009
9788689647006
9788689897067
9788689897074
9788689897081
9788690384716
9788690384723
9788690418930
9788690978502
9788690984121
9788691174521
9788691347307
9788691401313
9788691426323
9788691569310
9788691683108
9788691835101
9788691855307
9788691883706
9788691883720
9788691883775
9788691883782
9788691883799
9788691969516
9788691969523
9788700672918
9788700746824
9788700796553
9788716097767
9788716100344
9788716102270
9788716110954
9788716123503
9788716150097
9788716151322
9788716151346
9788716152015
9788716163820
9788716164322
9788716164346
9788741255354
9788741255729
9788741256450
9788741256573
9788741256917
9788741257501
9788741258164
9788741258539
9788741259451
9788747607959
9788748000506
9788748002241
9788748003118
9788748004870
9788748005679
9788748005716
9788748005792
9788748006072
9788748006263
9788748059016
9788748069213
9788757400687
9788757401967
9788757403251
9788757403282
9788757403329
9788757404791
9788757404937
9788757404975
9788757405422
9788757406856
9788757406870
9788757406955
9788757407563
9788757407938
9788757407945
9788757408126
9788757408645
9788757408904
9788757409246
9788757409475
9788757409680
9788757410006
9788757410365
9788757410570
9788757411072
9788757411171
9788757411270
9788757411447
9788757412444
9788757412987
9788757413342
9788757413458
9788757413496
9788757413588
9788757414097
9788757414271
9788757414370
9788757414790
9788757414868
9788757415292
9788757415407
9788757415872
9788757416398
9788757416473
9788757416794
9788757416893
9788757417081
9788757417555
9788757417630
9788757417746
9788757418064
9788757418149
9788757418330
9788757418439
9788757418514
9788757418729
9788757418781
9788757418811
9788757418989
9788757419733
9788757420173
9788757420494
9788757420777
9788757420838
9788757420869
9788757421569
9788757421590
9788757421682
9788757421729
9788757422139
9788757422542
9788757422627
9788757422672
9788757422764
9788757422788
9788757423013
9788757423037
9788757423259
9788757423594
9788757423686
9788757423778
9788757424249
9788757424683
9788757424690
9788757424768
9788757424775
9788757424829
9788757424881
9788757424898
9788757425666
9788757425673
9788757425888
9788757426069
9788757426625
9788757426656
9788757426724
9788757426816
9788757426861
9788757426878
9788757426892
9788757427363
9788757427554
9788757427592
9788757427622
9788757427684
9788757427790
9788757427868
9788757427981
9788757427998
9788757428520
9788757428681
9788757428780
9788757429152
9788757430905
9788757431193
9788757431223
9788757431254
9788757431414
9788757431537
9788757431575
9788757432114
9788757432251
9788757432282
9788757433197
9788757433227
9788757433289
9788757433760
9788757433852
9788757433951
9788757434095
9788757434132
9788757434248
9788757434354
9788757434378
9788757434811
9788757435252
9788757436419
9788757436891
9788757437133
9788757455106
9788759311462
9788759311769
9788759312490
9788759312520
9788759312766
9788759312780
9788759313374
9788759313497
9788759314173
9788759314364
9788759314623
9788759314777
9788759314791
9788759315545
9788759315552
9788759316153
9788759317259
9788759317570
9788759317907
9788759319604
9788759320242
9788759322079
9788759327302
9788759803929
9788759804018
9788759805886
9788759806746
9788759808948
9788759810033
9788759810569
9788759810583
9788759810606
9788759810637
9788759811016
9788759811955
9788759814291
9788759814987
9788759825976
9788759850244
9788759851203
9788759852064
9788759852125
9788759852316
9788759852606
9788759853382
9788759854112
9788759854907
9788759855218
9788759857298
9788759858073
9788759862377
9788759863275
9788760139093
9788762902947
9788763000468
9788763000666
9788763000680
9788763000918
9788763000949
9788763000963
9788763001007
9788763001045
9788763001052
9788763001090
9788763001106
9788763001120
9788763001151
9788763001168
9788763001175
9788763001182
9788763001199
9788763001205
9788763001212
9788763001229
9788763001243
9788763001274
9788763001298
9788763001311
9788763001335
9788763001342
9788763001410
9788763001519
9788763001526
9788763001533
9788763001540
9788763001632
9788763001670
9788763001687
9788763001724
9788763001854
9788763001885
9788763001915
9788763001960
9788763001991
9788763002004
9788763002011
9788763002028
9788763002035
9788763002042
9788763002059
9788763002073
9788763002103
9788763002110
9788763002127
9788763002141
9788763002158
9788763002172
9788763002189
9788763002196
9788763002202
9788763002219
9788763002226
9788763002240
9788763002264
9788763002271
9788763002288
9788763002295
9788763002301
9788763002318
9788763002325
9788763002332
9788763002356
9788763002363
9788763002387
9788763002394
9788763002417
9788763002424
9788763002431
9788763002448
9788763002455
9788763002462
9788763002479
9788763002486
9788763002493
9788763002509
9788763002516
9788763002523
9788763003179
9788763003223
9788763003230
9788763003254
9788763003322
9788763003445
9788763003582
9788763003599
9788763501279
9788763501286
9788763501316
9788763501330
9788763501347
9788763502214
9788763502252
9788763502672
9788763503860
9788763504041
9788763504072
9788763504249
9788763504256
9788763504270
9788763504997
9788763505031
9788763505048
9788763505314
9788763505321
9788763507691
9788763507707
9788763507714
9788763507721
9788763507745
9788763507752
9788763507769
9788763507776
9788763507783
9788763507806
9788763507813
9788763507844
9788763507851
9788763507868
9788763507875
9788763507882
9788763507905
9788763507912
9788763507943
9788763510844
9788763510967
9788763510974
9788763510998
9788763512626
9788763512763
9788763513852
9788763514064
9788763516365
9788763516662
9788763521604
9788763521741
9788763521765
9788763522694
9788763522700
9788763522823
9788763523226
9788763524261
9788763524346
9788763525879
9788763525886
9788763525893
9788763525978
9788763525985
9788763526043
9788763526050
9788763526067
9788763526074
9788763526166
9788763530286
9788763530934
9788763530965
9788763530996
9788763531092
9788763531344
9788763531368
9788763531450
9788763531580
9788763531610
9788763531634
9788763531658
9788763531665
9788763531672
9788763531689
9788763531696
9788763531702
9788763531719
9788763535106
9788763535687
9788763536455
9788763536479
9788763536493
9788763536578
9788763536714
9788763536721
9788763537346
9788763537421
9788763537506
9788763537513
9788763537520
9788763537544
9788763537742
9788763537834
9788763537919
9788763538091
9788763538374
9788763538381
9788763538404
9788763538411
9788763538978
9788763538985
9788763538992
9788763539005
9788763539135
9788763539159
9788763539340
9788763539364
9788763539586
9788763539647
9788763539784
9788763540339
9788763540360
9788763540438
9788763540612
9788763540629
9788763540636
9788763540643
9788763540650
9788763540667
9788763540681
9788763540704
9788763541060
9788763541411
9788763541541
9788763541992
9788763542005
9788763542029
9788763542043
9788763542050
9788763542074
9788763542081
9788763542098
9788763542111
9788763542135
9788763542579
9788763542586
9788763542593
9788763542609
9788763542630
9788763542647
9788763542661
9788763542692
9788763542708
9788763542920
9788763543040
9788763543064
9788763543248
9788763543255
9788763543262
9788763543644
9788763543729
9788763543743
9788763543866
9788763543873
9788763543880
9788763543903
9788763543958
9788763543965
9788763543989
9788763543996
9788763544054
9788763544221
9788763544245
9788763544313
9788763544320
9788763544337
9788763544870
9788763544931
9788763544948
9788763545020
9788763545310
9788763554244
9788770236218
9788770710282
9788771120097
9788771120172
9788771120288
9788771120394
9788771120431
9788771120547
9788771120622
9788771120677
9788771120738
9788771120790
9788771120974
9788771120981
9788771120998
9788771121018
9788771121094
9788771121100
9788771121162
9788771121193
9788771121230
9788771121513
9788771121841
9788771121872
9788771122237
9788771124828
9788771125689
9788771125764
9788771125948
9788771140064
9788771140071
9788771140095
9788771140149
9788771140156
9788771140163
9788771140187
9788771140194
9788771140200
9788771140231
9788771140279
9788771140286
9788771140323
9788771140330
9788771140354
9788771140385
9788771140408
9788771140446
9788771140453
9788771140491
9788771140538
9788771140545
9788771140552
9788771140569
9788771140606
9788771140637
9788771140644
9788771140699
9788771140705
9788771140729
9788771140743
9788771140828
9788771140835
9788771140859
9788771140866
9788771140873
9788771140910
9788771140927
9788771140941
9788771140972
9788771141054
9788771141061
9788771141085
9788771141146
9788771141153
9788771141184
9788771141207
9788771141221
9788771141252
9788771141290
9788771141320
9788771141344
9788771141351
9788771141382
9788771141405
9788771141504
9788771141542
9788771141573
9788771141580
9788771141627
9788771141634
9788771141702
9788771141719
9788771141733
9788771141740
9788771141764
9788771141818
9788771141825
9788771141849
9788771141856
9788771141887
9788771141924
9788771141962
9788771141979
9788771141986
9788771142051
9788771142068
9788771142075
9788771142099
9788771142129
9788771142242
9788771142259
9788771142310
9788771142365
9788771142372
9788771142402
9788771142440
9788771142464
9788771142471
9788771142501
9788771142525
9788771142532
9788771142570
9788771142587
9788771142631
9788771142648
9788771142655
9788771142686
9788771142754
9788771142815
9788771142846
9788771142860
9788771142938
9788771142969
9788771143003
9788771143027
9788771143157
9788771143171
9788771143225
9788771143294
9788771143348
9788771143386
9788771143430
9788771143485
9788771143492
9788771143607
9788771143669
9788771143720
9788771143751
9788771143782
9788771143799
9788771143812
9788771143843
9788771143850
9788771143973
9788771144178
9788771144260
9788771144291
9788771144390
9788771144451
9788771144475
9788771144482
9788771144505
9788771144529
9788771144543
9788771144550
9788771144628
9788771144727
9788771144734
9788771144796
9788771144840
9788771144871
9788771144970
9788771144987
9788771145007
9788771145038
9788771145045
9788771145267
9788771145274
9788771145304
9788771145335
9788771145380
9788771145397
9788771145403
9788771145441
9788771145465
9788771145489
9788771145519
9788771145557
9788771145564
9788771145571
9788771145588
9788771145632
9788771145663
9788771145694
9788771145717
9788771145748
9788771145755
9788771145762
9788771145779
9788771145793
9788771145809
9788771145816
9788771145830
9788771145854
9788771145878
9788771145922
9788771145946
9788771145953
9788771146011
9788771146059
9788771146080
9788771146233
9788771146295
9788771146448
9788771146486
9788771146509
9788771146523
9788771146660
9788771146714
9788771146844
9788771146899
9788771146981
9788771147056
9788771147087
9788771147162
9788771147261
9788771147308
9788771147315
9788771147384
9788771147414
9788771147865
9788771148275
9788771148374
9788771148589
9788771148671
9788771148978
9788771149067
9788771149319
9788771149531
9788771149555
9788771149586
9788771149654
9788771149777
9788771149951
9788771149968
9788771149975
9788771240023
9788771240078
9788771240092
9788771240108
9788771240115
9788771240122
9788771240146
9788771240177
9788771240184
9788771240511
9788771240535
9788771240573
9788771240689
9788771240788
9788771240795
9788771240863
9788771240894
9788771240979
9788771241013
9788771241044
9788771241082
9788771241105
9788771241112
9788771241167
9788771241273
9788771241280
9788771241365
9788771241372
9788771241648
9788771241655
9788771241686
9788771241747
9788771241792
9788771242102
9788771242126
9788771242133
9788771242324
9788771242379
9788771242973
9788771243130
9788771243246
9788771243505
9788771243529
9788771243536
9788771243543
9788771243659
9788771243789
9788771243802
9788771243895
9788771243932
9788771244090
9788771244496
9788771244502
9788771247718
9788771247770
9788771247916
9788771247947
9788771248005
9788771248517
9788771248531
9788771248593
9788771249132
9788771249194
9788771249385
9788771249392
9788771249491
9788771249972
9788771320015
9788771320022
9788771320039
9788771320046
9788771320053
9788771320060
9788771320077
9788771320084
9788771320091
9788771320107
9788771320114
9788771320121
9788771320145
9788771320152
9788771320169
9788771320176
9788771320183
9788771320190
9788771320398
9788771320435
9788771320442
9788771320459
9788771320466
9788771320473
9788771320527
9788771320534
9788771320558
9788771320657
9788771320664
9788771320886
9788771321081
9788771321135
9788771323948
9788771323979
9788771324136
9788771324143
9788771324150
9788771324167
9788771324174
9788771450026
9788771450095
9788771450347
9788771450477
9788771450729
9788771450781
9788771451894
9788771451900
9788771451931
9788771451962
9788771452204
9788771452419
9788771452464
9788771452471
9788771452549
9788771452563
9788771452853
9788771452860
9788771453577
9788771453645
9788771453720
9788771453874
9788771453898
9788771454772
9788771454796
9788771454802
9788771454871
9788771455014
9788771455090
9788771455120
9788771455137
9788771455151
9788771455199
9788771455205
9788771455236
9788771455243
9788771455274
9788771455281
9788771455304
9788771455335
9788771455366
9788771455380
9788771455403
9788771455410
9788771455434
9788771455458
9788771455496
9788771455519
9788771455540
9788771455571
9788771455588
9788771455595
9788771455625
9788771455632
9788771455663
9788771455687
9788771455694
9788771455700
9788771455724
9788771455779
9788771455786
9788771455793
9788771455823
9788771455830
9788771455854
9788771455885
9788771455922
9788771455939
9788771455977
9788771455984
9788771456004
9788771456011
9788771456028
9788771456103
9788771456127
9788771456134
9788771456172
9788771456202
9788771456240
9788771456318
9788771456332
9788771456356
9788771456400
9788771456431
9788771456479
9788771456493
9788771456516
9788771456530
9788771456547
9788771456554
9788771456578
9788771456592
9788771456615
9788771456646
9788771456660
9788771456677
9788771456684
9788771456691
9788771456721
9788771456738
9788771456745
9788771456776
9788771456783
9788771456806
9788771456837
9788771456851
9788771456875
9788771456882
9788771456899
9788771456943
9788771456950
9788771456967
9788771456974
9788771457032
9788771457056
9788771457063
9788771457087
9788771457148
9788771457162
9788771457179
9788771457186
9788771457209
9788771457261
9788771457353
9788771457377
9788771457391
9788771457414
9788771457421
9788771457438
9788771457445
9788771457483
9788771457506
9788771457551
9788771457612
9788771457636
9788771457674
9788771457704
9788771457759
9788771457797
9788771457810
9788771457872
9788771457896
9788771457933
9788771457957
9788771457964
9788771458008
9788771458022
9788771458053
9788771458077
9788771458138
9788771458244
9788771458282
9788771458374
9788771458381
9788771458398
9788771458404
9788771458473
9788771458480
9788771458503
9788771458596
9788771458640
9788771458701
9788771458749
9788771458770
9788771458947
9788771458954
9788771459067
9788771459104
9788771459111
9788771459173
9788771459210
9788771459395
9788771459401
9788771459418
9788771459449
9788771459654
9788771459821
9788771700015
9788771700022
9788771700039
9788771700046
9788771700176
9788771700206
9788771700244
9788771700282
9788771700312
9788771700329
9788771700350
9788771700367
9788771700398
9788771700473
9788771700480
9788771700503
9788771700534
9788771700619
9788771700633
9788771700640
9788771700688
9788771700787
9788771700794
9788771700800
9788771700817
9788771700855
9788771700893
9788771700916
9788771700954
9788771700978
9788771700985
9788771701012
9788771701029
9788771701036
9788771701067
9788771701135
9788771701142
9788771701159
9788771701166
9788771701173
9788771701227
9788771701258
9788771701265
9788771701272
9788771701296
9788771701302
9788771701357
9788771701371
9788771701388
9788771701425
9788771701432
9788771701449
9788771701463
9788771701487
9788771701494
9788771701555
9788771701579
9788771701586
9788771701647
9788771701654
9788771701739
9788771701746
9788771701760
9788771701890
9788771701913
9788771701920
9788771701944
9788771701968
9788771701975
9788771702002
9788771702019
9788771702026
9788771702033
9788771702040
9788771702057
9788771702071
9788771702118
9788771702149
9788771702156
9788771702163
9788771702170
9788771702194
9788771702200
9788771702224
9788771702231
9788771702255
9788771702262
9788771702279
9788771702293
9788771702309
9788771702347
9788771702378
9788771702385
9788771702392
9788771702415
9788771702460
9788771702477
9788771702484
9788771702521
9788771702545
9788771702552
9788771702576
9788771702613
9788771702644
9788771702675
9788771702736
9788771702767
9788771702828
9788771702842
9788771702880
9788771702903
9788771702910
9788771702989
9788771703023
9788771703108
9788771703122
9788771703146
9788771703160
9788771703177
9788771703214
9788771703221
9788771703252
9788771703290
9788771703313
9788771703375
9788771703382
9788771703436
9788771703450
9788771703535
9788771703603
9788771703658
9788771703696
9788771703719
9788771703726
9788771703733
9788771703757
9788771703764
9788771703849
9788771703863
9788771703887
9788771703894
9788771703924
9788771703948
9788771703979
9788771703986
9788771703993
9788771704020
9788771704044
9788771704051
9788771704068
9788771704105
9788771704129
9788771704198
9788771704204
9788771704242
9788771704266
9788771704303
9788771704310
9788771704327
9788771704358
9788771704433
9788771704457
9788771704471
9788771704488
9788771704563
9788771704570
9788771704655
9788771704730
9788771704747
9788771704808
9788771704815
9788771704822
9788771704846
9788771704860
9788771704891
9788771704907
9788771704938
9788771704945
9788771704952
9788771705003
9788771705058
9788771705089
9788771705119
9788771705157
9788771705164
9788771705171
9788771705188
9788771705195
9788771705249
9788771705348
9788771705355
9788771705386
9788771705515
9788771705638
9788771705652
9788771705676
9788771705690
9788771705706
9788771705737
9788771705775
9788771705782
9788771705942
9788771705973
9788771705980
9788771705997
9788771706116
9788771706390
9788771706420
9788771706437
9788771706581
9788771707571
9788771707700
9788771707816
9788771708172
9788771708189
9788771708349
9788771708424
9788771708455
9788771709087
9788771709490
9788771841046
9788771841169
9788771841435
9788771842326
9788771885101
9788771885446
9788771885682
9788771885743
9788771885767
9788771885804
9788771885811
9788771885828
9788771885859
9788771885873
9788771885880
9788771885903
9788771885910
9788771885927
9788771885934
9788771885958
9788771885972
9788771886061
9788771886092
9788771886108
9788771886139
9788771886177
9788771886191
9788771886214
9788771886252
9788771886313
9788771886344
9788771886351
9788771886368
9788771886382
9788771886412
9788771886443
9788771886450
9788771886504
9788771886641
9788771886832
9788771887051
9788771887785
9788771887792
9788771887839
9788771887846
9788771887891
9788771887952
9788772440095
9788772470061
9788772470085
9788772470108
9788772470122
9788772470146
9788772470160
9788772470184
9788772470191
9788772470252
9788772470269
9788772470283
9788772470290
9788772470306
9788772470320
9788772470337
9788772470344
9788772470368
9788772470375
9788772470382
9788772470399
9788772470405
9788772470412
9788772470429
9788772470436
9788772470481
9788772470504
9788772470511
9788772470528
9788772470542
9788772470627
9788772470689
9788772470795
9788772470801
9788772470818
9788772470825
9788772470863
9788772470870
9788772470894
9788772470900
9788772470917
9788772470955
9788772470986
9788772471006
9788772471129
9788772471143
9788772471174
9788772471280
9788772471327
9788772471457
9788772471501
9788772471624
9788772471730
9788772471914
9788772472003
9788772472072
9788772472102
9788772472126
9788772472263
9788772472430
9788772472577
9788772472607
9788772472614
9788772472638
9788772472669
9788772472676
9788772472775
9788772472799
9788772472805
9788772472874
9788772472904
9788772472928
9788772472959
9788772472973
9788772473017
9788772473031
9788772473048
9788772473062
9788772473130
9788772473222
9788772473246
9788772473284
9788772473291
9788772474533
9788772474670
9788772474700
9788772474847
9788772474984
9788772475035
9788772475073
9788772475172
9788772475196
9788772475202
9788772475219
9788772475233
9788772475257
9788772475271
9788772475295
9788772475318
9788772475332
9788772475394
9788772475417
9788772475431
9788772475479
9788772475486
9788772475493
9788772475516
9788772475530
9788772475653
9788772475790
9788772475820
9788772475875
9788772475936
9788772475950
9788772475967
9788772475974
9788772475998
9788772476025
9788772476049
9788772476063
9788772476087
9788772476100
9788772476162
9788772476186
9788772476377
9788772476384
9788772476391
9788772476407
9788772476568
9788772476575
9788772476759
9788772476766
9788772476780
9788772476797
9788772476803
9788772476810
9788772476827
9788772476834
9788772476841
9788772476858
9788772476865
9788772476896
9788772476919
9788772476926
9788772476933
9788772476957
9788772477022
9788772477039
9788772477084
9788772477206
9788772477541
9788772477572
9788772477701
9788772477718
9788772477725
9788772477794
9788772477800
9788772477817
9788772477824
9788772477831
9788772477855
9788772477879
9788772477909
9788772477985
9788772477992
9788772478067
9788772478081
9788772478104
9788772478364
9788772478401
9788772478432
9788772478449
9788772478470
9788772478487
9788772478494
9788772478500
9788772478517
9788772478524
9788772478593
9788772478616
9788772478708
9788772478715
9788772479132
9788772479149
9788772479156
9788772479163
9788772479194
9788772479200
9788772479217
9788772479224
9788772479361
9788772479767
9788772479934
9788772880013
9788772880020
9788772880051
9788772880174
9788772880334
9788772880396
9788772880402
9788772880426
9788772880457
9788772880471
9788772880532
9788772880549
9788772880570
9788772880631
9788772880693
9788772880792
9788772880945
9788772881010
9788772881058
9788772881089
9788772881119
9788772881133
9788772881140
9788772881430
9788772881447
9788772881485
9788772881492
9788772881515
9788772881553
9788772881614
9788772881638
9788772881683
9788772881706
9788772881737
9788772881751
9788772881799
9788772881836
9788772881867
9788772881942
9788772881973
9788772882130
9788772882178
9788772882192
9788772882291
9788772882338
9788772882413
9788772882437
9788772882468
9788772882734
9788772882772
9788772882796
9788772882871
9788772882888
9788772882949
9788772883021
9788772883038
9788772883076
9788772883113
9788772883175
9788772883229
9788772883298
9788772883465
9788772883489
9788772883588
9788772883687
9788772883694
9788772883700
9788772883717
9788772883724
9788772883731
9788772883755
9788772883762
9788772883793
9788772883809
9788772883816
9788772883823
9788772883830
9788772883984
9788772883991
9788772884028
9788772884035
9788772884066
9788772884080
9788772884127
9788772884158
9788772884189
9788772884196
9788772884219
9788772884271
9788772884301
9788772884332
9788772884356
9788772884394
9788772884493
9788772884516
9788772884523
9788772884776
9788772884806
9788772884813
9788772884820
9788772884837
9788772884899
9788772884929
9788772884950
9788772884974
9788772885032
9788772885070
9788772885124
9788772885131
9788772885148
9788772885155
9788772885322
9788772885407
9788772885421
9788772885438
9788772885483
9788772885520
9788772885551
9788772885568
9788772885599
9788772885612
9788772885636
9788772885643
9788772885650
9788772885773
9788772885810
9788772885865
9788772885889
9788772885902
9788772885919
9788772886114
9788772886145
9788772886183
9788772886244
9788772886282
9788772886459
9788772886527
9788772886541
9788772886589
9788772886602
9788772886619
9788772886626
9788772886633
9788772886640
9788772886725
9788772886732
9788772886893
9788772886916
9788772886923
9788772887036
9788772887081
9788772887197
9788772887210
9788772887227
9788772887234
9788772887241
9788772887258
9788772887333
9788772887340
9788772887401
9788772887425
9788772887487
9788772887678
9788772887708
9788772887715
9788772887746
9788772887753
9788772887760
9788772887821
9788772887852
9788772887869
9788772887913
9788772887920
9788772887968
9788772888040
9788772888071
9788772888095
9788772888149
9788772888156
9788772888163
9788772888187
9788772888200
9788772888248
9788772888286
9788772888293
9788772888354
9788772888361
9788772888378
9788772888392
9788772888408
9788772888415
9788772888545
9788772888606
9788772888668
9788772888699
9788772888729
9788772888798
9788772888811
9788772888880
9788772888965
9788772888996
9788772889016
9788772889108
9788772889122
9788772889139
9788772889207
9788772889245
9788772889269
9788772889313
9788772889320
9788772889344
9788772889351
9788772889375
9788772889443
9788772889450
9788772889467
9788772889474
9788772889481
9788772889573
9788772889597
9788772889627
9788772889634
9788772889641
9788772889696
9788772889726
9788772889771
9788772889832
9788772889887
9788772889894
9788772889931
9788772889948
9788772890517
9788772892061
9788772892085
9788772892245
9788772892641
9788772892726
9788772893525
9788772893730
9788772894508
9788772894553
9788772895277
9788772895291
9788772895314
9788772895338
9788772895703
9788772895833
9788772895857
9788772896397
9788772896489
9788772896731
9788772897035
9788772897066
9788772897141
9788772897240
9788772897509
9788772897783
9788772897936
9788772898094
9788772898131
9788772898179
9788772898223
9788772898292
9788772898315
9788772898513
9788772898612
9788772899015
9788772899039
9788772899077
9788772899619
9788772899633
9788773043615
9788773074008
9788773074350
9788773074527
9788773074572
9788773074633
9788773074718
9788773074749
9788773074763
9788773074848
9788773074978
9788773074985
9788773075036
9788773075258
9788773075265
9788773075326
9788773075340
9788773075388
9788773075432
9788773075456
9788773075494
9788773075951
9788773076026
9788773076057
9788773076064
9788773076118
9788773076200
9788773076231
9788773076255
9788773076293
9788773076576
9788773076613
9788773076842
9788773076873
9788773077061
9788773077122
9788773077214
9788773077276
9788773077290
9788773077368
9788773077382
9788773077429
9788773077535
9788773077542
9788773077702
9788773077856
9788773077863
9788773077900
9788773077979
9788773077993
9788773079300
9788773079331
9788773079362
9788773079454
9788773079461
9788773079485
9788773079522
9788773079560
9788773079607
9788773079621
9788773079652
9788773079744
9788773079751
9788773079829
9788773079959
9788773188637
9788774325802
9788774551300
9788774552178
9788774552321
9788774552383
9788774552932
9788774552956
9788774552987
9788774553403
9788774553519
9788774554196
9788774555049
9788774920861
9788774921585
9788774922995
9788774923237
9788774924906
9788774925255
9788774925682
9788774925965
9788774926030
9788774927228
9788774929109
9788776020514
9788776020521
9788776020934
9788776021061
9788776021290
9788776021306
9788776021313
9788776021382
9788776021412
9788776021436
9788776021450
9788776021887
9788776021894
9788776023218
9788776023225
9788776023232
9788776023331
9788776740016
9788776740382
9788776740405
9788776740498
9788776740603
9788776740689
9788776740894
9788776740900
9788776741303
9788776741532
9788776741792
9788776741938
9788776742003
9788776742010
9788776742027
9788776742188
9788776742263
9788776742508
9788776742522
9788776742560
9788776742706
9788776742836
9788776742935
9788776743277
9788776743307
9788776743444
9788776743697
9788776743741
9788776743772
9788776743895
9788776744106
9788776744137
9788776744304
9788776744311
9788776744762
9788776744779
9788776744809
9788776744830
9788776744847
9788776744977
9788776745035
9788776745325
9788776745578
9788776745653
9788776745677
9788776745899
9788776745950
9788776746100
9788776746469
9788776746582
9788776746599
9788776746636
9788776746803
9788776746896
9788776746919
9788776747053
9788776747121
9788776747176
9788776747473
9788776747480
9788776747633
9788776747749
9788776747916
9788776748050
9788776748203
9788776748241
9788776748401
9788776748456
9788776748531
9788776748708
9788776748760
9788776749064
9788776749330
9788776749477
9788776749927
9788776830182
9788776840068
9788776841713
9788776841898
9788776842178
9788776842536
9788776910013
9788776910068
9788776910075
9788776910099
9788776910112
9788776910129
9788776910280
9788776910297
9788776910341
9788776910358
9788776910426
9788776910471
9788776910532
9788776910570
9788776910600
9788776910655
9788776910686
9788776910785
9788776910808
9788776910860
9788776910907
9788776910938
9788776910976
9788776911065
9788776911126
9788776911140
9788776911171
9788776911188
9788776911263
9788776911287
9788776911355
9788776911386
9788776911430
9788776911461
9788776911478
9788776911591
9788776911638
9788776911690
9788776911713
9788776911744
9788776911799
9788776911850
9788776911867
9788776911898
9788776911928
9788776911959
9788776912000
9788776912031
9788776912154
9788776912215
9788776912260
9788776912307
9788776912321
9788776912338
9788776912383
9788776912499
9788776912512
9788776912536
9788776912550
9788776912567
9788776912604
9788776912895
9788776912901
9788776912963
9788776913014
9788776913021
9788776913113
9788776913175
9788776913298
9788776913328
9788776913366
9788776913403
9788776913465
9788776913533
9788776913540
9788776913564
9788776913588
9788776913670
9788776913762
9788776913885
9788776913946
9788776913953
9788776914080
9788776914097
9788776914103
9788776914141
9788776914189
9788776914202
9788776914219
9788776914257
9788776914325
9788776914387
9788776914417
9788776914424
9788776914431
9788776914448
9788776914486
9788776914554
9788776914585
9788776914622
9788776914776
9788776914905
9788776914974
9788776915049
9788776915063
9788776915070
9788776915131
9788776915162
9788776915186
9788776915247
9788776915384
9788776915407
9788776915414
9788776915513
9788776915544
9788776915575
9788776915612
9788776915667
9788776915735
9788776915742
9788776915827
9788776915865
9788776915896
9788776916008
9788776916046
9788776916060
9788776916145
9788776916152
9788776916237
9788776916305
9788776916312
9788776916336
9788776916343
9788776916480
9788776916527
9788776916534
9788776916565
9788776916701
9788776916794
9788776916800
9788776916855
9788776916961
9788776917050
9788776917098
9788776917142
9788776917289
9788776917319
9788776917340
9788776917357
9788776917395
9788776917449
9788776917470
9788776917579
9788776917623
9788776917654
9788776917685
9788776917715
9788776917791
9788776917807
9788776917890
9788776917920
9788776917944
9788776917982
9788776918064
9788776918088
9788776918149
9788776918156
9788776918248
9788776918279
9788776918453
9788776918477
9788776918637
9788776918804
9788776918828
9788776918866
9788776918897
9788776919054
9788776919153
9788776919160
9788776919382
9788776919405
9788776919436
9788776919467
9788776919498
9788776919535
9788776919559
9788776919573
9788776919771
9788776919818
9788776940010
9788776940027
9788776940034
9788776940102
9788776940126
9788776940140
9788776940157
9788776940164
9788776940171
9788776940188
9788776940201
9788776940218
9788776940225
9788776940232
9788776940270
9788776940287
9788776940294
9788776940317
9788776940324
9788776940355
9788776940362
9788776940379
9788776940409
9788776940416
9788776940430
9788776940447
9788776940454
9788776940478
9788776940522
9788776940539
9788776940584
9788776940614
9788776940621
9788776940652
9788776940676
9788776940690
9788776940713
9788776940720
9788776940782
9788776940799
9788776940805
9788776940812
9788776940829
9788776940836
9788776940850
9788776940867
9788776940881
9788776940898
9788776940911
9788776940928
9788776940935
9788776940942
9788776940959
9788776940966
9788776940973
9788776940980
9788776941000
9788776941048
9788776941055
9788776941079
9788776941086
9788776941093
9788776941123
9788776941130
9788776941147
9788776941154
9788776941161
9788776941178
9788776941185
9788776941192
9788776941208
9788776941246
9788776941253
9788776941260
9788776941277
9788776941284
9788776941307
9788776941314
9788776941352
9788776941369
9788776941383
9788776941413
9788776941420
9788776941437
9788776941444
9788776941451
9788776941468
9788776941475
9788776941482
9788776941536
9788776941550
9788776941567
9788776941574
9788776941581
9788776941598
9788776941604
9788776941611
9788776941635
9788776941642
9788776941666
9788776941673
9788776941697
9788776941703
9788777930355
9788778380159
9788778380210
9788778380340
9788778380654
9788778381262
9788778381309
9788778381323
9788778381354
9788778381422
9788778381446
9788778381521
9788778381538
9788778381606
9788778381644
9788778381712
9788778381774
9788778381859
9788778381897
9788778382061
9788778382078
9788778382269
9788778382375
9788778382603
9788778382696
9788778382740
9788778382788
9788778382948
9788778382979
9788778383075
9788778383112
9788778383303
9788778383310
9788778383389
9788778383396
9788778383471
9788778383617
9788778383662
9788778383884
9788778383976
9788778384034
9788778384058
9788778384072
9788778384133
9788778384492
9788778384546
9788778384591
9788778384621
9788778384669
9788778384744
9788778384973
9788778385079
9788778385413
9788778385529
9788778385826
9788778385833
9788778385901
9788778386175
9788778386199
9788778386304
9788778386588
9788778386793
9788778386809
9788778386922
9788778387097
9788778387110
9788778387165
9788778387219
9788778387257
9788778387417
9788778387646
9788778387660
9788778387745
9788778388025
9788778388070
9788778388230
9788778388568
9788778388575
9788778388582
9788778389275
9788778389282
9788778389428
9788778389589
9788778389961
9788778670793
9788778673459
9788778673480
9788778674616
9788778674845
9788778840561
9788778840578
9788778840585
9788778845771
9788778845788
9788778845795
9788778845801
9788778845818
9788778846945
9788778846952
9788778846976
9788778846983
9788779340015
9788779340039
9788779340046
9788779340053
9788779340060
9788779340084
9788779340107
9788779340114
9788779340244
9788779340282
9788779340411
9788779340435
9788779340541
9788779340572
9788779340596
9788779340626
9788779340725
9788779340732
9788779340749
9788779340817
9788779340848
9788779340855
9788779340886
9788779340916
9788779340947
9788779340961
9788779340985
9788779341029
9788779341050
9788779341074
9788779341098
9788779341104
9788779341159
9788779341166
9788779341173
9788779341180
9788779341326
9788779341340
9788779341364
9788779341388
9788779341401
9788779341463
9788779341470
9788779341524
9788779341548
9788779341555
9788779341586
9788779341593
9788779341623
9788779341746
9788779341777
9788779341821
9788779342002
9788779342125
9788779342156
9788779342170
9788779342309
9788779342347
9788779342385
9788779342453
9788779342477
9788779342491
9788779342521
9788779342538
9788779342552
9788779342590
9788779342644
9788779342668
9788779342781
9788779342811
9788779342828
9788779342873
9788779342880
9788779342897
9788779342903
9788779342910
9788779342927
9788779342934
9788779342941
9788779342989
9788779343078
9788779343085
9788779343092
9788779343108
9788779343115
9788779343139
9788779343146
9788779343177
9788779343252
9788779343320
9788779343504
9788779343634
9788779343672
9788779343702
9788779343733
9788779343740
9788779343795
9788779343900
9788779343948
9788779343955
9788779344044
9788779344082
9788779344099
9788779344112
9788779344129
9788779344143
9788779344198
9788779344228
9788779344235
9788779344242
9788779344259
9788779344266
9788779344273
9788779344280
9788779344310
9788779344327
9788779344341
9788779344433
9788779344440
9788779344457
9788779344464
9788779344600
9788779344884
9788779344914
9788779344921
9788779345010
9788779345041
9788779345058
9788779345126
9788779345133
9788779345157
9788779345201
9788779345218
9788779345225
9788779345232
9788779345300
9788779345324
9788779345515
9788779345522
9788779345553
9788779345560
9788779345584
9788779345607
9788779345669
9788779345676
9788779345683
9788779345690
9788779345706
9788779345713
9788779345720
9788779345737
9788779345744
9788779345751
9788779345850
9788779345874
9788779346079
9788779347007
9788779347052
9788779347229
9788779347298
9788779349544
9788779941397
9788779942066
9788785180056
9788785180087
9788785180162
9788785180179
9788785180223
9788785180278
9788785180346
9788785180384
9788785180407
9788785180414
9788785180421
9788785180445
9788785180452
9788785180469
9788785180476
9788785180520
9788785180537
9788785180568
9788785180612
9788785180674
9788785180704
9788785180728
9788785180742
9788787036887
9788787062626
9788787062657
9788787062688
9788787062695
9788787062718
9788787062749
9788787062756
9788787062770
9788787062800
9788787062824
9788787062831
9788787062848
9788787062879
9788787062978
9788787062985
9788787334372
9788787334525
9788787491006
9788787491020
9788787491044
9788787491075
9788787491082
9788787491099
9788787491136
9788787491143
9788787491174
9788787491242
9788787491280
9788787491341
9788787491365
9788787491426
9788787491440
9788787564076
9788787564151
9788787564175
9788787564182
9788787564205
9788787564212
9788787564601
9788787564809
9788787564946
9788787564953
9788787564960
9788787564977
9788787564991
9788787600149
9788787600156
9788787600187
9788787600194
9788787600231
9788787600262
9788787600293
9788787600309
9788787600316
9788787600323
9788787600330
9788787600354
9788787600361
9788787600385
9788787600392
9788787600408
9788787600415
9788787600422
9788787600538
9788787600620
9788787600644
9788787600668
9788787600682
9788787732291
9788788328264
9788788328301
9788788415025
9788788415032
9788788415056
9788788415063
9788788415070
9788788415087
9788788415100
9788788415117
9788788415124
9788788415155
9788788415162
9788788415179
9788788415247
9788788415254
9788788415261
9788788415278
9788788415292
9788788415384
9788788415452
9788788415476
9788788415513
9788788415551
9788788415575
9788788415582
9788788415599
9788788415636
9788788415650
9788788415681
9788788415711
9788788415728
9788788415773
9788788415797
9788788415803
9788788415872
9788788415889
9788788415896
9788788415995
9788788509250
9788788521832
9788788757019
9788788757057
9788788757118
9788788757149
9788788757156
9788788757194
9788788757231
9788788757248
9788788757255
9788788757279
9788788757293
9788788757316
9788788757323
9788788757330
9788788757354
9788788757361
9788788757378
9788788757392
9788788757408
9788788757415
9788788757439
9788788757453
9788788757460
9788788757477
9788788757491
9788788757521
9788788757538
9788788757552
9788788757583
9788788757590
9788788757606
9788788757620
9788788757644
9788788757668
9788788757675
9788788757682
9788788757699
9788788757736
9788788757743
9788788757767
9788788757774
9788788757781
9788788757811
9788788757859
9788788757873
9788788757880
9788788757903
9788788757910
9788788757934
9788788757958
9788788757989
9788788860702
9788788884036
9788788944525
9788788944976
9788789029146
9788789224442
9788789384849
9788789384917
9788789384993
9788789385600
9788789438009
9788789438016
9788789438030
9788789438054
9788789438078
9788789438092
9788789825076
9788789825090
9788789825922
9788790029197
9788790029357
9788790029418
9788790029531
9788790029715
9788790199210
9788790199258
9788790199272
9788790199296
9788790199371
9788790199418
9788790199456
9788790199531
9788790199555
9788790199562
9788790199593
9788790199623
9788790199630
9788790199647
9788790199661
9788790199678
9788790199708
9788790199739
9788790199753
9788790199760
9788790199777
9788790199807
9788790403959
9788790608002
9788790608118
9788790690212
9788790730055
9788790730079
9788790730116
9788790730178
9788790730192
9788790730260
9788790730291
9788790730314
9788790730437
9788790730451
9788790730468
9788790730482
9788790730529
9788790730673
9788790730703
9788790730741
9788790730758
9788790730772
9788790730826
9788790730833
9788790730888
9788790730895
9788790730901
9788790730925
9788790730932
9788790730949
9788790730963
9788790730994
9788791067020
9788791070877
9788791070884
9788791114021
9788791114038
9788791114045
9788791114069
9788791114076
9788791114090
9788791114137
9788791114151
9788791114168
9788791114175
9788791114182
9788791114205
9788791114328
9788791114342
9788791114359
9788791114373
9788791114403
9788791114410
9788791114441
9788791114472
9788791114489
9788791114519
9788791114618
9788791114625
9788791114649
9788791114670
9788791114717
9788791114762
9788791114779
9788791114816
9788791114847
9788791114861
9788791114885
9788791114892
9788791114915
9788791114922
9788791114939
9788791114960
9788791114984
9788791114991
9788791319211
9788791319242
9788791319396
9788791319556
9788791359293
9788791409585
9788791409639
9788791529160
9788791563003
9788791563010
9788791563041
9788791563058
9788791563089
9788791563102
9788791563119
9788791563157
9788791563188
9788791563218
9788791563225
9788791563232
9788791563270
9788791563294
9788791563300
9788791563317
9788791563324
9788791563348
9788791563430
9788791563447
9788791563454
9788791563485
9788791563522
9788791563577
9788791563607
9788791563614
9788791563621
9788791563676
9788791563706
9788791563737
9788791563744
9788791563751
9788791563775
9788791563874
9788791563898
9788791563973
9788791607110
9788791607127
9788791607141
9788791607165
9788791607189
9788791607226
9788791607257
9788791607271
9788791607318
9788791607332
9788791607387
9788791607493
9788791607578
9788791607592
9788791607615
9788791607622
9788791607660
9788791607677
9788791607790
9788791607967
9788791663116
9788791663123
9788791706004
9788791706011
9788791748240
9788791810084
9788791810091
9788791872037
9788791872044
9788791872051
9788791872068
9788791936029
9788792130006
9788792130013
9788792130051
9788792130075
9788792130082
9788792130099
9788792130105
9788792130112
9788792130129
9788792130136
9788792130150
9788792130181
9788792130198
9788792130204
9788792130211
9788792130242
9788792130266
9788792130273
9788792130280
9788792130297
9788792130303
9788792130310
9788792130327
9788792130341
9788792130358
9788792130365
9788792130372
9788792130389
9788792130402
9788792130419
9788792130426
9788792130457
9788792130464
9788792130488
9788792130495
9788792130518
9788792130525
9788792130532
9788792130549
9788792130556
9788792130563
9788792214089
9788792252173
9788792295002
9788792295019
9788792295026
9788792295033
9788792295040
9788792295057
9788792295088
9788792329004
9788792329028
9788792329042
9788792329066
9788792329080
9788792329103
9788792329110
9788792329127
9788792329141
9788792329165
9788792329189
9788792329202
9788792329226
9788792329233
9788792329240
9788792329264
9788792329271
9788792329288
9788792329295
9788792329301
9788792329318
9788792329325
9788792329332
9788792329349
9788792329363
9788792329370
9788792329387
9788792329400
9788792329417
9788792329424
9788792329431
9788792329448
9788792329455
9788792329462
9788792329486
9788792329493
9788792329509
9788792329523
9788792329547
9788792329554
9788792329561
9788792329578
9788792329592
9788792329639
9788792329653
9788792329691
9788792329707
9788792329714
9788792329721
9788792329738
9788792329745
9788792329752
9788792329769
9788792329783
9788792329790
9788792329806
9788792329837
9788792329851
9788792416162
9788792459237
9788792549006
9788792549075
9788792549082
9788792549099
9788792549358
9788792549464
9788792549471
9788792549495
9788792549563
9788792549648
9788792549679
9788792549709
9788792549747
9788792625762
9788792632012
9788792632029
9788792632043
9788792632050
9788792632074
9788792632135
9788792632142
9788792632180
9788792632258
9788792632265
9788792632289
9788792632296
9788792632340
9788792632364
9788792632395
9788792632401
9788792632418
9788792632456
9788792632463
9788792632487
9788792632593
9788792632609
9788792632616
9788792632623
9788792632654
9788792632678
9788792632692
9788792632715
9788792632739
9788792632746
9788792632753
9788792632760
9788792632777
9788792632784
9788792632791
9788792632807
9788792632814
9788792632821
9788792633002
9788792633019
9788792633026
9788792633033
9788792633040
9788792633057
9788792633064
9788792633071
9788792633088
9788792633095
9788792633101
9788792633118
9788792633125
9788792633132
9788792633149
9788792633156
9788792633163
9788792633187
9788792633194
9788792633217
9788792633224
9788792633231
9788792633248
9788792633255
9788792633262
9788792633279
9788792633286
9788792633330
9788792633354
9788792633361
9788792633378
9788792633422
9788792693525
9788792693532
9788792693709
9788792693730
9788792722003
9788792735102
9788792735133
9788792786333
9788792786524
9788792786548
9788792786692
9788792786722
9788792877000
9788792877062
9788792877161
9788792877178
9788792877222
9788792877246
9788792877284
9788792877345
9788792877437
9788792877529
9788792877574
9788792877598
9788792877666
9788792877680
9788792877710
9788792877727
9788792899156
9788792945006
9788792945013
9788792945020
9788792945037
9788792945044
9788792964021
9788792964052
9788792964076
9788792964090
9788792964113
9788792964120
9788792978028
9788792980267
9788792980298
9788792980328
9788792982025
9788792982056
9788792982063
9788792982087
9788792982094
9788792982100
9788792982117
9788792982124
9788792982148
9788792982209
9788792982346
9788792982353
9788792982384
9788792982391
9788792982407
9788792982414
9788792982445
9788792982452
9788792982483
9788792982490
9788792982551
9788792982575
9788792982582
9788792982599
9788792982612
9788792982636
9788792982667
9788792982698
9788792982704
9788792982711
9788792982728
9788792982735
9788792982858
9788792982971
9788793015135
9788793084001
9788793084018
9788793084148
9788793084155
9788793084162
9788793084186
9788793084193
9788793084209
9788793084216
9788793084223
9788793084230
9788793084247
9788793084254
9788793084261
9788793084278
9788793084285
9788793084292
9788793102002
9788793102187
9788793102231
9788793102385
9788793102392
9788793102408
9788793102446
9788793102477
9788793102552
9788793102606
9788793102637
9788793102668
9788793102675
9788793102682
9788793102699
9788793102705
9788793102736
9788793102750
9788793102798
9788793102804
9788793102842
9788793102866
9788793102903
9788793102927
9788793102934
9788793102941
9788793102965
9788793102972
9788793102989
9788793116160
9788793119048
9788793119130
9788793119154
9788793119161
9788793119178
9788793119185
9788793119192
9788793119260
9788793119277
9788793119284
9788793119291
9788793197558
9788793229549
9788793237032
9788793237056
9788793237070
9788793237094
9788793237124
9788793237131
9788793237179
9788793237209
9788793237216
9788793237261
9788793237438
9788793237537
9788793237582
9788793237599
9788793237629
9788793237650
9788793237667
9788793237674
9788793237919
9788793237926
9788793237964
9788793237995
9788793239005
9788793239029
9788793239111
9788793297005
9788793297029
9788793297043
9788793297067
9788793297081
9788793297104
9788793297142
9788793297166
9788793297296
9788793297302
9788793297333
9788793297357
9788793379008
9788793379015
9788793379022
9788793379046
9788793379077
9788793379084
9788793379121
9788793379152
9788793379176
9788793379190
9788793379237
9788793379251
9788793379275
9788793379299
9788793379312
9788793379336
9788793379367
9788793379381
9788793379404
9788793379411
9788793379428
9788793379442
9788793379466
9788793379480
9788793379503
9788793379527
9788793379572
9788793379602
9788793379626
9788793379664
9788793379688
9788793379718
9788793379725
9788793379732
9788793379770
9788793379794
9788793379817
9788793379831
9788793379855
9788793379879
9788793379893
9788793379930
9788793379954
9788793379985
9788793385009
9788793385016
9788793385023
9788793385030
9788793385054
9788793385078
9788793385085
9788793385092
9788793385108
9788793385115
9788793385122
9788793385139
9788793385146
9788793385153
9788793385160
9788793385177
9788793385184
9788793385214
9788793385221
9788793385238
9788793385245
9788793385269
9788793385276
9788793385283
9788793385290
9788793385306
9788793385313
9788793385320
9788793385337
9788793385344
9788793385351
9788793385368
9788793385375
9788793385382
9788793385399
9788793385405
9788793385412
9788793385429
9788793385436
9788793385443
9788793385450
9788793385467
9788793385474
9788793385481
9788793385498
9788793385511
9788793385528
9788793385535
9788793385542
9788793385559
9788793385566
9788793385573
9788793385580
9788793385597
9788793385603
9788793385610
9788793385627
9788793385634
9788793385641
9788793385658
9788793385665
9788793385672
9788793385689
9788793385696
9788793385702
9788793385719
9788793385726
9788793385733
9788793385740
9788793385757
9788793385764
9788793385771
9788793385788
9788793385795
9788793385801
9788793385818
9788793385825
9788793385849
9788793385856
9788793385863
9788793385870
9788793385887
9788793385894
9788793385917
9788793385924
9788793385931
9788793423008
9788793449008
9788793449015
9788793449022
9788793449039
9788793449046
9788793449053
9788793449060
9788793449077
9788793449084
9788793449091
9788793449107
9788793449121
9788793449138
9788793449145
9788793449152
9788793449169
9788793449183
9788793519039
9788793519060
9788793519084
9788793519107
9788793519220
9788793519244
9788793519251
9788798097471
9788798097495
9788798154990
9788798316909
9788798342427
9788798342434
9788798342441
9788798342458
9788798342472
9788798342489
9788798362821
9788798362838
9788798467106
9788798508120
9788798535430
9788798611837
9788798611851
9788798616870
9788798759706
9788798844044
9788798869214
9788798907015
9788799059324
9788799063611
9788799063673
9788799069415
9788799069422
9788799069453
9788799069460
9788799071005
9788799096701
9788799101306
9788799101313
9788799101320
9788799101337
9788799101344
9788799101351
9788799101375
9788799101382
9788799101399
9788799136803
9788799176748
9788799205608
9788799205615
9788799214709
9788799214716
9788799214723
9788799214730
9788799214747
9788799214778
9788799214785
9788799214792
9788799245611
9788799245635
9788799245642
9788799245666
9788799245673
9788799245680
9788799245697
9788799252404
9788799252411
9788799268900
9788799287024
9788799297801
9788799315109
9788799315116
9788799315123
9788799335206
9788799365128
9788799365180
9788799368006
9788799368013
9788799386918
9788799391240
9788799393602
9788799399048
9788799418916
9788799418923
9788799447510
9788799494903
9788799499441
9788799505432
9788799506217
9788799506309
9788799506316
9788799506323
9788799506330
9788799506347
9788799510108
9788799520800
9788799520817
9788799520831
9788799520848
9788799520855
9788799520862
9788799525904
9788799540150
9788799540174
9788799543533
9788799548026
9788799553600
9788799556816
9788799556861
9788799557929
9788799563517
9788799567201
9788799572403
9788799572489
9788799575039
9788799579907
9788799579969
9788799579990
9788799602209
9788799602216
9788799602223
9788799609321
9788799618507
9788799633135
9788799633142
9788799635306
9788799636112
9788799644834
9788799644865
9788799649617
9788799649679
9788799655601
9788799656707
9788799658404
9788799661107
9788799661114
9788799662906
9788799682560
9788799691722
9788799720491
9788799728305
9788799728312
9788799737901
9788799737918
9788799737925
9788799737949
9788799737963
9788799750092
9788799750306
9788799760206
9788799760404
9788799771219
9788799771226
9788799786503
9788799796908
9788799803804
9788799808182
9788799837502
9788799837519
9788799837526
9788799837533
9788799837540
9788799837557
9788799837564
9788799837571
9788799837588
9788799837595
9788799839902
9788799839926
9788799839940
9788799843008
9788799852635
9788799854202
9788799857203
9788799883523
9788799883530
9788799884711
9788799884735
9788799884759
9788799885602
9788799890514
9788799892105
9788799905607
9788799933501
9788799956807
9788804453277
9788804505600
9788804534099
9788811669012
9788813450021
9788814032141
9788814032158
9788816603998
9788817077347
9788818161458
9788820740979
9788820968885
9788820974275
9788820979010
9788820979591
9788820979614
9788821571589
9788822853356
9788822875259
9788824803441
9788824803519
9788824803533
9788824805360
9788827591024
9788831705899
9788831706490
9788831706506
9788831706513
9788831706520
9788831708210
9788831708227
9788831711999
9788831712606
9788831712798
9788831713146
9788831713160
9788831713375
9788831713382
9788831713665
9788831714358
9788831714365
9788831714709
9788831714860
9788831715003
9788831715010
9788831715027
9788831715034
9788831715041
9788831716352
9788831716369
9788831716376
9788831716413
9788831716420
9788831716437
9788831716444
9788831716451
9788831716468
9788831716475
9788831717571
9788831718691
9788831719186
9788831719193
9788831719216
9788831719223
9788831719230
9788831719704
9788831719827
9788831720199
9788831720502
9788831720717
9788831720724
9788831720731
9788831720748
9788831720755
9788831721066
9788831721219
9788831721288
9788831721929
9788831721936
9788831721943
9788831721967
9788831722308
9788831722810
9788831723046
9788831723756
9788831723770
9788831723787
9788831723794
9788831723800
9788831723817
9788831723824
9788831724845
9788831724944
9788831725477
9788831726115
9788831793995
9788831794473
9788831795258
9788831796170
9788831796460
9788831796903
9788831796965
9788831798112
9788831798129
9788831799683
9788831799737
9788834317969
9788834901601
9788836611706
9788836615360
9788836616206
9788836616336
9788836616589
9788836616657
9788836616978
9788836617166
9788836617234
9788836617371
9788836617777
9788836617999
9788836618149
9788836618156
9788836618200
9788836618712
9788836618873
9788836619221
9788836619498
9788836619924
9788836620005
9788836620029
9788836620449
9788836620517
9788836620548
9788836620944
9788836621019
9788836621170
9788836621415
9788836621644
9788836621712
9788836621729
9788836621743
9788836621903
9788836621927
9788836622108
9788836622351
9788836622498
9788836622511
9788836622856
9788836622887
9788836623259
9788836623266
9788836623433
9788836623570
9788836623686
9788836623693
9788836623709
9788836624010
9788836624140
9788836624324
9788836624478
9788836624546
9788836624638
9788836624751
9788836624911
9788836625062
9788836625086
9788836625222
9788836625406
9788836625680
9788836625871
9788836625963
9788836625970
9788836626267
9788836626274
9788836626564
9788836626748
9788836626762
9788836626878
9788836626922
9788836626991
9788836627059
9788836627202
9788836627509
9788836627820
9788836627936
9788836627981
9788836627998
9788836628117
9788836628162
9788836628292
9788836628308
9788836628315
9788836628698
9788836628742
9788836628759
9788836629190
9788836629237
9788836629350
9788836629640
9788836630059
9788836630561
9788836630608
9788836630844
9788836630868
9788836630882
9788836631216
9788836631315
9788836632442
9788836632459
9788836632619
9788836632978
9788836633180
9788836633203
9788836633548
9788836633579
9788836633623
9788836633708
9788836633753
9788836633876
9788836633883
9788836634354
9788836634415
9788836634811
9788836634835
9788836635078
9788837062057
9788837062866
9788837069193
9788837074142
9788837077365
9788837079642
9788842206248
9788842210467
9788842212980
9788842213109
9788842213642
9788842213956
9788842214335
9788842214403
9788842216957
9788845027741
9788846720948
9788847000018
9788847000049
9788847000063
9788847000070
9788847000087
9788847000094
9788847000100
9788847000117
9788847000124
9788847000148
9788847000155
9788847000162
9788847000179
9788847000186
9788847000193
9788847000230
9788847000261
9788847000278
9788847000285
9788847000308
9788847000322
9788847000339
9788847000346
9788847000353
9788847000360
9788847000377
9788847000384
9788847000391
9788847000407
9788847000414
9788847000421
9788847000438
9788847000445
9788847000452
9788847000469
9788847000476
9788847000483
9788847000490
9788847000513
9788847000520
9788847000537
9788847000544
9788847000568
9788847000575
9788847000582
9788847000599
9788847000605
9788847000612
9788847000629
9788847000636
9788847000643
9788847000650
9788847000667
9788847000674
9788847000681
9788847000698
9788847000711
9788847000728
9788847000742
9788847000773
9788847000780
9788847000797
9788847000810
9788847000834
9788847000841
9788847000858
9788847000865
9788847000933
9788847000957
9788847000964
9788847000971
9788847000988
9788847000995
9788847001008
9788847001022
9788847001046
9788847001053
9788847001060
9788847001077
9788847001084
9788847001091
9788847001107
9788847001114
9788847001138
9788847001145
9788847001169
9788847001190
9788847001206
9788847001213
9788847001220
9788847001237
9788847001244
9788847001268
9788847001275
9788847001282
9788847001305
9788847001312
9788847001343
9788847001350
9788847001367
9788847001374
9788847001381
9788847001398
9788847001404
9788847001411
9788847001435
9788847001466
9788847001473
9788847001503
9788847001510
9788847001527
9788847001534
9788847001541
9788847001558
9788847001565
9788847001596
9788847001602
9788847001619
9788847001626
9788847001640
9788847001657
9788847001664
9788847001695
9788847001701
9788847001718
9788847001749
9788847001756
9788847001763
9788847001770
9788847001787
9788847001794
9788847001800
9788847001824
9788847001831
9788847001855
9788847001862
9788847001879
9788847001893
9788847001923
9788847001930
9788847001947
9788847001954
9788847001961
9788847001985
9788847001992
9788847002005
9788847002029
9788847002036
9788847002081
9788847002104
9788847002111
9788847002128
9788847002135
9788847002142
9788847002159
9788847002173
9788847002180
9788847002203
9788847002210
9788847002234
9788847002241
9788847002258
9788847002265
9788847002289
9788847002302
9788847002319
9788847002326
9788847002333
9788847002340
9788847002357
9788847002364
9788847002395
9788847002425
9788847002432
9788847002456
9788847002470
9788847002487
9788847002500
9788847002517
9788847002524
9788847002548
9788847002555
9788847002579
9788847002586
9788847002593
9788847002609
9788847002661
9788847002678
9788847002692
9788847002708
9788847002715
9788847002722
9788847002746
9788847002753
9788847002777
9788847002784
9788847002791
9788847002807
9788847002845
9788847002852
9788847002883
9788847002890
9788847002906
9788847002913
9788847002920
9788847002937
9788847002951
9788847002975
9788847002999
9788847003026
9788847003033
9788847003040
9788847003057
9788847003064
9788847003071
9788847003088
9788847003095
9788847003118
9788847003132
9788847003149
9788847003170
9788847003187
9788847003194
9788847003200
9788847003224
9788847003262
9788847003279
9788847003286
9788847003293
9788847003309
9788847003316
9788847003347
9788847003361
9788847003378
9788847003408
9788847003422
9788847003460
9788847003491
9788847003668
9788847003705
9788847003736
9788847003774
9788847003859
9788847003873
9788847003880
9788847003903
9788847003941
9788847004023
9788847004047
9788847004061
9788847004085
9788847004122
9788847004153
9788847004160
9788847004184
9788847004207
9788847004245
9788847004290
9788847004337
9788847004351
9788847004399
9788847004467
9788847004498
9788847004528
9788847004559
9788847004573
9788847004627
9788847004641
9788847004665
9788847004702
9788847004719
9788847004757
9788847004788
9788847004801
9788847004832
9788847004856
9788847004870
9788847004894
9788847004917
9788847004931
9788847004955
9788847004979
9788847005013
9788847005037
9788847005105
9788847005143
9788847005235
9788847005273
9788847005297
9788847005310
9788847005334
9788847005358
9788847005419
9788847005433
9788847005471
9788847005532
9788847005570
9788847005594
9788847005624
9788847005648
9788847005709
9788847005723
9788847005747
9788847005761
9788847005792
9788847005815
9788847005839
9788847005860
9788847005891
9788847005921
9788847005969
9788847006003
9788847006027
9788847006102
9788847006126
9788847006164
9788847006188
9788847006225
9788847006249
9788847006287
9788847006300
9788847006324
9788847006379
9788847006393
9788847006416
9788847006430
9788847006485
9788847006508
9788847006522
9788847006546
9788847006560
9788847006584
9788847006621
9788847006645
9788847006669
9788847006683
9788847006713
9788847006737
9788847006751
9788847006775
9788847006799
9788847006812
9788847006836
9788847006850
9788847006874
9788847006911
9788847006959
9788847006973
9788847007017
9788847007031
9788847007055
9788847007079
9788847007093
9788847007116
9788847007154
9788847007178
9788847007192
9788847007215
9788847007284
9788847007307
9788847007314
9788847007338
9788847007352
9788847007369
9788847007406
9788847007444
9788847007468
9788847007482
9788847007512
9788847007536
9788847007581
9788847007604
9788847007628
9788847007642
9788847007666
9788847007680
9788847007703
9788847007727
9788847007789
9788847007833
9788847007857
9788847007871
9788847007918
9788847007932
9788847007956
9788847007970
9788847007987
9788847008007
9788847008069
9788847008083
9788847008106
9788847008144
9788847008168
9788847008199
9788847008212
9788847008250
9788847008274
9788847008298
9788847008311
9788847008335
9788847008359
9788847008458
9788847008472
9788847008533
9788847008557
9788847008571
9788847008595
9788847008601
9788847008656
9788847008687
9788847008755
9788847010598
9788847010611
9788847010680
9788847010734
9788847010758
9788847010772
9788847010789
9788847010802
9788847010826
9788847010840
9788847010888
9788847010901
9788847010925
9788847010949
9788847010970
9788847010987
9788847011038
9788847011076
9788847011106
9788847011151
9788847011175
9788847011199
9788847011212
9788847011236
9788847011250
9788847011281
9788847011328
9788847011427
9788847011519
9788847011533
9788847011588
9788847011601
9788847011625
9788847011663
9788847011748
9788847011793
9788847011823
9788847011847
9788847011861
9788847011946
9788847011977
9788847013438
9788847013506
9788847013520
9788847013544
9788847013568
9788847013582
9788847013605
9788847013636
9788847013711
9788847013735
9788847013773
9788847013810
9788847013858
9788847013872
9788847013988
9788847014015
9788847014046
9788847014077
9788847014114
9788847014145
9788847014176
9788847014206
9788847014237
9788847014299
9788847014329
9788847014350
9788847014381
9788847014411
9788847014442
9788847014473
9788847014503
9788847014534
9788847014565
9788847014596
9788847014626
9788847014657
9788847014688
9788847014718
9788847014749
9788847014770
9788847014800
9788847014831
9788847014862
9788847014893
9788847014930
9788847014978
9788847015005
9788847015050
9788847015098
9788847015111
9788847015135
9788847015173
9788847015203
9788847015227
9788847015265
9788847015326
9788847015340
9788847015371
9788847015395
9788847015470
9788847015517
9788847015524
9788847015531
9788847015548
9788847015555
9788847015562
9788847015586
9788847015593
9788847015609
9788847015616
9788847015623
9788847015630
9788847015647
9788847015654
9788847015661
9788847015678
9788847015685
9788847015692
9788847015708
9788847015746
9788847015807
9788847015838
9788847015869
9788847015890
9788847015937
9788847015968
9788847016002
9788847016040
9788847016132
9788847016156
9788847016200
9788847016248
9788847016262
9788847016309
9788847016330
9788847016361
9788847016422
9788847016453
9788847016514
9788847016545
9788847016576
9788847016606
9788847016637
9788847016668
9788847016699
9788847016729
9788847016750
9788847016781
9788847016811
9788847016842
9788847016873
9788847016903
9788847016934
9788847016996
9788847017016
9788847017047
9788847017078
9788847017108
9788847017139
9788847017160
9788847017191
9788847017221
9788847017252
9788847017313
9788847017344
9788847017375
9788847017405
9788847017436
9788847017467
9788847017498
9788847017580
9788847017610
9788847017658
9788847017719
9788847017771
9788847017801
9788847017832
9788847017870
9788847017900
9788847017931
9788847017993
9788847018020
9788847018051
9788847018082
9788847018143
9788847018174
9788847018204
9788847018235
9788847018266
9788847018297
9788847018327
9788847018358
9788847018389
9788847018419
9788847018440
9788847018471
9788847018501
9788847018532
9788847018563
9788847018594
9788847018624
9788847018655
9788847018686
9788847018716
9788847018747
9788847018778
9788847018808
9788847018839
9788847018860
9788847018891
9788847018921
9788847018983
9788847019010
9788847019041
9788847019072
9788847019133
9788847019164
9788847019195
9788847019225
9788847019256
9788847019287
9788847019317
9788847019348
9788847019379
9788847019409
9788847019430
9788847019461
9788847019522
9788847019553
9788847019584
9788847019614
9788847019645
9788847019676
9788847019706
9788847019737
9788847019768
9788847019799
9788847019829
9788847019850
9788847019881
9788847019911
9788847019942
9788847019973
9788847020030
9788847020061
9788847020092
9788847020108
9788847020139
9788847020160
9788847020221
9788847020252
9788847020283
9788847020313
9788847020344
9788847020375
9788847020405
9788847020436
9788847020467
9788847020528
9788847020559
9788847020580
9788847020610
9788847020641
9788847020672
9788847020702
9788847020733
9788847020764
9788847020795
9788847020825
9788847021594
9788847021600
9788847021617
9788847021624
9788847021631
9788847021648
9788847021655
9788847021679
9788847021693
9788847021709
9788847021716
9788847021723
9788847021730
9788847021747
9788847021754
9788847021761
9788847021778
9788847021785
9788847021792
9788847021808
9788847021815
9788847021822
9788847021853
9788847021884
9788847021938
9788847022003
9788847022072
9788847022126
9788847022195
9788847022225
9788847022331
9788847022362
9788847022393
9788847022522
9788847022577
9788847022621
9788847022652
9788847022683
9788847022775
9788847022904
9788847022959
9788847023024
9788847023055
9788847023086
9788847023116
9788847023147
9788847023178
9788847023208
9788847023239
9788847023260
9788847023291
9788847023321
9788847023352
9788847023383
9788847023413
9788847023444
9788847023475
9788847023482
9788847023512
9788847023543
9788847023574
9788847023604
9788847023635
9788847023697
9788847023727
9788847023758
9788847023789
9788847023819
9788847023840
9788847023901
9788847023932
9788847023963
9788847023994
9788847024021
9788847024052
9788847024083
9788847024113
9788847024144
9788847024175
9788847024205
9788847024236
9788847024267
9788847024298
9788847024328
9788847024359
9788847024380
9788847024410
9788847024441
9788847024472
9788847024502
9788847024533
9788847024564
9788847024595
9788847024625
9788847024656
9788847024687
9788847024717
9788847024748
9788847024779
9788847024809
9788847024830
9788847024861
9788847024892
9788847024946
9788847024977
9788847025035
9788847025066
9788847025097
9788847025127
9788847025158
9788847025165
9788847025172
9788847025189
9788847025196
9788847025202
9788847025219
9788847025240
9788847025271
9788847025301
9788847025332
9788847025370
9788847025400
9788847025431
9788847025462
9788847025493
9788847025523
9788847025554
9788847025615
9788847025646
9788847025677
9788847025707
9788847025738
9788847025769
9788847025790
9788847025820
9788847025851
9788847025882
9788847025912
9788847025943
9788847025974
9788847026001
9788847026032
9788847026063
9788847026094
9788847026124
9788847026155
9788847026186
9788847026216
9788847026247
9788847026278
9788847026308
9788847026339
9788847026360
9788847026391
9788847026421
9788847026452
9788847026483
9788847026513
9788847026544
9788847026575
9788847026605
9788847026636
9788847026698
9788847026728
9788847026759
9788847026780
9788847026810
9788847026841
9788847026872
9788847026902
9788847026933
9788847026964
9788847027022
9788847027053
9788847027084
9788847027114
9788847027145
9788847027176
9788847027206
9788847027237
9788847027268
9788847027299
9788847027329
9788847027350
9788847027381
9788847027411
9788847027442
9788847027473
9788847027503
9788847027534
9788847027565
9788847027596
9788847027626
9788847027657
9788847027688
9788847027718
9788847027749
9788847027770
9788847027800
9788847027831
9788847027862
9788847027893
9788847027923
9788847027954
9788847027985
9788847028012
9788847028043
9788847028074
9788847028104
9788847028135
9788847028166
9788847028227
9788847028258
9788847028289
9788847028319
9788847028340
9788847028371
9788847028401
9788847028432
9788847028463
9788847028494
9788847028524
9788847028555
9788847028586
9788847028616
9788847028647
9788847028678
9788847028708
9788847028760
9788847028791
9788847028821
9788847028852
9788847028883
9788847028913
9788847028975
9788847029071
9788847029101
9788847029255
9788847029309
9788847039049
9788847039056
9788847039063
9788847039117
9788847039124
9788847039148
9788847039155
9788847039162
9788847039179
9788847039186
9788847039209
9788847039223
9788847039230
9788847039254
9788847039261
9788847039315
9788847039339
9788847039346
9788847039353
9788847039377
9788847039384
9788847039391
9788847039407
9788847039414
9788847039438
9788847039469
9788847039490
9788847039520
9788847052017
9788847052048
9788847052079
9788847052109
9788847052130
9788847052161
9788847052192
9788847052222
9788847052253
9788847052284
9788847052314
9788847052345
9788847052376
9788847052406
9788847052437
9788847052468
9788847052529
9788847052567
9788847052598
9788847052628
9788847052673
9788847052703
9788847052734
9788847052765
9788847052796
9788847052826
9788847052857
9788847052888
9788847052918
9788847052949
9788847052970
9788847053007
9788847053038
9788847053069
9788847053090
9788847053120
9788847053151
9788847053182
9788847053212
9788847053243
9788847053274
9788847053304
9788847053335
9788847053366
9788847053397
9788847053458
9788847053489
9788847053519
9788847053540
9788847053571
9788847053601
9788847053632
9788847053663
9788847053694
9788847053724
9788847053755
9788847053786
9788847053816
9788847053847
9788847053878
9788847053908
9788847053939
9788847053991
9788847054028
9788847054059
9788847054080
9788847054110
9788847054141
9788847054172
9788847054202
9788847054233
9788847054264
9788847054301
9788847054349
9788847054370
9788847054400
9788847054462
9788847054493
9788847054523
9788847054554
9788847054585
9788847054615
9788847054646
9788847054677
9788847054684
9788847054738
9788847054769
9788847054790
9788847054820
9788847054851
9788847054882
9788847054912
9788847054943
9788847055001
9788847055032
9788847055063
9788847055094
9788847055124
9788847055155
9788847055186
9788847055216
9788847055254
9788847055285
9788847055315
9788847055346
9788847055377
9788847055407
9788847055445
9788847055469
9788847055476
9788847055490
9788847055551
9788847055575
9788847055599
9788847055605
9788847055612
9788847055629
9788847055636
9788847055643
9788847055650
9788847055667
9788847055674
9788847055681
9788847055698
9788847055704
9788847055711
9788847055735
9788847055742
9788847055759
9788847055766
9788847055773
9788847055780
9788847055797
9788847055803
9788847055810
9788847055834
9788847055841
9788847055858
9788847055865
9788847055889
9788847055896
9788847055902
9788847055926
9788847055933
9788847055940
9788847055957
9788847055964
9788847055971
9788847055988
9788847055995
9788847056008
9788847056015
9788847056039
9788847056046
9788847056053
9788847056077
9788847056084
9788847056091
9788847056107
9788847056114
9788847056121
9788847056138
9788847056176
9788847056183
9788847056190
9788847056206
9788847056237
9788847056244
9788847056251
9788847056275
9788847056282
9788847056299
9788847056305
9788847056312
9788847056329
9788847056336
9788847056343
9788847056367
9788847056381
9788847056398
9788847056435
9788847056466
9788847056527
9788847056558
9788847056589
9788847056619
9788847056640
9788847056671
9788847056701
9788847056725
9788847056770
9788847056800
9788847056831
9788847056862
9788847056893
9788847056923
9788847056954
9788847056985
9788847057043
9788847057074
9788847057104
9788847057135
9788847057166
9788847057197
9788847057227
9788847057289
9788847057319
9788847057340
9788847057371
9788847057401
9788847057432
9788847057487
9788847057517
9788847057548
9788847057579
9788847057609
9788847057630
9788847057661
9788847057692
9788847057722
9788847057753
9788847057784
9788847057807
9788847057838
9788847057869
9788847057890
9788847057906
9788847058064
9788847058071
9788847058118
9788847058125
9788847058163
9788847058170
9788847058217
9788847058231
9788847058248
9788847058279
9788847058316
9788847058323
9788847058330
9788847058361
9788847058378
9788847058408
9788847058415
9788847058422
9788847058439
9788847058446
9788847058453
9788847058460
9788847058477
9788847058491
9788847058514
9788847058521
9788847058538
9788847058545
9788847058552
9788847058569
9788847058576
9788847058583
9788847058590
9788847058606
9788847058613
9788847058620
9788847058637
9788847058644
9788847058651
9788847058668
9788847058675
9788847058682
9788847058699
9788847058705
9788847058712
9788847058729
9788847058736
9788847058743
9788847058750
9788847058767
9788847058774
9788847058781
9788847058798
9788847058804
9788847058828
9788847058835
9788849216059
9788849220261
9788850706396
9788850709922
9788853000040
9788853000071
9788853000156
9788853000255
9788853000293
9788853000330
9788853000446
9788853000521
9788853000538
9788853000552
9788853000576
9788853000590
9788853000606
9788853000620
9788853000644
9788853000668
9788853000705
9788853000729
9788853000767
9788853000804
9788853000828
9788853000842
9788853000880
9788853000903
9788853001030
9788853001078
9788853001092
9788853001160
9788853001177
9788853001191
9788853001214
9788853001238
9788853001290
9788853001313
9788853001337
9788853001382
9788853001405
9788853001429
9788853001481
9788853001504
9788853001542
9788853001566
9788853001580
9788853001603
9788853001627
9788853001641
9788853001702
9788853001740
9788853001764
9788853001801
9788853002136
9788853002150
9788853002198
9788853002259
9788853002310
9788853002334
9788853002419
9788853002501
9788853002716
9788853002853
9788853002860
9788853002884
9788853002914
9788853002952
9788853002976
9788853002983
9788853003003
9788853003034
9788853003065
9788853003089
9788853003119
9788853003157
9788853003171
9788853003201
9788853003249
9788853003263
9788853003270
9788853003294
9788853003317
9788853003331
9788853003348
9788853003355
9788853003393
9788853003423
9788853003546
9788853003669
9788853003799
9788853003867
9788853003874
9788853003904
9788853003928
9788853003935
9788853003966
9788853003973
9788853004017
9788853004055
9788853004079
9788853004130
9788853004185
9788853004239
9788853004253
9788853004314
9788853004321
9788853004345
9788853004482
9788853004499
9788853004512
9788853004550
9788853004581
9788853004598
9788853004642
9788853004673
9788853004680
9788853004697
9788853004703
9788853004710
9788853004734
9788853004758
9788853004796
9788853004802
9788853004833
9788853004857
9788853004895
9788853004932
9788853004949
9788853004956
9788853004970
9788853004994
9788853005069
9788853005076
9788853005083
9788853005106
9788853005113
9788853005137
9788853005175
9788853005199
9788853005342
9788853005359
9788853005373
9788853005403
9788853005427
9788853005441
9788853005465
9788853005489
9788853005502
9788853005526
9788853005540
9788853005564
9788853005588
9788853005687
9788853005748
9788853005762
9788853005823
9788853005908
9788853005922
9788853005946
9788853005977
9788853006004
9788853006011
9788853006042
9788853006059
9788853006073
9788853006127
9788853006141
9788853006172
9788853006189
9788853006202
9788853006219
9788853006226
9788853006240
9788853006264
9788853006271
9788853006288
9788853006301
9788853006325
9788853006332
9788853006349
9788853006363
9788853006387
9788853006400
9788853006424
9788853006448
9788853006455
9788853006462
9788853006530
9788853006547
9788853006592
9788853006608
9788853006738
9788853006745
9788853006752
9788853006769
9788853006776
9788853006783
9788853006790
9788853006806
9788853006813
9788853006837
9788853006868
9788853006899
9788853006936
9788853006950
9788853006967
9788853006974
9788853006998
9788853007018
9788853007056
9788853007070
9788853007087
9788853007094
9788853007100
9788853007117
9788853007131
9788853007155
9788853007162
9788853007247
9788853007261
9788853007285
9788853007308
9788853007322
9788853007544
9788853007551
9788853007568
9788853007575
9788853007582
9788853007599
9788853007612
9788853007636
9788853007650
9788853007667
9788853007681
9788853007704
9788853007728
9788853007742
9788853007766
9788853007803
9788853007827
9788853007889
9788853007896
9788853007919
9788853007957
9788853007971
9788853007995
9788853008015
9788853008039
9788853008053
9788853008077
9788853008114
9788853008121
9788853008138
9788853008145
9788853008169
9788853008183
9788853008244
9788853008275
9788853008299
9788853008305
9788853008329
9788853008350
9788853008374
9788853008398
9788853008411
9788853008435
9788853008459
9788853008473
9788853008497
9788853008510
9788853008527
9788853008541
9788853008558
9788853008572
9788853008589
9788853008596
9788853008619
9788853008640
9788853008664
9788853008701
9788853008725
9788853008879
9788853008954
9788853008978
9788853008992
9788853009036
9788853009050
9788853009074
9788853009098
9788853009135
9788853009159
9788853009166
9788853009180
9788853009197
9788853009203
9788853009234
9788853009241
9788853009265
9788853009289
9788853009302
9788853009319
9788853009340
9788853009364
9788853009388
9788853009470
9788853009487
9788853009500
9788853009524
9788853009548
9788853009562
9788853009586
9788853009609
9788853009623
9788853009630
9788853009708
9788853009746
9788853009760
9788853009784
9788853009791
9788853009807
9788853009814
9788853009821
9788853009838
9788853009845
9788853009869
9788853009876
9788853009883
9788853009906
9788853009920
9788853009944
9788853009968
9788853009982
9788853010001
9788853010117
9788853010131
9788853010148
9788853010155
9788853010162
9788853010186
9788853010193
9788853010209
9788853010216
9788853010223
9788853010247
9788853010261
9788853010285
9788853010346
9788853010353
9788853010360
9788853010377
9788853010384
9788853010391
9788853010407
9788853010483
9788853010490
9788853010506
9788853010513
9788853010537
9788853010827
9788853010834
9788853010841
9788853010858
9788853010865
9788853010889
9788853010896
9788853010902
9788853010919
9788853010926
9788853010933
9788853010940
9788853010957
9788853010964
9788853010971
9788853010988
9788853010995
9788853011015
9788853011022
9788853011039
9788853011046
9788853011060
9788853011084
9788853011091
9788853011138
9788853011220
9788853011244
9788853011251
9788853011268
9788853011275
9788853011305
9788853608659
9788854000209
9788854400511
9788854400818
9788854400849
9788854401105
9788854401150
9788854401976
9788854401990
9788854402003
9788854402157
9788854403154
9788854404021
9788854404182
9788854404519
9788854404878
9788854405578
9788854405868
9788854405875
9788854406124
9788854406131
9788854406278
9788854406452
9788854406506
9788854406575
9788854406636
9788854406643
9788854406667
9788854406674
9788854406704
9788854406711
9788854406964
9788854407046
9788854407053
9788854407183
9788854407251
9788854407268
9788854407275
9788854407558
9788854407572
9788854407589
9788854407596
9788854407602
9788854407619
9788854407657
9788854407718
9788854407725
9788854407749
9788854407909
9788854407916
9788854407947
9788854408098
9788854408104
9788854408111
9788854408173
9788854408197
9788854408210
9788854408241
9788854408258
9788854408432
9788854408449
9788854408456
9788854408470
9788854408487
9788854408494
9788854408531
9788854408548
9788854408555
9788854408692
9788854408777
9788854408821
9788854408913
9788854408920
9788854408975
9788854409019
9788854409101
9788854409163
9788854409217
9788854409224
9788854409248
9788854409279
9788854409286
9788854409316
9788854409323
9788854409361
9788854409385
9788854409446
9788854409453
9788854409507
9788854409514
9788854409521
9788854409538
9788854409552
9788854409576
9788854409606
9788854409613
9788854409637
9788854409644
9788854409651
9788854409668
9788854409675
9788854409682
9788854409699
9788854409705
9788854409712
9788854409729
9788854409736
9788854409743
9788854409811
9788854409828
9788854409873
9788854410145
9788854410152
9788854410169
9788854410176
9788854410190
9788854410206
9788854410213
9788854410220
9788854410237
9788854410244
9788854410268
9788854410275
9788854410329
9788854410336
9788854410374
9788854410398
9788854410404
9788854410411
9788854410473
9788854410596
9788854410602
9788854410619
9788854410626
9788854410633
9788854410657
9788854410671
9788854410688
9788854410695
9788854410701
9788854410718
9788854410725
9788854410732
9788854410749
9788854410756
9788854410800
9788854410879
9788854410923
9788854410930
9788854410947
9788854410954
9788854410978
9788854410985
9788854410992
9788854411005
9788854411012
9788854411029
9788854411074
9788854411081
9788854411098
9788854411104
9788854411111
9788855700962
9788856300116
9788856300123
9788856300130
9788856300147
9788856300185
9788856300208
9788856300239
9788856300307
9788856300314
9788856300321
9788856300352
9788856300390
9788856300451
9788856300529
9788856300574
9788856300581
9788856300604
9788856300611
9788856300628
9788856300635
9788856300673
9788856300697
9788856300703
9788856300727
9788856300765
9788856300796
9788856300826
9788856301069
9788856301090
9788856301199
9788856301229
9788856301243
9788856301441
9788856301496
9788856301533
9788856301540
9788856301595
9788856301694
9788856301816
9788856301823
9788856301892
9788856301946
9788856302080
9788856400113
9788856400120
9788856400137
9788856400144
9788856400151
9788856400168
9788856400175
9788856400182
9788856400236
9788856400311
9788856400335
9788856400359
9788856400366
9788856400373
9788856400397
9788856400410
9788856400441
9788856400458
9788856400465
9788856400472
9788856400489
9788856400526
9788856400595
9788856400649
9788856400656
9788856400663
9788856400700
9788856400748
9788856400809
9788856400854
9788856400885
9788856400915
9788856400922
9788856400946
9788856400960
9788856401011
9788856401028
9788856401042
9788856401059
9788856401066
9788856401073
9788856401080
9788856401110
9788856401141
9788856401158
9788856401165
9788856401172
9788856401219
9788856401318
9788856401363
9788856401394
9788856401400
9788856401417
9788856401431
9788856401448
9788856401479
9788856401493
9788856401509
9788856401523
9788856401554
9788856401561
9788856401585
9788856401639
9788856401646
9788856401660
9788856401677
9788856401691
9788856401707
9788856401721
9788856401745
9788856401752
9788856401769
9788856401776
9788856401783
9788856401806
9788856401844
9788856401851
9788856401912
9788856402216
9788856402254
9788856402278
9788856402292
9788856402322
9788856402346
9788856402384
9788856402421
9788856402438
9788856402483
9788856402506
9788856402537
9788856402568
9788856402643
9788856402650
9788856402667
9788856402681
9788856402704
9788856402711
9788856402889
9788856402926
9788856402957
9788856402964
9788856403022
9788856403060
9788856403107
9788856403114
9788856403145
9788856403152
9788856403183
9788856403220
9788856403268
9788856403275
9788856403305
9788856403336
9788856403343
9788856403374
9788856403404
9788856705461
9788857003467
9788857003924
9788857004754
9788857008745
9788857200231
9788857200484
9788857200507
9788857200514
9788857200569
9788857200590
9788857200675
9788857200880
9788857201283
9788857201757
9788857202563
9788857202587
9788857202648
9788857202938
9788857203140
9788857203188
9788857203232
9788857203287
9788857203690
9788857204192
9788857204420
9788857204581
9788857204611
9788857204635
9788857204659
9788857204703
9788857204710
9788857204727
9788857204734
9788857204826
9788857205809
9788857205939
9788857206288
9788857206318
9788857206417
9788857206431
9788857206455
9788857206462
9788857206479
9788857206486
9788857206844
9788857206882
9788857206967
9788857207032
9788857207216
9788857207223
9788857207230
9788857207315
9788857207810
9788857207827
9788857207834
9788857208114
9788857208145
9788857208169
9788857208176
9788857208305
9788857208343
9788857208527
9788857208602
9788857208626
9788857208633
9788857208695
9788857208701
9788857208855
9788857208879
9788857209654
9788857209661
9788857209746
9788857209753
9788857209807
9788857209814
9788857209821
9788857209845
9788857210322
9788857210407
9788857210544
9788857210612
9788857210629
9788857210636
9788857210643
9788857210711
9788857210759
9788857210766
9788857210773
9788857210797
9788857210971
9788857211022
9788857211053
9788857211176
9788857211282
9788857211312
9788857211336
9788857211565
9788857211572
9788857211640
9788857211688
9788857211732
9788857212012
9788857212418
9788857212449
9788857212463
9788857212494
9788857212579
9788857212593
9788857213026
9788857213316
9788857213330
9788857213521
9788857213637
9788857213736
9788857213798
9788857213866
9788857214061
9788857214078
9788857214085
9788857214092
9788857214146
9788857214184
9788857214214
9788857214290
9788857214542
9788857214566
9788857214603
9788857214641
9788857214788
9788857214801
9788857215068
9788857215082
9788857215136
9788857215259
9788857215297
9788857215679
9788857215938
9788857215990
9788857216331
9788857216973
9788857217383
9788857217529
9788857217741
9788857217802
9788857217871
9788857218458
9788857218465
9788857218724
9788857218762
9788857218892
9788857219066
9788857219103
9788857219288
9788857219448
9788857219455
9788857219547
9788857219561
9788857219646
9788857219653
9788857219677
9788857219691
9788857219738
9788857219820
9788857220239
9788857220291
9788857220307
9788857220321
9788857220529
9788857220833
9788857221021
9788857221106
9788857221243
9788857221403
9788857221793
9788857222226
9788857222233
9788857222240
9788857222257
9788857222264
9788857222288
9788857222295
9788857222349
9788857222387
9788857222417
9788857222431
9788857222448
9788857222479
9788857222493
9788857222516
9788857222615
9788857222646
9788857222783
9788857222950
9788857223001
9788857223025
9788857223247
9788857223698
9788857223803
9788857223957
9788857224121
9788857224145
9788857224176
9788857224282
9788857224398
9788857224510
9788857224749
9788857224756
9788857224763
9788857224794
9788857224800
9788857224824
9788857225029
9788857225425
9788857225432
9788857225760
9788857226064
9788857226194
9788857226231
9788857226316
9788857226651
9788857226668
9788857226729
9788857226828
9788857226835
9788857226842
9788857226873
9788857226880
9788857226897
9788857226927
9788857226941
9788857226958
9788857227481
9788857227580
9788857227597
9788857227610
9788857227702
9788857227740
9788857228242
9788857228549
9788857228563
9788857228600
9788857228662
9788857228679
9788857228693
9788857228747
9788857228792
9788857228808
9788857228877
9788857229409
9788857229829
9788857229836
9788857229843
9788857229867
9788857229874
9788857229881
9788857230061
9788857230085
9788857230108
9788857230153
9788857230276
9788857230283
9788857230320
9788857230573
9788857230603
9788857230672
9788857230832
9788857231105
9788857231150
9788857231266
9788857231310
9788857231440
9788857231518
9788857231525
9788857231532
9788857231754
9788857231761
9788857231778
9788857231785
9788857231808
9788857231815
9788857232034
9788857232164
9788857232218
9788857232294
9788857232386
9788857232393
9788857232430
9788857232447
9788857232508
9788857232713
9788857232775
9788857232843
9788857500263
9788857500997
9788857504278
9788857507613
9788857508023
9788857509396
9788857510781
9788857512433
9788857512556
9788857512778
9788857513393
9788857513751
9788857514376
9788857516271
9788857516349
9788857517421
9788857518633
9788857519838
9788857519951
9788857520704
9788857521824
9788857521855
9788857523552
9788857523576
9788857523590
9788857523613
9788857523774
9788857523866
9788857523903
9788857523910
9788857523934
9788857523958
9788857523965
9788857523989
9788857523996
9788857524009
9788857524023
9788857524184
9788857524993
9788857526584
9788857526591
9788857526607
9788857526652
9788857526669
9788857526676
9788857526683
9788857526706
9788857527123
9788857529233
9788859600015
9788859600046
9788859600053
9788859600060
9788859600152
9788859600183
9788859600213
9788859600336
9788859600480
9788859600497
9788859600527
9788859600534
9788859600572
9788859600602
9788859600664
9788859600671
9788859600688
9788859600695
9788859600787
9788859600831
9788859600862
9788859600930
9788859600947
9788859601012
9788859601111
9788859601128
9788859601135
9788859601197
9788859601241
9788859601470
9788859601647
9788859601685
9788859601739
9788859601845
9788859601876
9788859601890
9788859602002
9788859602019
9788859602040
9788859602064
9788859602071
9788859602088
9788859602125
9788859602149
9788859602156
9788859602163
9788859602200
9788859602279
9788859602309
9788859602361
9788859602385
9788859602392
9788859602422
9788859602460
9788859602583
9788859602606
9788859602699
9788859602743
9788859602767
9788859602774
9788859602804
9788859602835
9788859602927
9788859603009
9788859603016
9788859603115
9788859603238
9788859603320
9788859603337
9788859603405
9788859603412
9788859603436
9788859603474
9788859603528
9788859603535
9788859603542
9788859603559
9788859603573
9788859603634
9788859603689
9788859603696
9788859603733
9788859603795
9788859603801
9788859603818
9788859603832
9788859603863
9788859603900
9788859603948
9788859603955
9788859604006
9788859604020
9788859604099
9788859604105
9788859604167
9788859604266
9788859604297
9788859604303
9788859604310
9788859604358
9788859604372
9788859604389
9788859604396
9788859604402
9788859604419
9788859604426
9788859604433
9788859604464
9788859604495
9788859604525
9788859604549
9788859604587
9788859604594
9788859604631
9788859604655
9788859604709
9788859604747
9788859604808
9788859604839
9788859604846
9788859604884
9788859604891
9788859604907
9788859604921
9788859604969
9788859604983
9788859605041
9788859605096
9788859605102
9788859605126
9788859605133
9788859605140
9788859605188
9788859605201
9788859605232
9788859605256
9788859605263
9788859605294
9788859605317
9788859605355
9788859605393
9788859605423
9788859605492
9788859605508
9788859605515
9788859605539
9788859605546
9788859605591
9788859605645
9788859605652
9788859605690
9788859605720
9788859605812
9788859605881
9788859605898
9788859605911
9788859605935
9788859606017
9788859606031
9788859606048
9788859606055
9788859606079
9788859606086
9788859606109
9788859606147
9788859606178
9788859606185
9788859606192
9788859606246
9788859606253
9788859606260
9788859606277
9788859606284
9788859606291
9788859606307
9788859606345
9788859606352
9788859606369
9788859606406
9788859606437
9788859606475
9788859606512
9788859606536
9788859606567
9788859606574
9788859606581
9788859606604
9788859606611
9788859606635
9788859606642
9788859606673
9788859606680
9788859606697
9788859606703
9788859606741
9788859606758
9788859606772
9788859606789
9788859606796
9788859606819
9788859606826
9788859606864
9788859606871
9788859606918
9788859606925
9788859606932
9788859606949
9788859607045
9788859607083
9788859607113
9788859607137
9788859607182
9788859607205
9788859607236
9788859607243
9788859607267
9788859607274
9788859607298
9788859607359
9788859607373
9788859607380
9788859607397
9788859607403
9788859607427
9788859607458
9788859607465
9788859607489
9788859607496
9788859607502
9788859607519
9788859607540
9788859607564
9788859607588
9788859607595
9788859607601
9788859607625
9788859607687
9788859607731
9788859607762
9788859607793
9788859607823
9788859607861
9788859607878
9788859607922
9788859607946
9788859607953
9788859607977
9788859607984
9788859607991
9788859608004
9788859608042
9788859608059
9788859608073
9788859608080
9788859608103
9788859608110
9788859608165
9788859608172
9788859608189
9788859608196
9788859608233
9788859608240
9788859608257
9788859608288
9788859608295
9788859608318
9788859608394
9788859608448
9788859608578
9788859608615
9788859608677
9788859608707
9788859608745
9788859608769
9788859608783
9788859608790
9788859608813
9788859608837
9788859608844
9788859608868
9788859608912
9788859608936
9788859608950
9788859608974
9788859608981
9788859609001
9788859609032
9788859609056
9788859609131
9788859609162
9788859609186
9788859609193
9788859609216
9788859609230
9788859609247
9788859609278
9788859609285
9788859609308
9788859609377
9788859609384
9788859609407
9788859609414
9788859609438
9788859609452
9788859609469
9788859609476
9788859609483
9788859609490
9788859609506
9788859609520
9788859609544
9788859609575
9788859609643
9788859609650
9788859609681
9788859609698
9788859609704
9788859609711
9788859609728
9788859609735
9788859609742
9788859609759
9788859609766
9788859609780
9788859609797
9788859609803
9788859609810
9788859609827
9788859609834
9788859609858
9788859609865
9788859609872
9788859609896
9788859609902
9788859609919
9788859609926
9788859609957
9788859609964
9788859609971
9788859609995
9788859610007
9788859610014
9788859610038
9788859610052
9788859610076
9788859610083
9788859610106
9788859610151
9788859610168
9788859610175
9788859610182
9788859610236
9788859610243
9788859610267
9788859610274
9788859610281
9788859610298
9788859610311
9788859610328
9788859610335
9788859610342
9788859610359
9788859610366
9788859610373
9788859610397
9788859610410
9788859610465
9788859610502
9788859610526
9788859610533
9788859610557
9788859610588
9788859610595
9788859610632
9788859610649
9788859610748
9788859610755
9788859610793
9788859610809
9788859610816
9788859610823
9788859610830
9788859610878
9788859610915
9788859610984
9788859611004
9788859611028
9788859611042
9788859611066
9788859611080
9788859611127
9788859611134
9788859611158
9788859611165
9788859611172
9788859611189
9788859611196
9788859611219
9788859611226
9788859611240
9788859611295
9788859611325
9788859611349
9788859611356
9788859611417
9788859611424
9788859611448
9788859611486
9788859611493
9788859611523
9788859611530
9788859611547
9788859611585
9788859611615
9788859611639
9788859611714
9788859611745
9788859611769
9788859611776
9788859611783
9788859611790
9788859611820
9788859611851
9788859611899
9788859612025
9788859612100
9788859612117
9788859612179
9788859612193
9788859612230
9788859612247
9788859612261
9788859612339
9788859612414
9788859612650
9788859612698
9788859612711
9788859612735
9788859612759
9788859612773
9788859612780
9788859612797
9788859612841
9788859612889
9788859612896
9788859612995
9788859613015
9788859613039
9788859613046
9788859613060
9788859613084
9788859613091
9788859613114
9788859613152
9788859613169
9788859613183
9788859613220
9788859613237
9788859613244
9788859613275
9788859613282
9788859613305
9788859613343
9788859613350
9788859613398
9788859613510
9788859613527
9788859613558
9788859613572
9788859613633
9788859613664
9788859613688
9788859613732
9788859613855
9788859613862
9788859613893
9788859613947
9788859613954
9788859613961
9788859614098
9788859614319
9788859614418
9788859614616
9788859614678
9788859614708
9788859614715
9788859614746
9788859614760
9788859614777
9788859614784
9788859614814
9788859614852
9788859614968
9788859614975
9788859614982
9788859614999
9788859615019
9788859615033
9788859615088
9788859615101
9788859615118
9788859615156
9788859615187
9788859615231
9788859615248
9788859615255
9788859615262
9788859615293
9788859615323
9788859615330
9788859615408
9788859615415
9788859615439
9788859615446
9788859615453
9788859615538
9788859615606
9788859615620
9788859615699
9788859615705
9788859615743
9788859615750
9788859615781
9788859615798
9788859615835
9788859615927
9788859615941
9788859615996
9788859616016
9788859616054
9788859616078
9788859616085
9788859616092
9788859616108
9788859616122
9788859616177
9788859616214
9788859616290
9788859616337
9788859616344
9788859616375
9788859616405
9788860100047
9788860100054
9788860100078
9788860100108
9788860100122
9788860100146
9788860100269
9788860100450
9788860100474
9788860100498
9788860100504
9788860100610
9788860101068
9788860460752
9788860460783
9788860460790
9788860460806
9788860460820
9788860460837
9788860460868
9788860460882
9788860460899
9788860460912
9788861051201
9788861051324
9788861051584
9788861161214
9788861300057
9788861300378
9788861300668
9788861300682
9788861301016
9788861301221
9788861301641
9788861301900
9788861301948
9788861301993
9788861302020
9788861302167
9788861302679
9788861302921
9788861302938
9788861302983
9788861303003
9788861303010
9788861303034
9788861303430
9788861303799
9788861304574
9788861304581
9788861305328
9788861305427
9788861305625
9788861305878
9788861306806
9788861307384
9788861307926
9788861307957
9788861307964
9788861307971
9788861309449
9788861309876
9788861630291
9788861630413
9788861740020
9788862080057
9788862080163
9788862080170
9788862080187
9788862080316
9788862080354
9788862080514
9788862080552
9788862080606
9788862080699
9788862080750
9788862080774
9788862080781
9788862080798
9788862080804
9788862080927
9788862080934
9788862080965
9788862081009
9788862081085
9788862081184
9788862081207
9788862081214
9788862081221
9788862081252
9788862081313
9788862081320
9788862081351
9788862081368
9788862081382
9788862081405
9788862081412
9788862081535
9788862081573
9788862081580
9788862081603
9788862081610
9788862081627
9788862081672
9788862081696
9788862081733
9788862081740
9788862081757
9788862081771
9788862081849
9788862081856
9788862081863
9788862081870
9788862081887
9788862081917
9788862082044
9788862082051
9788862082099
9788862082105
9788862082112
9788862082129
9788862082136
9788862082143
9788862082181
9788862082198
9788862082259
9788862082273
9788862082280
9788862082310
9788862082365
9788862082389
9788862082396
9788862082402
9788862082419
9788862082426
9788862082433
9788862082440
9788862082495
9788862082501
9788862082518
9788862082525
9788862082532
9788862082549
9788862082570
9788862082587
9788862082594
9788862082617
9788862082631
9788862082648
9788862082662
9788862082679
9788862082686
9788862082693
9788862082709
9788862082716
9788862082730
9788862082747
9788862082754
9788862082792
9788862082808
9788862082846
9788862082860
9788862082877
9788862082884
9788862082907
9788862082914
9788862082921
9788862082945
9788862082952
9788862082969
9788862082976
9788862083003
9788862083034
9788862083041
9788862083058
9788862083065
9788862083072
9788862083089
9788862083096
9788862083102
9788862083119
9788862083126
9788862083133
9788862083140
9788862083164
9788862083195
9788862083201
9788862083218
9788862083232
9788862083249
9788862083256
9788862083263
9788862083270
9788862083287
9788862083317
9788862083379
9788862083386
9788862083393
9788862083409
9788862083416
9788862083423
9788862083447
9788862083461
9788862083478
9788862083485
9788862083492
9788862083508
9788862083515
9788862083522
9788862083539
9788862083546
9788862083553
9788862083560
9788862083577
9788862083584
9788862083591
9788862083614
9788862083621
9788862083638
9788862083645
9788862083652
9788862083669
9788862083690
9788862083706
9788862083737
9788862083744
9788862083775
9788862083782
9788862083805
9788862083812
9788862083843
9788862083850
9788862083867
9788862083874
9788862083881
9788862083898
9788862083911
9788862083928
9788862083935
9788862083942
9788862083959
9788862083966
9788862083973
9788862083980
9788862083997
9788862084000
9788862084017
9788862084024
9788862084031
9788862084055
9788862084062
9788862084086
9788862084093
9788862084109
9788862084116
9788862084123
9788862084130
9788862084147
9788862084154
9788862084161
9788862084178
9788862084185
9788862084192
9788862084208
9788862084215
9788862084222
9788862084239
9788862084246
9788862084260
9788862084277
9788862084284
9788862084291
9788862084307
9788862084338
9788862084345
9788862084352
9788862084369
9788862084406
9788862084413
9788862084420
9788862084437
9788862084444
9788862084451
9788862084468
9788862084475
9788862084482
9788862084499
9788862084505
9788862084512
9788862084529
9788862084536
9788862084550
9788862084567
9788862084598
9788862084611
9788862084628
9788862084642
9788862084659
9788862084666
9788862084673
9788862084703
9788862084710
9788862084734
9788862084758
9788862084765
9788862084772
9788862084789
9788862084796
9788862084802
9788862084826
9788862084840
9788862084857
9788862084864
9788862084871
9788862084888
9788862084895
9788862084901
9788862084918
9788862084925
9788862084932
9788862084949
9788862084956
9788862084963
9788862084970
9788862084987
9788862084994
9788862085007
9788862085014
9788862085021
9788862085038
9788862085076
9788862085083
9788862085090
9788862085106
9788862085113
9788862085137
9788862085144
9788862085151
9788862085168
9788862085175
9788862085182
9788862085199
9788862085205
9788862085229
9788862085236
9788862085274
9788862085298
9788862085304
9788862085328
9788862085366
9788862085373
9788862400008
9788862400107
9788862400121
9788862400695
9788862400701
9788862400718
9788862400725
9788862400732
9788862400756
9788862400763
9788862400770
9788862400787
9788862400794
9788862400800
9788862400824
9788862400831
9788862400848
9788862400855
9788862400879
9788862400886
9788862400916
9788862400930
9788862400947
9788862400954
9788862400985
9788862400992
9788862401005
9788862401012
9788862401029
9788862401043
9788862401166
9788862401173
9788862401180
9788862401227
9788862401234
9788862401289
9788862401296
9788862401319
9788862401326
9788862401333
9788862401340
9788862401357
9788862401364
9788862401371
9788862401425
9788862401449
9788862401456
9788862401470
9788862401494
9788862401517
9788862401531
9788862401548
9788862401562
9788862401609
9788862401616
9788862401647
9788862401661
9788862401678
9788862401685
9788862401722
9788862401746
9788862401753
9788862401760
9788862401791
9788862401814
9788862401821
9788862401838
9788862401845
9788862401876
9788862401906
9788862401913
9788862401920
9788862401937
9788862401944
9788862401999
9788862402064
9788862402071
9788862402088
9788862402095
9788862402101
9788862402118
9788862402125
9788862402132
9788862402149
9788862402156
9788862402163
9788862402170
9788862402187
9788862402200
9788862402217
9788862402514
9788862402712
9788862402743
9788862403016
9788862403023
9788862403122
9788862403139
9788862403146
9788862403153
9788862403238
9788862403245
9788862403252
9788862403283
9788862403290
9788862403306
9788862403313
9788862403320
9788862403337
9788862403351
9788862403382
9788862403399
9788862403405
9788862403412
9788862403429
9788862403450
9788862403467
9788862403566
9788862403573
9788862403627
9788862403634
9788862403641
9788862403658
9788862403665
9788862403672
9788862403726
9788862403733
9788862403740
9788862403757
9788862403771
9788862403795
9788862403801
9788862403832
9788862403849
9788862403856
9788862403863
9788862403948
9788862403955
9788862403962
9788862403979
9788862404129
9788862404136
9788862404150
9788862404167
9788862404174
9788862404211
9788862404242
9788862404266
9788862404273
9788862404280
9788862404396
9788862404402
9788862812702
9788862930000
9788862930024
9788862930048
9788862930062
9788862930291
9788862930307
9788862930338
9788862930345
9788862930352
9788862930956
9788862930963
9788862930970
9788862930987
9788862930994
9788862931007
9788862931014
9788862931021
9788862931038
9788862931045
9788862931052
9788862931069
9788862931076
9788862931083
9788862931090
9788862931106
9788862931113
9788862931120
9788862931427
9788862931434
9788862931557
9788862931564
9788862931571
9788862931588
9788862931595
9788862931625
9788862931922
9788862931939
9788862931946
9788862931953
9788862931960
9788862931977
9788862931991
9788862932981
9788862933001
9788862933025
9788862933100
9788862933117
9788862933155
9788862933162
9788862933179
9788862933186
9788862933209
9788862933223
9788862933230
9788862933247
9788862933278
9788862933360
9788862933377
9788862933407
9788862933612
9788862933629
9788862934664
9788862934978
9788862935319
9788862936200
9788862936217
9788862936224
9788862936231
9788862936248
9788862936279
9788862936316
9788862936354
9788862936415
9788862936453
9788862936477
9788862936491
9788862936514
9788862936521
9788862936538
9788862936545
9788862936552
9788862936569
9788862936576
9788862936583
9788862936811
9788862936828
9788862937368
9788862937825
9788862937900
9788862938440
9788862938457
9788862938464
9788862938471
9788862938501
9788862938518
9788862938709
9788862938716
9788862938723
9788862938730
9788862938747
9788862938761
9788862938860
9788862938877
9788862938884
9788862938891
9788862938945
9788862938976
9788863880090
9788863880106
9788863880113
9788863880120
9788863880144
9788863880151
9788863880526
9788863880571
9788863881530
9788863881554
9788863881561
9788863881578
9788863881592
9788863881615
9788863882643
9788864130019
9788864130033
9788864130057
9788864130064
9788864130118
9788864130125
9788864130132
9788864130224
9788864580975
9788865220160
9788865220252
9788865220269
9788865220276
9788865220290
9788865220306
9788865220313
9788865220450
9788865306642
9788865374801
9788865427576
9788865440070
9788865440100
9788865440117
9788865440124
9788865440131
9788865440155
9788865440162
9788865440186
9788865440193
9788865440209
9788865440216
9788865440223
9788865440230
9788865440278
9788865440285
9788866060994
9788866061021
9788866130000
9788866130017
9788866130024
9788866130031
9788866130048
9788866130062
9788866130086
9788866130093
9788866130123
9788866130130
9788866130147
9788866130154
9788866130161
9788866131458
9788866131540
9788866131557
9788866131564
9788866131588
9788866131595
9788866132721
9788866132738
9788866132875
9788866132936
9788866132943
9788866132950
9788866132967
9788866132974
9788866133001
9788866133018
9788866133025
9788866133032
9788866133049
9788866133056
9788866133063
9788866133551
9788866133568
9788866133582
9788866133599
9788866133605
9788866133612
9788866133629
9788866133636
9788866133643
9788866133650
9788866133902
9788866134206
9788866134213
9788866134220
9788866134237
9788866134244
9788866134251
9788866134268
9788866134275
9788866134282
9788866134640
9788866134657
9788866134664
9788866134671
9788866134695
9788866134701
9788866134718
9788866134725
9788866134732
9788866134787
9788866134794
9788866134817
9788866135104
9788866135111
9788866135128
9788866135135
9788866135159
9788866135166
9788866135173
9788866135265
9788866135272
9788866135289
9788866135296
9788866135302
9788866135319
9788866135326
9788866136279
9788866136293
9788866136316
9788866136330
9788866136347
9788866136361
9788866136392
9788866136408
9788866136415
9788866136422
9788866136439
9788866136446
9788866136453
9788866136460
9788866136484
9788866136514
9788866136521
9788866136538
9788866136545
9788866136804
9788866136811
9788866136828
9788866136835
9788866136842
9788866136859
9788866136866
9788866136873
9788866136880
9788866136897
9788866136903
9788866136910
9788866136927
9788866136934
9788866136941
9788866136958
9788866136965
9788866136972
9788866136989
9788866136996
9788866137009
9788866137016
9788866137023
9788866137030
9788866137085
9788866137092
9788866137122
9788866137139
9788866137146
9788866137177
9788866137184
9788866137191
9788866137214
9788866137238
9788866137603
9788866137627
9788866137887
9788866137894
9788866137900
9788866137917
9788866138020
9788866138037
9788866138044
9788866138051
9788866138068
9788866138075
9788866138082
9788866138099
9788866138112
9788866138129
9788866138143
9788866138150
9788866138174
9788866138181
9788866138198
9788866138204
9788866138211
9788866138228
9788866138235
9788866138273
9788866138280
9788866138297
9788866138303
9788866138310
9788866138327
9788866138334
9788866138341
9788866138358
9788866138365
9788866138372
9788866138389
9788866138402
9788866138419
9788866138426
9788866138433
9788866138440
9788866138457
9788866138471
9788866138488
9788866138495
9788866139010
9788866139027
9788866139034
9788866139041
9788866139058
9788866139683
9788866139690
9788866139706
9788866139713
9788866139744
9788866139751
9788866139768
9788866139775
9788866139782
9788866139799
9788866139805
9788866139812
9788866139874
9788866139881
9788866139898
9788866139904
9788866139911
9788866139928
9788866139935
9788866139942
9788866139959
9788866139966
9788866139973
9788866139980
9788866139997
9788866182863
9788866183532
9788866185642
9788866185833
9788866187318
9788866187332
9788866188940
9788866189251
9788866363279
9788866480273
9788866480556
9788866480884
9788866480907
9788866480952
9788866480969
9788866481119
9788866481195
9788866481218
9788866481225
9788866481287
9788866481300
9788866481720
9788866481737
9788866481744
9788866481935
9788866482031
9788866482277
9788866482284
9788866482468
9788866482567
9788866482574
9788866482796
9788866482840
9788866482949
9788866482956
9788866483229
9788866483243
9788866483250
9788866483465
9788866483472
9788866720652
9788867050475
9788867050659
9788867050666
9788867050673
9788867050710
9788867050826
9788867051298
9788867053230
9788867054084
9788867054138
9788867054800
9788867055470
9788867110247
9788867110681
9788867111084
9788867280209
9788867280353
9788867280582
9788867280933
9788867281282
9788867281367
9788867281862
9788867282012
9788867282036
9788867282401
9788867282869
9788867283095
9788867283118
9788867283132
9788867283309
9788867283446
9788867283514
9788867283972
9788867284238
9788867284337
9788867284467
9788867284542
9788867284559
9788867284962
9788867284979
9788867284993
9788867285037
9788867285099
9788867285105
9788867285181
9788867285693
9788867285709
9788867285716
9788867285730
9788867285754
9788867285822
9788867285907
9788867285952
9788867285969
9788867285990
9788867286126
9788867286386
9788867286621
9788867286720
9788867286768
9788867286775
9788867286867
9788867286874
9788867286959
9788867287055
9788867287116
9788867287239
9788867320189
9788867320196
9788867320219
9788867320431
9788867320448
9788867320462
9788867320479
9788867320486
9788867320493
9788867320509
9788867320516
9788867320523
9788867320530
9788867320547
9788867320585
9788867320592
9788867320608
9788867320615
9788867320622
9788867320639
9788867320646
9788867320653
9788867320660
9788867320677
9788867320684
9788867320776
9788867320783
9788867320899
9788867320905
9788867320912
9788867320936
9788867320943
9788867320950
9788867320967
9788867320974
9788867320981
9788867320998
9788867321001
9788867321018
9788867321025
9788867321032
9788867321049
9788867321056
9788867321063
9788867321070
9788867321469
9788867321476
9788867321483
9788867321490
9788867321506
9788867321568
9788867321575
9788867321582
9788867321964
9788867323067
9788867323302
9788867323357
9788867323364
9788867323388
9788867323500
9788867323517
9788867323524
9788867323548
9788867323555
9788867323562
9788867323586
9788867323593
9788867323609
9788867323623
9788867323630
9788867323647
9788867323661
9788867323678
9788867323685
9788867323708
9788867323715
9788867323722
9788867323746
9788867323753
9788867323760
9788867323784
9788867323791
9788867323807
9788867323821
9788867323838
9788867323845
9788867323869
9788867323876
9788867323906
9788867323913
9788867323920
9788867323937
9788867323951
9788867324255
9788867324262
9788867324279
9788867324286
9788867324385
9788867324392
9788867324415
9788867324422
9788867324439
9788867324446
9788867324453
9788867324460
9788867324477
9788867324484
9788867324491
9788867324507
9788867324514
9788867324521
9788867324538
9788867324545
9788867324552
9788867324569
9788867324576
9788867324590
9788867324606
9788867324613
9788867324620
9788867324637
9788867324644
9788867324651
9788867324668
9788867324675
9788867324781
9788867324798
9788867324842
9788867324866
9788867324934
9788867324941
9788867325214
9788867325719
9788867325726
9788867325764
9788867325870
9788867325887
9788867326129
9788867326136
9788867326150
9788867326167
9788867326181
9788867326198
9788867326204
9788867326211
9788867326365
9788867326433
9788867326440
9788867326457
9788867326501
9788867326532
9788867326549
9788867326563
9788867326600
9788867326617
9788867326624
9788867326631
9788867326648
9788867326655
9788867326662
9788867326679
9788867326686
9788867326693
9788867326709
9788867326716
9788867326723
9788867326860
9788867326921
9788867326938
9788867327379
9788867327386
9788867327409
9788867327591
9788867327607
9788867327669
9788867350216
9788867351244
9788867351275
9788867351282
9788867351343
9788867351893
9788867351954
9788867352012
9788867352302
9788867352494
9788867352531
9788867352555
9788867353453
9788867353613
9788867490097
9788867490622
9788867490752
9788867490837
9788867490882
9788867490950
9788867491001
9788867491148
9788867491223
9788867491292
9788867491315
9788867491353
9788867491414
9788867491438
9788867491513
9788867491704
9788867491940
9788867491995
9788867492084
9788867492183
9788867492251
9788867492275
9788867492299
9788867492336
9788867492381
9788867492404
9788867492442
9788867492510
9788867492527
9788867492541
9788867510535
9788867510603
9788867511495
9788867511877
9788867512171
9788867512539
9788867512898
9788867513130
9788867513413
9788867514267
9788867515134
9788867516810
9788867519057
9788867519071
9788867552559
9788867720002
9788867720019
9788867720026
9788867720064
9788867720101
9788867720118
9788867720149
9788867720156
9788867720170
9788867720217
9788867720224
9788867720323
9788867720347
9788867720385
9788867720538
9788867720545
9788867720606
9788867720613
9788867720620
9788867720644
9788867720651
9788867720705
9788867720743
9788867720750
9788867720781
9788867720798
9788867720828
9788867720866
9788867720873
9788867720927
9788867720934
9788867720941
9788867720972
9788867721009
9788867721047
9788867721054
9788867721061
9788867721092
9788867721108
9788867721115
9788867721122
9788867721153
9788867721160
9788867721177
9788867721221
9788867721252
9788867721276
9788867721290
9788867721306
9788867721344
9788867721368
9788867721382
9788867721405
9788867721412
9788867721429
9788867721443
9788867721467
9788867721504
9788867721528
9788867721559
9788867721580
9788867721603
9788867721641
9788867721672
9788867721689
9788867721696
9788867721702
9788867721719
9788867721726
9788867721757
9788867721771
9788867721788
9788867721818
9788867721832
9788867721863
9788867721887
9788867721894
9788867721924
9788867721948
9788867721962
9788867721993
9788867722013
9788867880645
9788867880720
9788867880942
9788867971923
9788867971947
9788867972333
9788867972340
9788867972418
9788867972494
9788867972586
9788867972821
9788867972845
9788867972852
9788867972869
9788867972906
9788867972920
9788867972951
9788867972975
9788867973040
9788867973071
9788867973286
9788867973323
9788867973347
9788867973354
9788867973385
9788867973507
9788867973538
9788867973583
9788867973897
9788867973958
9788867973972
9788867973996
9788867974078
9788868150174
9788868150198
9788868150815
9788868151089
9788868151225
9788868151294
9788868151690
9788868151706
9788868170233
9788868170240
9788868170264
9788868170301
9788868551599
9788868600952
9788868601263
9788868601409
9788868601829
9788868602284
9788868603205
9788868603328
9788868800116
9788868800437
9788868800468
9788868800550
9788868800673
9788868800765
9788868800796
9788868800888
9788868800918
9788869490019
9788869490033
9788869490095
9788869490125
9788869490170
9788869490224
9788869490255
9788869490279
9788869490316
9788869490330
9788869490347
9788869490361
9788869490422
9788869490484
9788869490521
9788869490538
9788869490590
9788869490613
9788869490699
9788869490705
9788869490729
9788869490750
9788869490798
9788869490828
9788869490859
9788869490880
9788869490897
9788869490903
9788869490910
9788869490927
9788869490941
9788869490958
9788869490996
9788869491023
9788869491054
9788869491061
9788869491108
9788869491115
9788869491191
9788869491207
9788869491306
9788869491450
9788869491467
9788869491481
9788869491566
9788869650154
9788869650598
9788869650611
9788869650642
9788869650826
9788869651069
9788869651236
9788869651397
9788869651564
9788869651571
9788869651656
9788869651779
9788869651793
9788869652172
9788869652189
9788869652752
9788869652769
9788869652776
9788869652783
9788869652790
9788869652905
9788869653193
9788869653308
9788869653322
9788869653346
9788869653568
9788869653575
9788869653674
9788869653995
9788869654008
9788869654084
9788869654091
9788869654251
9788869654404
9788869654435
9788869654626
9788869654657
9788869654695
9788869654879
9788869655005
9788869655012
9788869655128
9788869655210
9788869655258
9788869655340
9788869655371
9788869655456
9788869655470
9788869655616
9788869655791
9788869655807
9788869655814
9788869656071
9788869656118
9788869656354
9788869656361
9788869656392
9788869656491
9788869656972
9788869770005
9788869770012
9788869770029
9788869770036
9788869770081
9788869770098
9788869770111
9788869770128
9788869770135
9788869770142
9788869770159
9788869770166
9788869770173
9788869770197
9788869770210
9788869770227
9788869770241
9788869770258
9788869770265
9788869770272
9788869770289
9788869770296
9788869770319
9788869770326
9788869770340
9788869770371
9788869770388
9788869770395
9788869770432
9788869770463
9788869770517
9788869770524
9788869770531
9788869770548
9788869770555
9788869770562
9788869770579
9788869770586
9788869770593
9788869770630
9788869770647
9788869770654
9788869770661
9788869770678
9788869770760
9788869770777
9788869770784
9788869770791
9788869770807
9788869770814
9788869770821
9788869770838
9788869770845
9788869770852
9788869770883
9788869770951
9788869770968
9788869770975
9788869770982
9788869770999
9788869790232
9788870384864
9788870620023
9788870620047
9788870620658
9788870621655
9788870621822
9788870623208
9788870623376
9788870623857
9788870624366
9788870624991
9788870625042
9788870625066
9788870625233
9788870625301
9788870625318
9788870625370
9788870625479
9788870625530
9788870625622
9788870625639
9788870625677
9788870625691
9788870625776
9788870625790
9788870625950
9788870625981
9788870626025
9788870626070
9788870626100
9788870626117
9788870626155
9788870626179
9788870626209
9788870626216
9788870626247
9788870626254
9788870626292
9788870626339
9788870626346
9788870626391
9788870626476
9788870626506
9788870626513
9788870626537
9788870626544
9788870626551
9788870626575
9788870626582
9788870626636
9788870626643
9788870626667
9788870626698
9788870626728
9788870626735
9788870626803
9788870626834
9788870626865
9788870626940
9788870626957
9788870627046
9788870627060
9788870627084
9788870627091
9788870627138
9788870627152
9788870627176
9788870627190
9788870627206
9788870627220
9788870627244
9788870627268
9788870627305
9788870627329
9788870627336
9788870627664
9788870627701
9788870627787
9788870627794
9788870627824
9788870627848
9788870627886
9788870627954
9788870628012
9788870628029
9788870628036
9788870628043
9788870628050
9788870628067
9788870628104
9788870628128
9788870628142
9788870628166
9788870628197
9788870628203
9788870628234
9788870628241
9788870628258
9788870628272
9788870628296
9788870628302
9788870628319
9788870628326
9788870628333
9788870628357
9788870628364
9788870628371
9788870628395
9788870628401
9788870628418
9788870628425
9788870628494
9788870628517
9788870628524
9788870628586
9788870628616
9788870628630
9788870628647
9788870628654
9788870628661
9788870628678
9788870628685
9788870628692
9788870628722
9788870628746
9788870628777
9788870628784
9788870628791
9788870628821
9788870628838
9788870628876
9788870628906
9788870628913
9788870628937
9788870628944
9788870628951
9788870628968
9788870628975
9788870629026
9788870629040
9788870629064
9788870629071
9788870629095
9788870629101
9788870629149
9788870629156
9788870629163
9788870629194
9788870629200
9788870629248
9788870629279
9788870629286
9788870629293
9788870629316
9788870629323
9788870629330
9788870629408
9788870629439
9788870629446
9788870629484
9788870629507
9788870629538
9788870629590
9788870629613
9788870629644
9788870629651
9788870629668
9788870629712
9788870629743
9788870629774
9788870629781
9788870629798
9788870629811
9788870629828
9788870629835
9788870629842
9788870629859
9788870629880
9788870629897
9788870629927
9788870629941
9788870629965
9788870727555
9788871401720
9788871741369
9788871795317
9788871796680
9788872001660
9788872001745
9788872002209
9788872071069
9788872077412
9788872077542
9788872077603
9788872100387
9788872101124
9788872101216
9788872101339
9788872102824
9788872102916
9788872102947
9788872103074
9788872103081
9788872103319
9788872103456
9788872181706
9788872264782
9788872875377
9788872880005
9788872880012
9788872880029
9788872880036
9788872880050
9788872880067
9788872880074
9788872880081
9788872880098
9788872880111
9788872880128
9788872880135
9788872880142
9788872880159
9788872880166
9788872880180
9788872880210
9788872880227
9788872880234
9788872880241
9788872880258
9788872880265
9788872880272
9788872880296
9788872880340
9788872880357
9788872880364
9788872880371
9788872880388
9788872880395
9788872880401
9788872880418
9788872880425
9788872880432
9788872880449
9788872880456
9788872880463
9788872880470
9788872880487
9788872880494
9788872880500
9788872880517
9788872880524
9788872880531
9788872880548
9788872880555
9788872880562
9788872880579
9788872880593
9788872880609
9788872880616
9788872880623
9788872880630
9788872880647
9788872880654
9788872880661
9788872880678
9788872880685
9788872880692
9788872880708
9788872880715
9788872880722
9788872880746
9788872880753
9788872880784
9788872880791
9788872880814
9788872880821
9788872880838
9788872880845
9788872880852
9788872880869
9788872880876
9788872880890
9788872880913
9788872880920
9788872880937
9788872880944
9788872880951
9788872880968
9788872880975
9788872880982
9788872880999
9788872881002
9788872881019
9788872881026
9788872881033
9788872881040
9788872881057
9788872881064
9788872881071
9788872881088
9788872881095
9788872881101
9788872881118
9788872881125
9788872881149
9788872881156
9788872881163
9788872881170
9788872881187
9788872881194
9788872881217
9788872881224
9788872881231
9788872881248
9788872881262
9788872881279
9788872881286
9788872881347
9788872881354
9788872881392
9788872881408
9788873011064
9788873011071
9788873011095
9788873016755
9788873016809
9788873017493
9788873017561
9788873017677
9788873017691
9788873017707
9788873017714
9788873017721
9788873017738
9788873017745
9788873017752
9788873017806
9788873360537
9788874393480
9788874394012
9788874394395
9788874394418
9788874394630
9788874394692
9788874394760
9788874394937
9788874395095
9788874395156
9788874395248
9788874395262
9788874395385
9788874395408
9788874395422
9788874395439
9788874395446
9788874395477
9788874395514
9788874395545
9788874395644
9788874395651
9788874395736
9788874395750
9788874395781
9788874395811
9788874395828
9788874395859
9788874395873
9788874395880
9788874395965
9788874395972
9788874396009
9788874396023
9788874396047
9788874396078
9788874396139
9788874396153
9788874396252
9788874396269
9788874396276
9788874396306
9788874396320
9788874396344
9788874396467
9788874396511
9788874396542
9788874396566
9788874396580
9788874396627
9788874396658
9788874396665
9788874396696
9788874396702
9788874396788
9788874396863
9788874396931
9788874397006
9788874397013
9788874397051
9788874397068
9788874397105
9788874397150
9788874397167
9788874397198
9788874397204
9788874397228
9788874397266
9788874397327
9788874397358
9788874397396
9788874397426
9788874397433
9788874397440
9788874397471
9788874397525
9788874397587
9788874610310
9788874610334
9788874610778
9788874610945
9788874610983
9788874611119
9788874611133
9788874611164
9788874611287
9788874611478
9788874611867
9788874612208
9788874612420
9788874612796
9788874613038
9788874613144
9788874885381
9788874885510
9788874885756
9788874886456
9788874886470
9788874886609
9788874886876
9788874887651
9788874887811
9788874888894
9788874889242
9788874889549
9788874889570
9788874889587
9788874889594
9788874920112
9788874921522
9788874921539
9788874921546
9788874921669
9788874921690
9788874921706
9788874921713
9788874921737
9788874921782
9788874921829
9788874921881
9788874921911
9788874982349
9788875076160
9788875570538
9788875700379
9788875700904
9788875701123
9788875701345
9788875701369
9788875701604
9788875701642
9788875702182
9788875702205
9788875702472
9788875702748
9788875702762
9788875702892
9788875703172
9788875703493
9788875703523
9788875703660
9788875703851
9788875703929
9788875703943
9788875704162
9788875705053
9788875920128
9788875920180
9788875920197
9788875920777
9788875920845
9788875921057
9788875921521
9788875921538
9788875923662
9788875923945
9788875924133
9788875924157
9788875924232
9788875924416
9788875924614
9788875924713
9788875924881
9788875924911
9788875925017
9788875925024
9788875925062
9788875925079
9788875925086
9788875925093
9788875925178
9788875925192
9788875925499
9788875926656
9788875926670
9788875926748
9788875926847
9788875926885
9788875926915
9788875926960
9788875926977
9788875926984
9788875927011
9788875927141
9788875927189
9788875927196
9788875927295
9788875927493
9788875927509
9788875927516
9788875927530
9788875927547
9788875927714
9788875927783
9788875927813
9788875927820
9788875927882
9788875927936
9788875928131
9788875928438
9788875928551
9788875928575
9788875928582
9788875928599
9788875928605
9788875928667
9788875928674
9788875928810
9788875928841
9788875928858
9788875928889
9788875928940
9788875929039
9788875929084
9788875929091
9788875929107
9788875929114
9788875929121
9788875929138
9788875929152
9788875929169
9788875929237
9788875929244
9788875929343
9788875929657
9788875929671
9788875929688
9788875929725
9788875929749
9788875929770
9788875929794
9788875929930
9788875929947
9788876240287
9788876240331
9788876240584
9788876240935
9788876241260
9788876241413
9788876241550
9788876242564
9788876242731
9788876242762
9788876242847
9788876243660
9788876243707
9788876243837
9788876244346
9788876245343
9788876245374
9788876246036
9788876246043
9788876246135
9788876246333
9788876246418
9788876246517
9788876246531
9788876246784
9788876247286
9788876247446
9788876247460
9788876247873
9788876248023
9788876248047
9788876248702
9788876248733
9788876248771
9788876249273
9788876249327
9788876249594
9788876421310
9788876421365
9788876421389
9788876421396
9788876421402
9788876421419
9788876421433
9788876421440
9788876421501
9788876421525
9788876421549
9788876421686
9788876421709
9788876421921
9788876421990
9788876422003
9788876422065
9788876422126
9788876422423
9788876422430
9788876422447
9788876422454
9788876422461
9788876422478
9788876422485
9788876422492
9788876422508
9788876422515
9788876422522
9788876422539
9788876422546
9788876422553
9788876422560
9788876422584
9788876422591
9788876422607
9788876422614
9788876422621
9788876422638
9788876422645
9788876422652
9788876422669
9788876422676
9788876422683
9788876422690
9788876422706
9788876422713
9788876422720
9788876422737
9788876422744
9788876422751
9788876422768
9788876422775
9788876422782
9788876422799
9788876422805
9788876422829
9788876422836
9788876422843
9788876422850
9788876422867
9788876422874
9788876422881
9788876422898
9788876422911
9788876422928
9788876422935
9788876422966
9788876422973
9788876422980
9788876422997
9788876423000
9788876423017
9788876423031
9788876423048
9788876423055
9788876423062
9788876423079
9788876423093
9788876423109
9788876423116
9788876423123
9788876423147
9788876423192
9788876423253
9788876423277
9788876423291
9788876423307
9788876423314
9788876423369
9788876423376
9788876423383
9788876423406
9788876423413
9788876423420
9788876423437
9788876423444
9788876423451
9788876423475
9788876423482
9788876423499
9788876423734
9788876423741
9788876423765
9788876423802
9788876423833
9788876423857
9788876423888
9788876424267
9788876424281
9788876424304
9788876424427
9788876424557
9788876424564
9788876424724
9788876424748
9788876424816
9788876424977
9788876425004
9788876425141
9788876425196
9788876425226
9788876425240
9788876425264
9788876425356
9788876425561
9788876425585
9788876425929
9788876520129
9788876520136
9788876520211
9788876520242
9788876520259
9788876520266
9788876520273
9788876520297
9788876520303
9788876520310
9788876520334
9788876520341
9788876520365
9788876520372
9788876520396
9788876520402
9788876520419
9788876520426
9788876520457
9788876520464
9788876520488
9788876520501
9788876520518
9788876520532
9788876520549
9788876520556
9788876520587
9788876520594
9788876520624
9788876520631
9788876520648
9788876520655
9788876520662
9788876520679
9788876520686
9788876520693
9788876520709
9788876520716
9788876520754
9788876520792
9788876520808
9788876520815
9788876520822
9788876520839
9788876520846
9788876520853
9788876520877
9788876520884
9788876520891
9788876520907
9788876520914
9788876520921
9788876520945
9788876520952
9788876520976
9788876520983
9788876521003
9788876521010
9788876521027
9788876521034
9788876521041
9788876521058
9788876521065
9788876521102
9788876521119
9788876521126
9788876521133
9788876521140
9788876521157
9788876521171
9788876521188
9788876521195
9788876521201
9788876521218
9788876521225
9788876521232
9788876521249
9788876521256
9788876521263
9788876521270
9788876521287
9788876521294
9788876521300
9788876521317
9788876521324
9788876521331
9788876521348
9788876521355
9788876521362
9788876521379
9788876521386
9788876521393
9788876521409
9788876521423
9788876521447
9788876521454
9788876521461
9788876521478
9788876521485
9788876521492
9788876521508
9788876521515
9788876521522
9788876521539
9788876521546
9788876521553
9788876521560
9788876521577
9788876521584
9788876521591
9788876521607
9788876521614
9788876521621
9788876521638
9788876521645
9788876521652
9788876521669
9788876521676
9788876521683
9788876521690
9788876521706
9788876521713
9788876521720
9788876521737
9788876521744
9788876521751
9788876521768
9788876521775
9788876521812
9788876521829
9788876521843
9788876521850
9788876521867
9788876521874
9788876521881
9788876521898
9788876521904
9788876521911
9788876521928
9788876521942
9788876521959
9788876521966
9788876521973
9788876521980
9788876521997
9788876522000
9788876522017
9788876522024
9788876522031
9788876522093
9788876522109
9788876522116
9788876522123
9788876522130
9788876522147
9788876522161
9788876522178
9788876522185
9788876522222
9788876522253
9788876522260
9788876522291
9788876522307
9788876522338
9788876522406
9788876522413
9788876522420
9788876522437
9788876522451
9788876522468
9788876522475
9788876522482
9788876522505
9788876522536
9788876522543
9788876522550
9788876522567
9788876522581
9788876522604
9788876522611
9788876522628
9788876522666
9788876522673
9788876522680
9788876522697
9788876522772
9788876522789
9788876522796
9788876522819
9788876522826
9788876522864
9788876522871
9788876522895
9788876522901
9788876522918
9788876522925
9788876522949
9788876522956
9788876522963
9788876522970
9788876522987
9788876522994
9788876523014
9788876523021
9788876523038
9788876523045
9788876523052
9788876523083
9788876523090
9788876523151
9788876523175
9788876523212
9788876523236
9788876523243
9788876523267
9788876523311
9788876523328
9788876523342
9788876523359
9788876523366
9788876523373
9788876523380
9788876523397
9788876523465
9788876523472
9788876523489
9788876523502
9788876523564
9788876523571
9788876523618
9788876523656
9788876523663
9788876523700
9788876523717
9788876523724
9788876523731
9788876523779
9788876523786
9788876523892
9788876523908
9788876523915
9788876523922
9788876523939
9788876523946
9788876523977
9788876523984
9788876524011
9788876524028
9788876524035
9788876524042
9788876524059
9788876524066
9788876524097
9788876524103
9788876524127
9788876524141
9788876524165
9788876524189
9788876524196
9788876524202
9788876524219
9788876524226
9788876524233
9788876524271
9788876524295
9788876524301
9788876524325
9788876524332
9788876524356
9788876524363
9788876524387
9788876524400
9788876524431
9788876524448
9788876524455
9788876524462
9788876524479
9788876524486
9788876524509
9788876524516
9788876524523
9788876524530
9788876524547
9788876524554
9788876524578
9788876524592
9788876524615
9788876524622
9788876524639
9788876524646
9788876524653
9788876524660
9788876524677
9788876524684
9788876524691
9788876524707
9788876524721
9788876524745
9788876524752
9788876524769
9788876524776
9788876524783
9788876524790
9788876524806
9788876524813
9788876524820
9788876524837
9788876524851
9788876524868
9788876524875
9788876524899
9788876524905
9788876524912
9788876524936
9788876524950
9788876524967
9788876525001
9788876525018
9788876525032
9788876525094
9788876525131
9788876525148
9788876525308
9788876525322
9788876525339
9788876525346
9788876525377
9788876525384
9788876525391
9788876525407
9788876525414
9788876525421
9788876525438
9788876525469
9788876525476
9788876525483
9788876525490
9788876525513
9788876525520
9788876525537
9788876525544
9788876525551
9788876525568
9788876525575
9788876525582
9788876525599
9788876525605
9788876525612
9788876525636
9788876525643
9788876525650
9788876525667
9788876525674
9788876525681
9788876525698
9788876525704
9788876525711
9788876525728
9788876525742
9788876525759
9788876525766
9788876525773
9788876525780
9788876525797
9788876525803
9788876525810
9788876525827
9788876525841
9788876525858
9788876525872
9788876525889
9788876525896
9788876525902
9788876525919
9788876525940
9788876525957
9788876525964
9788876525995
9788876526008
9788876526015
9788876526039
9788876526046
9788876526077
9788876526091
9788876526107
9788876526121
9788876526152
9788876526169
9788876526176
9788876526183
9788876526190
9788876526206
9788876526213
9788876526220
9788876526237
9788876526244
9788876526251
9788876526275
9788876526282
9788876526312
9788876526329
9788876526343
9788876526350
9788876526367
9788876526374
9788876526398
9788876526404
9788876526411
9788876526428
9788876526442
9788876526459
9788876526466
9788876526473
9788876526480
9788876526497
9788876526510
9788876526527
9788876526534
9788876526541
9788876526558
9788876526565
9788876526596
9788876526619
9788876526626
9788876526633
9788876526640
9788876526657
9788876526664
9788876526671
9788876526688
9788876526701
9788876526718
9788876526732
9788876526749
9788876526756
9788876526763
9788876526770
9788876526787
9788876526794
9788876526800
9788876526824
9788876526831
9788876526848
9788876526855
9788876526862
9788876526879
9788876526893
9788876526909
9788876526930
9788876526947
9788876526954
9788876526978
9788876526985
9788876526992
9788876527005
9788876527012
9788876527029
9788876527050
9788876527067
9788876527074
9788876527111
9788876527128
9788876527135
9788876527142
9788876527159
9788876527166
9788876527173
9788876527180
9788876527203
9788876527234
9788876527241
9788876527258
9788876527265
9788876527272
9788876527289
9788876527296
9788876527302
9788876527319
9788876527357
9788876527371
9788876527388
9788876527395
9788876527418
9788876527425
9788876527432
9788876527449
9788876527470
9788876527487
9788876527494
9788876527517
9788876527524
9788876527531
9788876527548
9788876527555
9788876527562
9788876527579
9788876527586
9788876527609
9788876527616
9788876527630
9788876527647
9788876527661
9788876527678
9788876527692
9788876527715
9788876527722
9788876527739
9788876527746
9788876527760
9788876527777
9788876527784
9788876527791
9788876527807
9788876527821
9788876527838
9788876527845
9788876527852
9788876527869
9788876527876
9788876527883
9788876527890
9788876527906
9788876527913
9788876527937
9788876527944
9788876527999
9788876528002
9788876528019
9788876528026
9788876528033
9788876528040
9788876528064
9788876528071
9788876528088
9788876528095
9788876528118
9788876528132
9788876528149
9788876528156
9788876528163
9788876528170
9788876528187
9788876528194
9788876528217
9788876528224
9788876528231
9788876528255
9788876528262
9788876528279
9788876528293
9788876528309
9788876528316
9788876528323
9788876528330
9788876528347
9788876528354
9788876528385
9788876528392
9788876528408
9788876528415
9788876528422
9788876528439
9788876528446
9788876528477
9788876528491
9788876528507
9788876528514
9788876528521
9788876528538
9788876528545
9788876528552
9788876528569
9788876528576
9788876528583
9788876528606
9788876528613
9788876528620
9788876528637
9788876528644
9788876528651
9788876528668
9788876528675
9788876528705
9788876528712
9788876528729
9788876528736
9788876528743
9788876528750
9788876528767
9788876528781
9788876528804
9788876528811
9788876528828
9788876528835
9788876528842
9788876528859
9788876528866
9788876528873
9788876528897
9788876528910
9788876528927
9788876528941
9788876528958
9788876528965
9788876528972
9788876528989
9788876529009
9788876529016
9788876529023
9788876529030
9788876529054
9788876529061
9788876529078
9788876529085
9788876529092
9788876529108
9788876529115
9788876529122
9788876529139
9788876529146
9788876529153
9788876529160
9788876529177
9788876529184
9788876529191
9788876529214
9788876529221
9788876529238
9788876529245
9788876529276
9788876529283
9788876529306
9788876529313
9788876529320
9788876529344
9788876529351
9788876529368
9788876529382
9788876529399
9788876529405
9788876529436
9788876529450
9788876529474
9788876529498
9788876529504
9788876529511
9788876529528
9788876529535
9788876529542
9788876529559
9788876529573
9788876529580
9788876529597
9788876529603
9788876529610
9788876529627
9788876529634
9788876529641
9788876529658
9788876529665
9788876529689
9788876529733
9788876529740
9788876529757
9788876529764
9788876529771
9788876529788
9788876529795
9788876529801
9788876529818
9788876529849
9788876529856
9788876529863
9788876529870
9788876529887
9788876529894
9788876529900
9788876529917
9788876529924
9788876529931
9788876529948
9788876529955
9788876529962
9788876529986
9788876529993
9788876530005
9788876530067
9788876530074
9788876530081
9788876530098
9788876530104
9788876530111
9788876530135
9788876530142
9788876530159
9788876530180
9788876530197
9788876530241
9788876530258
9788876530265
9788876530289
9788876530296
9788876530302
9788876530319
9788876530340
9788876530364
9788876530371
9788876530401
9788876530425
9788876530449
9788876530463
9788876530470
9788876530487
9788876530494
9788876530517
9788876530524
9788876530531
9788876530548
9788876530555
9788876530562
9788876530579
9788876530586
9788876530609
9788876530616
9788876530623
9788876530630
9788876530647
9788876530654
9788876530661
9788876530685
9788876530692
9788876530708
9788876530722
9788876530746
9788876530753
9788876530777
9788876530784
9788876530791
9788876530807
9788876530821
9788876530845
9788876530852
9788876530869
9788876530876
9788876530890
9788876530906
9788876530951
9788876530968
9788876530975
9788876531002
9788876531019
9788876531026
9788876531040
9788876531064
9788876531071
9788876531088
9788876531095
9788876531101
9788876531118
9788876531132
9788876531156
9788876531163
9788876531170
9788876531187
9788876531194
9788876531200
9788876531224
9788876531231
9788876531248
9788876531255
9788876531279
9788876531293
9788876531316
9788876531347
9788876531354
9788876531361
9788876531378
9788876531385
9788876531392
9788876531408
9788876531415
9788876531422
9788876531439
9788876531446
9788876531460
9788876531477
9788876531491
9788876531507
9788876531514
9788876531521
9788876531538
9788876531545
9788876531552
9788876531569
9788876531576
9788876531583
9788876531590
9788876531606
9788876531620
9788876531637
9788876531644
9788876531651
9788876531668
9788876531675
9788876531682
9788876531699
9788876531705
9788876531712
9788876531729
9788876531736
9788876531743
9788876531750
9788876531767
9788876531774
9788876531781
9788876531798
9788876531804
9788876531811
9788876531828
9788876531835
9788876531842
9788876531859
9788876531866
9788876531873
9788876531880
9788876531897
9788876531903
9788876531910
9788876531927
9788876531934
9788876531941
9788876531958
9788876531965
9788876531972
9788876531989
9788876531996
9788876532009
9788876532016
9788876532023
9788876532030
9788876532047
9788876532221
9788876532252
9788876532283
9788876532290
9788876532320
9788876532368
9788876532375
9788876532405
9788876532412
9788876532436
9788876532443
9788876532450
9788876532474
9788876532481
9788876532498
9788876532504
9788876532511
9788876532528
9788876532542
9788876532566
9788876532573
9788876532580
9788876532597
9788876532603
9788876532610
9788876533075
9788876533129
9788876533136
9788876533143
9788876533204
9788876533228
9788876533235
9788876533242
9788876533259
9788876533266
9788876533273
9788876533280
9788876533297
9788876533303
9788876533310
9788876533327
9788876533334
9788876533365
9788876533389
9788876533396
9788876533402
9788876533433
9788876533440
9788876533457
9788876533464
9788876533488
9788876533495
9788876533501
9788876533525
9788876533532
9788876533549
9788876533563
9788876533570
9788876534003
9788876534010
9788876534041
9788876534058
9788876534065
9788876534072
9788876534089
9788876534102
9788876534119
9788876534126
9788876534218
9788876534225
9788876534232
9788876534249
9788876534256
9788876534270
9788876534287
9788876534294
9788876534324
9788876534331
9788876534362
9788876534379
9788876534423
9788876534430
9788876534447
9788876534454
9788876534461
9788876534485
9788876534492
9788876534508
9788876534515
9788876534522
9788876534539
9788876534577
9788876534584
9788876534591
9788876534621
9788876534638
9788876534645
9788876534676
9788876534683
9788876534690
9788876534713
9788876534720
9788876534737
9788876534744
9788876534751
9788876534768
9788876534782
9788876534799
9788876534881
9788876534935
9788876534942
9788876534959
9788876534966
9788876534980
9788876534997
9788876535024
9788876535031
9788876535048
9788876535086
9788876535093
9788876535109
9788876535116
9788876535123
9788876535154
9788876535161
9788876535192
9788876535208
9788876535215
9788876535222
9788876535239
9788876535246
9788876535253
9788876535260
9788876535284
9788876535307
9788876535314
9788876535376
9788876535406
9788876535420
9788876535468
9788876535475
9788876535499
9788876535505
9788876535512
9788876535529
9788876535574
9788876535604
9788876535611
9788876535628
9788876535635
9788876535659
9788876535703
9788876535727
9788876535734
9788876535741
9788876535765
9788876535772
9788876535789
9788876535796
9788876535833
9788876535840
9788876535864
9788876535871
9788876535901
9788876535918
9788876535963
9788876535970
9788876535987
9788876535994
9788876536014
9788876536021
9788876536038
9788876536045
9788876536052
9788876536069
9788876536076
9788876536113
9788876536120
9788876536137
9788876536144
9788876536151
9788876536168
9788876536182
9788876536229
9788876536236
9788876536267
9788876536281
9788876536311
9788876536342
9788876536366
9788876536380
9788876536403
9788876536410
9788876536427
9788876536434
9788876536441
9788876536489
9788876536540
9788876536557
9788876536564
9788876536588
9788876536595
9788876536601
9788876536625
9788876536632
9788876536656
9788876536670
9788876536687
9788876536694
9788876536700
9788876536717
9788876536724
9788876536731
9788876536748
9788876536755
9788876536762
9788876536786
9788876536793
9788876536809
9788876536816
9788876536830
9788876536847
9788876536854
9788876536861
9788876536878
9788876536885
9788876536892
9788876536908
9788876536915
9788876536922
9788876536939
9788876536946
9788876536953
9788876536960
9788876536984
9788876851179
9788876851360
9788876862748
9788876866142
9788876867750
9788876868078
9788876868085
9788876868092
9788876868719
9788876869822
9788877440150
9788877540737
9788877540751
9788877541154
9788877541208
9788877541246
9788877541253
9788877541260
9788877541321
9788877541338
9788877541345
9788877541437
9788877541536
9788877541581
9788877541598
9788877541611
9788877541635
9788877541642
9788877541659
9788877541666
9788877541673
9788877541680
9788877542205
9788877542236
9788877542311
9788877542588
9788877542595
9788877542618
9788877542687
9788877542830
9788877542960
9788877543288
9788877543363
9788877543509
9788877543516
9788877543752
9788877543943
9788877543950
9788877543967
9788877544049
9788877544063
9788877544483
9788877544551
9788877544575
9788877544582
9788877544650
9788877544742
9788877544902
9788877544919
9788877545190
9788877545206
9788877545411
9788877545466
9788877545473
9788877545671
9788877545732
9788877545947
9788877546012
9788877546067
9788877546074
9788877546081
9788877546128
9788877546135
9788877546180
9788877546241
9788877546593
9788877546838
9788877547286
9788877547293
9788877547484
9788877547491
9788877547507
9788877547545
9788877547590
9788877547927
9788877547941
9788877547965
9788877547972
9788877548061
9788877548085
9788877548108
9788877548115
9788877548177
9788877548474
9788877548597
9788877548665
9788877549044
9788877549075
9788877549112
9788877549211
9788877549273
9788877549280
9788877549297
9788877549327
9788877549334
9788877549341
9788877549365
9788877549372
9788877549426
9788877549518
9788877549587
9788877549624
9788877549655
9788877549679
9788877549808
9788877549822
9788877549914
9788877571557
9788877571847
9788877572066
9788877572103
9788877572127
9788877572172
9788877572233
9788877572356
9788877572431
9788877572448
9788877572516
9788877572523
9788877664860
9788878161375
9788878161436
9788878161481
9788878161498
9788878341029
9788878341043
9788878341135
9788878341203
9788878341234
9788878341241
9788878341272
9788878341289
9788878341296
9788878341319
9788878341326
9788878341333
9788878341418
9788878341463
9788878380196
9788878380233
9788878380448
9788878380523
9788878380530
9788878380561
9788878380677
9788878380738
9788878380790
9788878380813
9788878380844
9788878380929
9788878380943
9788878380981
9788878381124
9788878381186
9788878381193
9788878381209
9788878381216
9788878381223
9788878381230
9788878390003
9788878390010
9788878390027
9788878390034
9788878390041
9788878390058
9788878390072
9788878390089
9788878390096
9788878390119
9788878390126
9788878390133
9788878390140
9788878390164
9788878390171
9788878390188
9788878390195
9788878390201
9788878390218
9788878390225
9788878390249
9788878390256
9788878390270
9788878390287
9788878390294
9788878390317
9788878390324
9788878390331
9788878390355
9788878390362
9788878390379
9788878390386
9788878390393
9788878390409
9788878390416
9788878390423
9788878390430
9788878390454
9788878390461
9788878390478
9788878390485
9788878390492
9788878390508
9788878390515
9788878390522
9788878390539
9788878390546
9788878390553
9788878390560
9788878390577
9788878390584
9788878390591
9788878390607
9788878390614
9788878390621
9788878390638
9788878390652
9788878390676
9788878390683
9788878390690
9788878390713
9788878390720
9788878390737
9788878390744
9788878390751
9788878390768
9788878390775
9788878390782
9788878390799
9788878390805
9788878390812
9788878390829
9788878390836
9788878390843
9788878390850
9788878390867
9788878390874
9788878390881
9788878390898
9788878390904
9788878390911
9788878390928
9788878390935
9788878390959
9788878390973
9788878390980
9788878390997
9788878391017
9788878391024
9788878391031
9788878391048
9788878391055
9788878391062
9788878391079
9788878391086
9788878391093
9788878391109
9788878391116
9788878391123
9788878391130
9788878391147
9788878391154
9788878391161
9788878391178
9788878391185
9788878391192
9788878391208
9788878391215
9788878391239
9788878391246
9788878391253
9788878391291
9788878391307
9788878391314
9788878391321
9788878391338
9788878391345
9788878391352
9788878391369
9788878391390
9788878391406
9788878391420
9788878391444
9788878391451
9788878391475
9788878391482
9788878391499
9788878391505
9788878391512
9788878391529
9788878391536
9788878391543
9788878391550
9788878391567
9788878391574
9788878391581
9788878391598
9788878391604
9788878391611
9788878391628
9788878391659
9788878391666
9788878391673
9788878391680
9788878391697
9788878391703
9788878391710
9788878391727
9788878391734
9788878391741
9788878391758
9788878391765
9788878391772
9788878391789
9788878391796
9788878391802
9788878391819
9788878391833
9788878391857
9788878391864
9788878391871
9788878391888
9788878391895
9788878391901
9788878391918
9788878391925
9788878391949
9788878391956
9788878391963
9788878391987
9788878391994
9788878392007
9788878392014
9788878392045
9788878392052
9788878392069
9788878392076
9788878392083
9788878392090
9788878392106
9788878392113
9788878392120
9788878392137
9788878392144
9788878392151
9788878392168
9788878392175
9788878392182
9788878392199
9788878392212
9788878392229
9788878392236
9788878392267
9788878392281
9788878392298
9788878392304
9788878392311
9788878392335
9788878392342
9788878392359
9788878392366
9788878392373
9788878392380
9788878392397
9788878392403
9788878392410
9788878392427
9788878392434
9788878392441
9788878392458
9788878392465
9788878392472
9788878392489
9788878392496
9788878392502
9788878392519
9788878392526
9788878392533
9788878392540
9788878392557
9788878392564
9788878392588
9788878392601
9788878392618
9788878392625
9788878392632
9788878392663
9788878392670
9788878392687
9788878392694
9788878392700
9788878392717
9788878392724
9788878392731
9788878392748
9788878392755
9788878392762
9788878392779
9788878392786
9788878392793
9788878392809
9788878392816
9788878392823
9788878392830
9788878392847
9788878392854
9788878392861
9788878392878
9788878392885
9788878392892
9788878392908
9788878392915
9788878392922
9788878392939
9788878392946
9788878392953
9788878392960
9788878392977
9788878392984
9788878392991
9788878393004
9788878393011
9788878393028
9788878393035
9788878393042
9788878393059
9788878393066
9788878393073
9788878393080
9788878393097
9788878393103
9788878393110
9788878393127
9788878393134
9788878393141
9788878393158
9788878393165
9788878393172
9788878393189
9788878393196
9788878393202
9788878393219
9788878393226
9788878393233
9788878393240
9788878393257
9788878393264
9788878393271
9788878393288
9788878393295
9788878393301
9788878393318
9788878393325
9788878393332
9788878393349
9788878393356
9788878393363
9788878393370
9788878393387
9788878393394
9788878393400
9788878393424
9788878393431
9788878393448
9788878393455
9788878393486
9788879112635
9788879112918
9788879112956
9788879113083
9788879113175
9788879113403
9788879113441
9788879113595
9788879113649
9788879114080
9788879114646
9788879114677
9788879115049
9788879115063
9788879115124
9788879115148
9788879115278
9788879115360
9788879115391
9788879115438
9788879115513
9788879115520
9788879115544
9788879115568
9788879115650
9788879115735
9788879115742
9788879115803
9788879115841
9788879115889
9788879115896
9788879115902
9788879115940
9788879115971
9788879116060
9788879116077
9788879116084
9788879116091
9788879116107
9788879116114
9788879116121
9788879116138
9788879116176
9788879116183
9788879116220
9788879116237
9788879116244
9788879116251
9788879116268
9788879116350
9788879116398
9788879116404
9788879116411
9788879116435
9788879116541
9788879116558
9788879116565
9788879116572
9788879116589
9788879116596
9788879116701
9788879116725
9788879116732
9788879116749
9788880955528
9788880956624
9788880957485
9788880958789
9788880959229
9788880959298
9788881182107
9788881183203
9788881183982
9788881185214
9788881186549
9788881186556
9788881186884
9788881187379
9788881187393
9788881187409
9788881188666
9788881189717
9788881189731
9788881480715
9788881480807
9788881482405
9788881482412
9788881482429
9788881482436
9788881482467
9788881482498
9788881482504
9788881482528
9788881482535
9788881482566
9788881482573
9788881483211
9788881485864
9788881581306
9788881582396
9788881582587
9788881583287
9788881583607
9788881583744
9788881584772
9788881585939
9788881587049
9788881587551
9788881587773
9788881587797
9788881588282
9788881588305
9788881588343
9788881588817
9788881588824
9788881621330
9788881621422
9788881621477
9788881635504
9788881920136
9788882650018
9788882650025
9788882650056
9788882650063
9788882650070
9788882650087
9788882650094
9788882650100
9788882650117
9788882650131
9788882650155
9788882650179
9788882650186
9788882650193
9788882650216
9788882650223
9788882650230
9788882650247
9788882650254
9788882650292
9788882650315
9788882650322
9788882650360
9788882650377
9788882650407
9788882650469
9788882650490
9788882650520
9788882650544
9788882650551
9788882650599
9788882650612
9788882650629
9788882650650
9788882650667
9788882650674
9788882650681
9788882650704
9788882650711
9788882650735
9788882650742
9788882650759
9788882650766
9788882650834
9788882650841
9788882650858
9788882650865
9788882650889
9788882650896
9788882650919
9788882650926
9788882650957
9788882650964
9788882650988
9788882650995
9788882651008
9788882651022
9788882651039
9788882651060
9788882651077
9788882651107
9788882651114
9788882651121
9788882651138
9788882651145
9788882651176
9788882651190
9788882651206
9788882651213
9788882651237
9788882651275
9788882651305
9788882651336
9788882651343
9788882651350
9788882651428
9788882651435
9788882651459
9788882651466
9788882651473
9788882651497
9788882651503
9788882651510
9788882651534
9788882651541
9788882651558
9788882651565
9788882651572
9788882651596
9788882651602
9788882651619
9788882651626
9788882651633
9788882651640
9788882651657
9788882651664
9788882651688
9788882651718
9788882651725
9788882651763
9788882651770
9788882651817
9788882651824
9788882651848
9788882651862
9788882651879
9788882651886
9788882651893
9788882651909
9788882651916
9788882651947
9788882651954
9788882651961
9788882651978
9788882651985
9788882651992
9788882652029
9788882652036
9788882652043
9788882652050
9788882652067
9788882652074
9788882652081
9788882652098
9788882652104
9788882652111
9788882652128
9788882652135
9788882652142
9788882652159
9788882652166
9788882652180
9788882652197
9788882652203
9788882652241
9788882652258
9788882652265
9788882652272
9788882652296
9788882652302
9788882652319
9788882652326
9788882652333
9788882652364
9788882652371
9788882652388
9788882652395
9788882652401
9788882652425
9788882652463
9788882652470
9788882652487
9788882652494
9788882652500
9788882652531
9788882652548
9788882652579
9788882652586
9788882652593
9788882652616
9788882652623
9788882652630
9788882652647
9788882652654
9788882652661
9788882652678
9788882652685
9788882652708
9788882652746
9788882652760
9788882652777
9788882652784
9788882652791
9788882652807
9788882652814
9788882652821
9788882652845
9788882652852
9788882652883
9788882652920
9788882652937
9788882652944
9788882652951
9788882652968
9788882652982
9788882652999
9788882653002
9788882653019
9788882653026
9788882653033
9788882653040
9788882653064
9788882653088
9788882653095
9788882653101
9788882653118
9788882653125
9788882653132
9788882653149
9788882653156
9788882653163
9788882653187
9788882653194
9788882653217
9788882653231
9788882653248
9788882653255
9788882653262
9788882653279
9788882653286
9788882653293
9788882653309
9788882653316
9788882653323
9788882653330
9788882653347
9788882653354
9788882653378
9788882653385
9788882653392
9788882653408
9788882653415
9788882653422
9788882653439
9788882653446
9788882653453
9788882653477
9788882653484
9788882653491
9788882653507
9788882653521
9788882653538
9788882653545
9788882653552
9788882653569
9788882653576
9788882653583
9788882653590
9788882653606
9788882653613
9788882653620
9788882653637
9788882653644
9788882653651
9788882653682
9788882653699
9788882653705
9788882653712
9788882653729
9788882653743
9788882653750
9788882653767
9788882653774
9788882653781
9788882653798
9788882653804
9788882653811
9788882653828
9788882653835
9788882653842
9788882653859
9788882653866
9788882653873
9788882653880
9788882653897
9788882653903
9788882653910
9788882653927
9788882653934
9788882653941
9788882653958
9788882653965
9788882653972
9788882653989
9788882654009
9788882654030
9788882654047
9788882654054
9788882654061
9788882654108
9788882654115
9788882654122
9788882654139
9788882654146
9788882654153
9788882654160
9788882654177
9788882654184
9788882654191
9788882654207
9788882654214
9788882654221
9788882654238
9788882654245
9788882654252
9788882654283
9788882654306
9788882654313
9788882654320
9788882654337
9788882654344
9788882654351
9788882654368
9788882654375
9788882654382
9788882654399
9788882654405
9788882654412
9788882654429
9788882654450
9788882654467
9788882654474
9788882654481
9788882654498
9788882654511
9788882654528
9788882654535
9788882654542
9788882654559
9788882654573
9788882654580
9788882654597
9788882654603
9788882654610
9788882654634
9788882654641
9788882654665
9788882654672
9788882654689
9788882654696
9788882654702
9788882654719
9788882654726
9788882654733
9788882654740
9788882654757
9788882654771
9788882654788
9788882654795
9788882654801
9788882654818
9788882654825
9788882654832
9788882654849
9788882654856
9788882654863
9788882654870
9788882654887
9788882654894
9788882654900
9788882654917
9788882654924
9788882654948
9788882654955
9788882654962
9788882654979
9788882654986
9788882654993
9788882655013
9788882655037
9788882655044
9788882655051
9788882655075
9788882655082
9788882655099
9788882655112
9788882655129
9788882655136
9788882655143
9788882655150
9788882655167
9788882655174
9788882655181
9788882655198
9788882655211
9788882655235
9788882655259
9788882655266
9788882655273
9788882655280
9788882655297
9788882655303
9788882655310
9788882655327
9788882655334
9788882655358
9788882655372
9788882655389
9788882655396
9788882655402
9788882655419
9788882655426
9788882655433
9788882655440
9788882655457
9788882655471
9788882655488
9788882655501
9788882655525
9788882655532
9788882655549
9788882655556
9788882655587
9788882655600
9788882655617
9788882655624
9788882655648
9788882655655
9788882655662
9788882655679
9788882655686
9788882655709
9788882655723
9788882655730
9788882655747
9788882655754
9788882655761
9788882655778
9788882655785
9788882655792
9788882655808
9788882655815
9788882655839
9788882655846
9788882655853
9788882655860
9788882655877
9788882655884
9788882655891
9788882655907
9788882655914
9788882655921
9788882655938
9788882655945
9788882655952
9788882655969
9788882655976
9788882655983
9788882655990
9788882656003
9788882656010
9788882656027
9788882656034
9788882656041
9788882656058
9788882656065
9788882656089
9788882656096
9788882656102
9788882656119
9788882656126
9788882656133
9788882656140
9788882656157
9788882656164
9788882656171
9788882656188
9788882656195
9788882656201
9788882656218
9788882656225
9788882656232
9788882656249
9788882656256
9788882656263
9788882656270
9788882656287
9788882656294
9788882656317
9788882656324
9788882656331
9788882656348
9788882656355
9788882656362
9788882656409
9788882656447
9788882656485
9788882656553
9788882656577
9788882656591
9788882656614
9788882656737
9788882656768
9788882656775
9788882656812
9788882656836
9788882656843
9788882656850
9788882656904
9788882656911
9788882656928
9788882656935
9788882656966
9788882656980
9788882656997
9788882657017
9788882657031
9788882657079
9788882657123
9788882657178
9788882657185
9788882657192
9788882657208
9788882657215
9788882657222
9788882657239
9788882657246
9788882657284
9788882657314
9788882657321
9788882657390
9788882657420
9788882657444
9788882657475
9788882657512
9788882657550
9788882657581
9788882657628
9788882657635
9788882657673
9788882657680
9788882657697
9788882657703
9788882657710
9788882657727
9788882657734
9788882657758
9788882659219
9788882659257
9788882659998
9788882680114
9788882680121
9788882680282
9788882900083
9788882901745
9788882904579
9788882908584
9788882912222
9788882919009
9788883041129
9788883041174
9788883041709
9788883041723
9788883042164
9788883042560
9788883042621
9788883042638
9788883042713
9788883043444
9788883043482
9788883043574
9788883043697
9788883043703
9788883044472
9788883044762
9788883044793
9788883045219
9788883045646
9788883046292
9788883046469
9788883046476
9788883046629
9788883046643
9788883046704
9788883046865
9788883046940
9788883047299
9788883047534
9788883047589
9788883047602
9788883047619
9788883047640
9788883047701
9788883047831
9788883047930
9788883047947
9788883047961
9788883048043
9788883048210
9788883048227
9788883048319
9788883048487
9788883048494
9788883048524
9788883048616
9788883048678
9788883048692
9788883048753
9788883048807
9788883048906
9788883048937
9788883049248
9788883049408
9788883049538
9788883049545
9788883049552
9788883049637
9788883049798
9788883049804
9788883049828
9788883049835
9788883049996
9788883340062
9788883340208
9788883340253
9788883340277
9788883340291
9788883340321
9788883340369
9788883340512
9788883340567
9788883340833
9788883341120
9788883341281
9788883341311
9788883341465
9788883341601
9788883341793
9788883341892
9788883342141
9788883342363
9788883342516
9788883342523
9788883342585
9788883342899
9788883342943
9788883343025
9788883343032
9788883343148
9788883343353
9788883344251
9788883344268
9788883344541
9788883344695
9788883345418
9788883345425
9788883346934
9788883347610
9788883349607
9788883349881
9788883424144
9788883701009
9788883701023
9788883701030
9788883701054
9788883701122
9788883701139
9788883701146
9788883701153
9788883701658
9788883701665
9788883704895
9788883704901
9788883704918
9788883704925
9788883704932
9788883704949
9788883704956
9788883704970
9788883704987
9788883704994
9788883705007
9788883705014
9788883705021
9788883705038
9788883705045
9788883705052
9788883705069
9788883705366
9788883705380
9788883705489
9788883705502
9788883705519
9788883705533
9788883705625
9788883706165
9788883706172
9788883706202
9788883707100
9788883707124
9788883707148
9788883707162
9788883707209
9788883707223
9788883707247
9788883707261
9788883708602
9788883708701
9788883708718
9788883708725
9788883980008
9788883980022
9788883980039
9788883980046
9788883980053
9788883980091
9788883980114
9788883980121
9788883980138
9788883980152
9788883980176
9788883980183
9788883980220
9788883980268
9788883980305
9788883980312
9788883980374
9788883980381
9788883980398
9788883980411
9788883980435
9788883980466
9788883980473
9788883980497
9788883980503
9788883980510
9788883980541
9788883980589
9788883980602
9788883980619
9788883980626
9788883980633
9788883980671
9788883980688
9788883980695
9788883980701
9788883980718
9788883980725
9788883980756
9788883980770
9788883980800
9788883980817
9788883980824
9788884333261
9788884333483
9788884333506
9788884333513
9788884333520
9788884333537
9788884333544
9788884333575
9788884333582
9788884333599
9788884830593
9788884831033
9788884831699
9788884832832
9788884833273
9788884835024
9788884836472
9788884837783
9788884837790
9788884838407
9788884910172
9788884910233
9788884911193
9788884911377
9788884911407
9788884911469
9788884912602
9788884912824
9788884912978
9788884913043
9788884913050
9788884913166
9788884913593
9788884913791
9788884914200
9788884914606
9788884914637
9788884914927
9788884915658
9788884915696
9788884916945
9788884917683
9788884919700
9788884992406
9788884993687
9788884994059
9788884994615
9788885148024
9788885148116
9788885148123
9788885148154
9788885148208
9788885148246
9788885148253
9788885148413
9788885148420
9788885148444
9788885246546
9788885246560
9788885246584
9788885246607
9788885246621
9788885669031
9788885669093
9788885669109
9788885669192
9788885669239
9788885669253
9788885669352
9788885669444
9788885669536
9788885669598
9788885669628
9788885669666
9788885669673
9788885669703
9788885669710
9788885669727
9788885669789
9788885669802
9788885669819
9788885669826
9788885669840
9788885669871
9788885669888
9788885669949
9788885669963
9788885669994
9788885957299
9788885957480
9788885957817
9788885977655
9788885980402
9788885980419
9788885980457
9788885980471
9788885980488
9788885980617
9788885980679
9788885980693
9788885980730
9788885982628
9788886155151
9788886208239
9788886208253
9788886208628
9788886208673
9788886208680
9788886208710
9788886250405
9788886250429
9788886250535
9788886290029
9788886416580
9788886416610
9788886431071
9788886609531
9788886795333
9788886795449
9788886795517
9788886795838
9788886795869
9788886795951
9788886795982
9788886796439
9788886943642
9788886982610
9788886982702
9788887029024
9788887029048
9788887029109
9788887029116
9788887029154
9788887029178
9788887029185
9788887029321
9788887029345
9788887029352
9788887029376
9788887029390
9788887029406
9788887029413
9788887029420
9788887029437
9788887029444
9788887029529
9788887029536
9788887029550
9788887029567
9788887029574
9788887029611
9788887029635
9788887029642
9788887029659
9788887029666
9788887029673
9788887135282
9788887177848
9788887231496
9788887231694
9788887469059
9788887469356
9788887631449
9788887858013
9788887942149
9788887942316
9788887942347
9788887942620
9788887942767
9788887942774
9788887942989
9788888006024
9788888433318
9788888433356
9788888479330
9788888482101
9788888482989
9788888492049
9788888492223
9788888493060
9788888493114
9788888493138
9788888493145
9788888493169
9788888493176
9788888493183
9788888493190
9788888493206
9788888493220
9788888493237
9788888493244
9788888493329
9788888493374
9788888493381
9788888493442
9788888493459
9788888493466
9788888493480
9788888493497
9788888493510
9788888493534
9788888493602
9788888493619
9788888493626
9788888493664
9788888493718
9788888493725
9788888493756
9788888493787
9788888493831
9788888493886
9788888493893
9788888493909
9788888493923
9788888493930
9788888493947
9788888493954
9788888493961
9788888493978
9788888532073
9788888637655
9788888766010
9788888766027
9788888766089
9788888766096
9788888766102
9788888766133
9788888766157
9788888766188
9788888766195
9788888766201
9788888766218
9788888766225
9788888766232
9788888766249
9788888766256
9788888766263
9788888766270
9788888766287
9788888766300
9788888766317
9788888766331
9788888766348
9788888766355
9788888766362
9788888766379
9788888766393
9788888766515
9788888766522
9788888766539
9788888766546
9788888766553
9788888766560
9788888766577
9788888766584
9788888766591
9788888766607
9788888766614
9788888768335
9788888864020
9788888888491
9788889032008
9788889032725
9788889032800
9788889032978
9788889060131
9788889060148
9788889060155
9788889082034
9788889082096
9788889082447
9788889127070
9788889127117
9788889127278
9788889127339
9788889127414
9788889127421
9788889127445
9788889127483
9788889127537
9788889127551
9788889127919
9788889127957
9788889127971
9788889127988
9788889127995
9788889129524
9788889129630
9788889129654
9788889129661
9788889129678
9788889129708
9788889129838
9788889129852
9788889129876
9788889129883
9788889129906
9788889129937
9788889129999
9788889177099
9788889237755
9788889431078
9788889431092
9788889431238
9788889431276
9788889431320
9788889431405
9788889431702
9788889431849
9788889431887
9788889431894
9788889431900
9788889431924
9788889431955
9788889662960
9788889688212
9788889688496
9788889688939
9788889688946
9788889688953
9788889816455
9788889819401
9788889854228
9788889854327
9788889854426
9788889854457
9788889854501
9788889854563
9788889854624
9788889854839
9788889854853
9788889854877
9788889854884
9788889854891
9788889854938
9788889854983
9788889886120
9788889947258
9788890022654
9788890022661
9788890022685
9788890022692
9788890026140
9788890067822
9788890067846
9788890067877
9788890109218
9788890130496
9788890169212
9788890170171
9788890182655
9788890196010
9788890196034
9788890196058
9788890196065
9788890196072
9788890205606
9788890210419
9788890226809
9788890226991
9788890345920
9788890371059
9788890371066
9788890371073
9788890371080
9788890371097
9788890403828
9788890417825
9788890417863
9788890417870
9788890417887
9788890417894
9788890444029
9788890444784
9788890444791
9788890479205
9788890487316
9788890487842
9788890506116
9788890506154
9788890506161
9788890506178
9788890506192
9788890507229
9788890510700
9788890516450
9788890524653
9788890524677
9788890539411
9788890548413
9788890548420
9788890548437
9788890548444
9788890548451
9788890548475
9788890548482
9788890553233
9788890553271
9788890557507
9788890557514
9788890557538
9788890572814
9788890601651
9788890601668
9788890601699
9788890601828
9788890601835
9788890601859
9788890601873
9788890601897
9788890611506
9788890612602
9788890612619
9788890612626
9788890612633
9788890612640
9788890612657
9788890612688
9788890622236
9788890622243
9788890622250
9788890622267
9788890634215
9788890648304
9788890648311
9788890660306
9788890660313
9788890660320
9788890660535
9788890668951
9788890668999
9788890670930
9788890698644
9788890698668
9788890698675
9788890698682
9788890698699
9788890706301
9788890706325
9788890706332
9788890706349
9788890706363
9788890706370
9788890706387
9788890706394
9788890710032
9788890718731
9788890722004
9788890722042
9788890727030
9788890733222
9788890733253
9788890740602
9788890740640
9788890740664
9788890740695
9788890750335
9788890752988
9788890752995
9788890759413
9788890759499
9788890773198
9788890777417
9788890777912
9788890777936
9788890787218
9788890787225
9788890787249
9788890787256
9788890787263
9788890787270
9788890787287
9788890787294
9788890801839
9788890801853
9788890805721
9788890805738
9788890805745
9788890805769
9788890808319
9788890810503
9788890810534
9788890812606
9788890827112
9788890827129
9788890841804
9788890841880
9788890842528
9788890863714
9788890863721
9788890863738
9788890863752
9788890863769
9788890863776
9788890863783
9788890863790
9788890866104
9788890870408
9788890870446
9788890870460
9788890887512
9788890887529
9788890887543
9788890888373
9788890888397
9788890891700
9788890892509
9788890892516
9788890903137
9788890903151
9788890903199
9788890917264
9788890923104
9788890928611
9788890928680
9788890928697
9788890943003
9788890943027
9788890943706
9788890955235
9788890955242
9788890955259
9788890957611
9788890973727
9788890976308
9788890976988
9788890979200
9788890979217
9788890981708
9788891034069
9788891038975
9788891040046
9788891071156
9788891075697
9788891087836
9788891101334
9788891101426
9788891102294
9788891103604
9788891104342
9788891104472
9788891105660
9788891105813
9788891107367
9788891107862
9788891108029
9788891108449
9788891111166
9788891111432
9788891111975
9788891112903
9788891113528
9788891114068
9788891116758
9788891118172
9788891118301
9788891119001
9788891121301
9788891121776
9788891121967
9788891122902
9788891123343
9788891124005
9788891124104
9788891124470
9788891125309
9788891125507
9788891127655
9788891128713
9788891129154
9788891129949
9788891131713
9788891132390
9788891132468
9788891132956
9788891133397
9788891133823
9788891133861
9788891133878
9788891134226
9788891134257
9788891135063
9788891136503
9788891136558
9788891139795
9788891140029
9788891141774
9788891141828
9788891142016
9788891143587
9788891144553
9788891145284
9788891145543
9788891147134
9788891147257
9788891147448
9788891147851
9788891148049
9788891148612
9788891148650
9788891148810
9788891148827
9788891148858
9788891148902
9788891149619
9788891149770
9788891149787
9788891150004
9788891150448
9788891151063
9788891151414
9788891153005
9788891153074
9788891153272
9788891153364
9788891156228
9788891156303
9788891156433
9788891156563
9788891156587
9788891156648
9788891156778
9788891156839
9788891156976
9788891156990
9788891157065
9788891157263
9788891157416
9788891159182
9788891159236
9788891159403
9788891159762
9788891159946
9788891159953
9788891161048
9788891161406
9788891161413
9788891161628
9788891161666
9788891162977
9788891162991
9788891163035
9788891163820
9788891163837
9788891164971
9788891165145
9788891165268
9788891165411
9788891165497
9788891165619
9788891165671
9788891165817
9788891165855
9788891165862
9788891165985
9788891166418
9788891166425
9788891166548
9788891166609
9788891167033
9788891167118
9788891167293
9788891167323
9788891167415
9788891167422
9788891167439
9788891167446
9788891167569
9788891167811
9788891167828
9788891167859
9788891167989
9788891169105
9788891169129
9788891169143
9788891169402
9788891169440
9788891169457
9788891169464
9788891169556
9788891169570
9788891170989
9788891171009
9788891171023
9788891171054
9788891171177
9788891171405
9788891171672
9788891171870
9788891171979
9788891172938
9788891173072
9788891173164
9788891173331
9788891173423
9788891173652
9788891175137
9788891175373
9788891175557
9788891175922
9788891176004
9788891176028
9788891176042
9788891176233
9788891176394
9788891176431
9788891178107
9788891178114
9788891178312
9788891178350
9788891178442
9788891178565
9788891178572
9788891178626
9788891178701
9788891178718
9788891178732
9788891178763
9788891179029
9788891179067
9788891179081
9788891179166
9788891179340
9788891179364
9788891181053
9788891181114
9788891181138
9788891181169
9788891181213
9788891181350
9788891181381
9788891181435
9788891181503
9788891181510
9788891181572
9788891181732
9788891181749
9788891181756
9788891181886
9788891181893
9788891181954
9788891182043
9788891182197
9788891182371
9788891182678
9788891183064
9788891183255
9788891183361
9788891183385
9788891183453
9788891183644
9788891184047
9788891184085
9788891184092
9788891184139
9788891184146
9788891184368
9788891184375
9788891184399
9788891184412
9788891184474
9788891185150
9788891185334
9788891185341
9788891185358
9788891185389
9788891185570
9788891185600
9788891185617
9788891185839
9788891185884
9788891185938
9788891186621
9788891186683
9788891186812
9788891186829
9788891186836
9788891186911
9788891186942
9788891187024
9788891187062
9788891187093
9788891187192
9788891187208
9788891187215
9788891187321
9788891187390
9788891188038
9788891188076
9788891188083
9788891188090
9788891188168
9788891188267
9788891188274
9788891188380
9788891188403
9788891188427
9788891188472
9788891188496
9788891188984
9788891189059
9788891189097
9788891189134
9788891189172
9788891189370
9788891190024
9788891190048
9788891190055
9788891190079
9788891190093
9788891190123
9788891190185
9788891190239
9788891190246
9788891190253
9788891190260
9788891190284
9788891190383
9788891190406
9788891190437
9788891191007
9788891191038
9788891191120
9788891191151
9788891191274
9788891191304
9788891192004
9788891192011
9788891192080
9788891192363
9788891192424
9788891192431
9788891192448
9788891193063
9788891193131
9788891193155
9788891193186
9788891193193
9788891193209
9788891193308
9788891193353
9788891193391
9788891193438
9788891193452
9788891193490
9788891194053
9788891194176
9788891194237
9788891194268
9788891194336
9788891194459
9788891195036
9788891195067
9788891195173
9788891195203
9788891195265
9788891195395
9788891195401
9788891195449
9788891195470
9788891196132
9788891196255
9788891196262
9788891196415
9788891196453
9788891196477
9788891196491
9788891197047
9788891197061
9788891197153
9788891197207
9788891197283
9788891197320
9788891197443
9788891197450
9788891197481
9788891197498
9788891198044
9788891198051
9788891198150
9788891198358
9788891198464
9788891199003
9788891199096
9788891199331
9788891199362
9788891199379
9788891199478
9788891199485
9788891300010
9788891300034
9788891300089
9788891300102
9788891300133
9788891300195
9788891300232
9788891300270
9788891300317
9788891300355
9788891302731
9788891303455
9788891304735
9788891304780
9788891304926
9788891304933
9788891304964
9788891306340
9788891306364
9788891306388
9788891306401
9788891306425
9788891306432
9788891306487
9788891306494
9788891306517
9788891306548
9788891306555
9788891306579
9788891306593
9788891306616
9788891306630
9788891306661
9788891306685
9788891306692
9788891306722
9788891306746
9788891306760
9788891306784
9788891306807
9788891306814
9788891306821
9788891306869
9788891306883
9788891306890
9788891306913
9788891307606
9788891307613
9788891307651
9788891307675
9788891307705
9788891307712
9788891307729
9788891307750
9788891307774
9788891307798
9788891307804
9788891307842
9788891307941
9788891308023
9788891308115
9788891308139
9788891308177
9788891308214
9788891308252
9788891308290
9788891308375
9788891308443
9788891308498
9788891308528
9788891308535
9788891308573
9788891308580
9788891308696
9788891308702
9788891308726
9788891308740
9788891308757
9788891308801
9788891308825
9788891308863
9788891308887
9788891308917
9788891308924
9788891308962
9788891308986
9788891308993
9788891309006
9788891309013
9788891309020
9788891309037
9788891309075
9788891309174
9788891309198
9788891309228
9788891309235
9788891309242
9788891309273
9788891309297
9788891309310
9788891309334
9788891309402
9788891309426
9788891309471
9788891309488
9788891309495
9788891309501
9788891309518
9788891309532
9788891309556
9788891309563
9788891309587
9788891309686
9788891309693
9788891309723
9788891309945
9788891309952
9788891309990
9788891310026
9788891310118
9788891310194
9788891310293
9788891310316
9788891310323
9788891310392
9788891311108
9788891311146
9788891311351
9788891311375
9788891311641
9788891801388
9788892315129
9788892501607
9788892526709
9788892551411
9788892554214
9788892604346
9788892605503
9788892606432
9788892607408
9788892610132
9788892612846
9788892614543
9788892615274
9788892615922
9788892621190
9788893060066
9788893060073
9788893060080
9788893060233
9788893060424
9788893060912
9788893061162
9788893061193
9788893061292
9788893061308
9788893061391
9788893061469
9788893061490
9788893061513
9788893061599
9788893061919
9788893062800
9788893062831
9788893062909
9788893062923
9788893062985
9788893063371
9788893063692
9788893063777
9788893063982
9788893064309
9788893064323
9788893064392
9788893064941
9788893065122
9788893065252
9788893065306
9788893065313
9788893065436
9788893065498
9788893065504
9788893065580
9788893065764
9788893066075
9788893066266
9788893066327
9788893066952
9788893067171
9788893067829
9788893068017
9788893068024
9788893068574
9788893068741
9788893068949
9788893069175
9788893069311
9788893069625
9788893069748
9788893069793
9788893069809
9788893069960
9788893069984
9788893069991
9788893120005
9788893120012
9788893120050
9788893120111
9788893120197
9788893120418
9788893120500
9788893120548
9788893120722
9788893120845
9788893120883
9788893120890
9788893120913
9788893120937
9788893120999
9788893121019
9788893121057
9788893121132
9788893121194
9788893121286
9788893121293
9788893121316
9788893121323
9788893121408
9788893121446
9788893121453
9788893121460
9788893121484
9788893121507
9788893121514
9788893121545
9788893121569
9788893121576
9788893121613
9788893121682
9788893210003
9788893210027
9788893210034
9788893210324
9788893210454
9788893210515
9788893210706
9788893210751
9788893210850
9788893210997
9788893211154
9788893211437
9788893211475
9788893211536
9788893212595
9788893212663
9788893212762
9788893212939
9788893213202
9788893213394
9788893214025
9788893214285
9788893214421
9788893214674
9788893215299
9788893215305
9788893215336
9788893215411
9788893215459
9788893215503
9788893215602
9788893216302
9788893216715
9788893216890
9788893216951
9788893217026
9788893217057
9788893217354
9788893217859
9788893218238
9788893218573
9788893218634
9788893218856
9788893218931
9788893219037
9788893219051
9788893219198
9788893219228
9788893219266
9788893219341
9788893219518
9788893219563
9788893219587
9788893219631
9788893270410
9788893270465
9788893270472
9788893270502
9788893270519
9788893270533
9788893270540
9788893270557
9788893270649
9788893270717
9788893270724
9788893270762
9788893270809
9788893270816
9788893270823
9788893270830
9788893270847
9788893270854
9788893270861
9788893270878
9788893270892
9788893270908
9788893270922
9788893270946
9788893270953
9788893270960
9788893270984
9788893270991
9788893271028
9788893271042
9788893271059
9788893271080
9788893271097
9788893271103
9788893271110
9788893271134
9788893271189
9788893271196
9788893271202
9788893271240
9788893271257
9788893271295
9788893271325
9788893271356
9788893271479
9788893271493
9788893271509
9788893271547
9788893271561
9788893271578
9788893271639
9788893271646
9788893271677
9788893271707
9788893271738
9788893271769
9788893271783
9788893320078
9788893320627
9788893321228
9788893322492
9788893322522
9788893322546
9788893325240
9788893325257
9788893327244
9788893328531
9788893328548
9788893329484
9788893850025
9788894003284
9788894003291
9788894017014
9788894021400
9788894022100
9788894022124
9788894022155
9788894022407
9788894030402
9788894030419
9788894030426
9788894030433
9788894030457
9788894030471
9788894033311
9788894033342
9788894036206
9788894036244
9788894036268
9788894038910
9788894038934
9788894043822
9788894043839
9788894044119
9788894044140
9788894059335
9788894059373
9788894059809
9788894075700
9788894079111
9788894109108
9788894109115
9788894111408
9788894112207
9788894112214
9788894112245
9788894116915
9788894118506
9788894118520
9788894118544
9788894118575
9788894118599
9788894122800
9788894122817
9788894122824
9788894122831
9788894151800
9788894151817
9788894151824
9788894162202
9788894170405
9788894170412
9788894205671
9788894211603
9788894806052
9788894806090
9788894806113
9788894806137
9788894806151
9788894813005
9788895011042
9788895011080
9788895031071
9788895145006
9788895145013
9788895145020
9788895145051
9788895145068
9788895145075
9788895145082
9788895145099
9788895145167
9788895145174
9788895145198
9788895145204
9788895145211
9788895145228
9788895145235
9788895145242
9788895145259
9788895145273
9788895145280
9788895145297
9788895145303
9788895145327
9788895145341
9788895145365
9788895145372
9788895145389
9788895145396
9788895145402
9788895145419
9788895145426
9788895145433
9788895145457
9788895145471
9788895145570
9788895145907
9788895145945
9788895218199
9788895218427
9788895218458
9788895218465
9788895218489
9788895218496
9788895218687
9788895218694
9788895218700
9788895218793
9788895218809
9788895218816
9788895218823
9788895218830
9788895218847
9788895218908
9788895218915
9788895218977
9788895218991
9788895250007
9788895250014
9788895250021
9788895250038
9788895250045
9788895410241
9788895414034
9788895414102
9788895414171
9788895414850
9788895450001
9788895450025
9788895450032
9788895450056
9788895450070
9788895450094
9788895450117
9788895450292
9788895450322
9788895450339
9788895450360
9788895450377
9788895450384
9788895450940
9788895450971
9788895604008
9788895604015
9788895604039
9788895604053
9788895604060
9788895604084
9788895604091
9788895604107
9788895604220
9788895604268
9788895623030
9788895623108
9788895623139
9788895623214
9788895623221
9788895623269
9788895623290
9788895623344
9788895623375
9788895623382
9788895623405
9788895623429
9788895623498
9788895623535
9788895623566
9788895623658
9788895623832
9788895623849
9788895623948
9788895686004
9788895686011
9788895686035
9788895686042
9788895686073
9788895686080
9788895686103
9788895686110
9788895686158
9788895686202
9788895686219
9788895686226
9788895686233
9788895686240
9788895686257
9788895686288
9788895702001
9788895836126
9788895836133
9788895836164
9788895836171
9788895836218
9788895862668
9788895862828
9788895994000
9788895994017
9788895994031
9788895994048
9788895994055
9788895994062
9788895994109
9788895994116
9788895994147
9788895994154
9788895994178
9788895994536
9788895994550
9788895994567
9788895994574
9788895994581
9788895994598
9788895994642
9788895994666
9788896104552
9788896104712
9788896104743
9788896209042
9788896337066
9788896337110
9788896337141
9788896337646
9788896337660
9788896345276
9788896345306
9788896345320
9788896345337
9788896412534
9788896447000
9788896447017
9788896447024
9788896447031
9788896447048
9788896447055
9788896447086
9788896483091
9788896483138
9788896483145
9788896483176
9788896483206
9788896501290
9788896519523
9788896519554
9788896519936
9788896519950
9788896519974
9788896519981
9788896532027
9788896532072
9788896532119
9788896576014
9788896576021
9788896576038
9788896576045
9788896576052
9788896576069
9788896576090
9788896576106
9788896576113
9788896576120
9788896576137
9788896576144
9788896576151
9788896576168
9788896576175
9788896576182
9788896576199
9788896576205
9788896576397
9788896576410
9788896576434
9788896576458
9788896576472
9788896576496
9788896576519
9788896576533
9788896576557
9788896576571
9788896576595
9788896576618
9788896576632
9788896576656
9788896576670
9788896576694
9788896576717
9788896576731
9788896576755
9788896576786
9788896576809
9788896576823
9788896639207
9788896639245
9788896639252
9788896727119
9788896727249
9788896727256
9788896727270
9788896727324
9788896728345
9788896728680
9788896732014
9788896732021
9788896732069
9788896732083
9788896732120
9788896732137
9788896732144
9788896732182
9788896732205
9788896732236
9788896732243
9788896732267
9788896732281
9788896732298
9788896732328
9788896732335
9788896732342
9788896732359
9788896732373
9788896732403
9788896732410
9788896732434
9788896732465
9788896732502
9788896732533
9788896732588
9788896732625
9788896732632
9788896732656
9788896732663
9788896732670
9788896732694
9788896732700
9788896732717
9788896732724
9788896732731
9788896732748
9788896732809
9788896732847
9788896732861
9788896732939
9788896818640
9788896865064
9788897022206
9788897028079
9788897028086
9788897028109
9788897028123
9788897028154
9788897028161
9788897028185
9788897028192
9788897028215
9788897028222
9788897028239
9788897028246
9788897028253
9788897028277
9788897028284
9788897028291
9788897028338
9788897028345
9788897028352
9788897028369
9788897028383
9788897172000
9788897233008
9788897300014
9788897419075
9788897419099
9788897419105
9788897419174
9788897419198
9788897419211
9788897419334
9788897419372
9788897419396
9788897419419
9788897419471
9788897419631
9788897419709
9788897419716
9788897479024
9788897479031
9788897479048
9788897479055
9788897479062
9788897479079
9788897479086
9788897479093
9788897489238
9788897489245
9788897489283
9788897489290
9788897489320
9788897503873
9788897535126
9788897535133
9788897535157
9788897551171
9788897551249
9788897551287
9788897551324
9788897637592
9788897640004
9788897640028
9788897644095
9788897644101
9788897644125
9788897644156
9788897644163
9788897644217
9788897644255
9788897644361
9788897728146
9788897728153
9788897728160
9788897728207
9788897728252
9788897728375
9788897737025
9788897737094
9788897737117
9788897737179
9788897737223
9788897737292
9788897737308
9788897737346
9788897737377
9788897737391
9788897737438
9788897737476
9788897737483
9788897737629
9788897737636
9788897737643
9788897737667
9788897737674
9788897737735
9788897737766
9788897737780
9788897737827
9788897737858
9788897737865
9788897737940
9788897753032
9788897810551
9788897810568
9788897815501
9788897815525
9788897815563
9788897815594
9788897815617
9788897815631
9788897815679
9788897815709
9788897815723
9788897815747
9788897815761
9788897815785
9788897815808
9788897896067
9788897896210
9788897896227
9788897896272
9788897896333
9788897896456
9788897896517
9788897904007
9788897914778
9788897944072
9788897944102
9788897944171
9788897944225
9788897944232
9788897944249
9788897944256
9788897944263
9788897944331
9788897944348
9788897944355
9788897944362
9788897944393
9788897944409
9788897944430
9788897944447
9788897944454
9788897944461
9788897944485
9788897944638
9788897944980
9788897951056
9788897951216
9788897951339
9788897951377
9788897982791
9788898049387
9788898061457
9788898061983
9788898098019
9788898098026
9788898113330
9788898121083
9788898156108
9788898156344
9788898212255
9788898212286
9788898212293
9788898212309
9788898212316
9788898212323
9788898212347
9788898212354
9788898212361
9788898212378
9788898212385
9788898212392
9788898212408
9788898212422
9788898212439
9788898212446
9788898212484
9788898212491
9788898212521
9788898212538
9788898212545
9788898212576
9788898212583
9788898212590
9788898212606
9788898212620
9788898212637
9788898212668
9788898212675
9788898212682
9788898212699
9788898212705
9788898212712
9788898212729
9788898212736
9788898212743
9788898212774
9788898212798
9788898212804
9788898212811
9788898212842
9788898212866
9788898212873
9788898212880
9788898212897
9788898212910
9788898212927
9788898212934
9788898212941
9788898212958
9788898212965
9788898212972
9788898212989
9788898212996
9788898313723
9788898313778
9788898313785
9788898313792
9788898313839
9788898361021
9788898361052
9788898361120
9788898361137
9788898361151
9788898361199
9788898361236
9788898361335
9788898361359
9788898361427
9788898361489
9788898361571
9788898361588
9788898361670
9788898361694
9788898361755
9788898361786
9788898361823
9788898361830
9788898361892
9788898361939
9788898361991
9788898391080
9788898391103
9788898391141
9788898391219
9788898391257
9788898391264
9788898391332
9788898391356
9788898391363
9788898391479
9788898391486
9788898391493
9788898391561
9788898391578
9788898391585
9788898426560
9788898426614
9788898426775
9788898426867
9788898426911
9788898437238
9788898437283
9788898437481
9788898437498
9788898437528
9788898437542
9788898437580
9788898437627
9788898437665
9788898446193
9788898446209
9788898459018
9788898459025
9788898459056
9788898459063
9788898459070
9788898461332
9788898470150
9788898470167
9788898470174
9788898470198
9788898470228
9788898470310
9788898470358
9788898470365
9788898470402
9788898470426
9788898470440
9788898470457
9788898470495
9788898470570
9788898470648
9788898470662
9788898470686
9788898470716
9788898470761
9788898470822
9788898470839
9788898470860
9788898470877
9788898470884
9788898470907
9788898470921
9788898470938
9788898470983
9788898470990
9788898507009
9788898559053
9788898559060
9788898559077
9788898565009
9788898565016
9788898565061
9788898565078
9788898565115
9788898565122
9788898565139
9788898565184
9788898565207
9788898565290
9788898565337
9788898565344
9788898591077
9788898591084
9788898591091
9788898591114
9788898591138
9788898591152
9788898591169
9788898591183
9788898591244
9788898591251
9788898591275
9788898591343
9788898599530
9788898601004
9788898642946
9788898708635
9788898754410
9788898754427
9788898754441
9788898754465
9788898754489
9788898754571
9788898754670
9788898774067
9788898774128
9788898812004
9788898812059
9788898812073
9788898812110
9788898812141
9788898812158
9788898812172
9788898812196
9788898812219
9788898812233
9788898812257
9788898812271
9788898812295
9788898812325
9788898825028
9788898891061
9788898891092
9788898891108
9788898891122
9788898894000
9788898894024
9788898894048
9788898894055
9788898894062
9788898894079
9788898894086
9788898894093
9788898894109
9788898894116
9788898894123
9788898894130
9788898894147
9788898953134
9788898953158
9788898953189
9788898953226
9788898953257
9788898953271
9788898953356
9788898953424
9788898953455
9788898953486
9788898953509
9788898953554
9788898993000
9788898993024
9788898993048
9788899049027
9788899049034
9788899049041
9788899049058
9788899049065
9788899058098
9788899069001
9788899069070
9788899118099
9788899151003
9788899151027
9788899151041
9788899178000
9788899180102
9788899180119
9788899180157
9788899180188
9788899180294
9788899180331
9788899180348
9788899180478
9788899180508
9788899180515
9788899180539
9788899180553
9788899180560
9788899187040
9788899212001
9788899212025
9788899212056
9788899216184
9788899216207
9788899225049
9788899344399
9788899344481
9788899344597
9788899344610
9788899373160
9788899373184
9788899373214
9788899373221
9788899373313
9788899405083
9788899521004
9788899521011
9788899521028
9788899565084
9788899565169
9788899565190
9788899569136
9788899569150
9788899569198
9788899569204
9788899569228
9788899569259
9788899569266
9788899569273
9788899569297
9788899569327
9788899635015
9788899635039
9788899635138
9788899635190
9788899635206
9788899635213
9788899635305
9788899635312
9788899635336
9788899652135
9788899652210
9788899652265
9788899652302
9788899652326
9788899747008
9788899747015
9788899747022
9788899747039
9788899747046
9788899747053
9788899747060
9788899747077
9788899747084
9788899747091
9788899747121
9788899747138
9788899747145
9788899747152
9788899747176
9788899747190
9788899747206
9788899747213
9788899747220
9788899747237
9788899747244
9788899747251
9788899747275
9788899747282
9788899747299
9788899747305
9788899747312
9788899747329
9788899747336
9788899747343
9788899747350
9788899747367
9788899747374
9788899747381
9788899747398
9788899747404
9788899747411
9788899747428
9788899747435
9788899747442
9788899747459
9788899747466
9788899747473
9788899747480
9788899747497
9788899747503
9788899747510
9788899747527
9788899747534
9788899747541
9788899747558
9788899747572
9788899747589
9788899747596
9788899747602
9788899747619
9788899747626
9788899747633
9788899747640
9788899747664
9788899747671
9788899747695
9788899747701
9788899747718
9788899765026
9788899765200
9788899765293
9788899765316
9788899765323
9788899770013
9788901205595
9788925400730
9788925400792
9788925531472
9788926391082
9788931433692
9788931433708
9788931433715
9788931434347
9788931434378
9788931434385
9788932916194
9788934928126
9788937463105
9788937487927
9788939805668
9788949120744
9788949185224
9788949185231
9788949185255
9788950925673
9788952209481
9788952211743
9788952744517
9788952744531
9788952744555
9788952744579
9788952744654
9788952744708
9788952744715
9788952744722
9788952744739
9788952744746
9788952744753
9788952744777
9788952744784
9788952744791
9788952744814
9788952744845
9788952744876
9788952744890
9788952744906
9788952744913
9788952744937
9788952744944
9788952744982
9788952744999
9788952745002
9788952746009
9788952746047
9788952746054
9788952746078
9788952746085
9788952746092
9788952746108
9788952746115
9788952746122
9788952747020
9788954608640
9788954608657
9788954611800
9788954618731
9788954622103
9788956607108
9788956607580
9788956608082
9788957412077
9788960174634
9788962370164
9788962370782
9788965590262
9788965590972
9788965640592
9788966290406
9788966290413
9788966290420
9788966290628
9788966290666
9788966291885
9788966291908
9788966291922
9788966291939
9788966291953
9788966291991
9788966292011
9788966292035
9788966292059
9788966292073
9788966293193
9788966293230
9788966293247
9788966293254
9788966293261
9788966293339
9788966293353
9788966293377
9788966293384
9788966293421
9788966293841
9788966293858
9788966293872
9788966293919
9788966293926
9788966294022
9788966294046
9788966294053
9788966294060
9788966294091
9788966297986
9788966297993
9788966298006
9788966298013
9788966298020
9788966298037
9788966298044
9788966298051
9788966298068
9788966298075
9788966298082
9788966298099
9788966298105
9788966298778
9788966298785
9788966298792
9788966298808
9788966298815
9788966298822
9788966298839
9788966298846
9788966298853
9788966298860
9788966298877
9788966298884
9788966298891
9788966298907
9788966298914
9788966298921
9788966298938
9788966298945
9788966298952
9788966298969
9788966298976
9788966298983
9788966298990
9788966299003
9788966299010
9788966299027
9788966299034
9788966299041
9788966299058
9788966299065
9788966299072
9788966299089
9788966299096
9788966299102
9788966299119
9788966299751
9788966299768
9788966299775
9788966299782
9788966299799
9788966299805
9788966299812
9788970128337
9788971849224
9788971849309
9788972121466
9788972121473
9788972121480
9788972756972
9788974834128
9788979441062
9788980630974
9788980631322
9788980631575
9788980632251
9788980632282
9788982875595
9788982878336
9788986326086
9788987223247
9788987719115
9788987719122
9788990396587
9788990852038
9788990852045
9788991857278
9788991857407
9788991913127
9788991913134
9788991913141
9788991913172
9788991913196
9788991913264
9788991913530
9788991913547
9788991913578
9788991913585
9788991913646
9788991913660
9788991913684
9788991913691
9788991913714
9788991913745
9788991913752
9788991913783
9788991913813
9788991913837
9788991913868
9788991913875
9788991913882
9788991913981
9788992233187
9788992233422
9788992233439
9788992233712
9788992233729
9788992233767
9788992233774
9788992358224
9788992358453
9788993055023
9788993055030
9788993055122
9788993242935
9788993575989
9788994231945
9788994231952
9788994231969
9788994231976
9788994231990
9788994343648
9788995047323
9788995103401
9788995164501
9788995376065
9788995388549
9788995388556
9788995388563
9788995388570
9788995388587
9788995675892
9788996385806
9788996641407
9788996651161
9788996788980
9788997069309
9788997411054
9788997639007
9788997639038
9788997639045
9788997639052
9788997639076
9788997639090
9788997639236
9788997639373
9788997639397
9788997639403
9788997639410
9788997639496
9788997639526
9788997639533
9789000000043
9789000001460
9789000001484
9789000001491
9789000001514
9789000008827
9789000009671
9789000009688
9789000011216
9789000012367
9789000013340
9789000017713
9789000018093
9789000018444
9789000018451
9789000018536
9789000020744
9789000024407
9789000024919
9789000024933
9789000024957
9789000025084
9789000026227
9789000026241
9789000027194
9789000028832
9789000029969
9789000030477
9789000033126
9789000033898
9789000034406
9789000034420
9789000034482
9789000035991
9789000036004
9789000036189
9789000036295
9789000036790
9789000039791
9789000039845
9789000039883
9789000039890
9789000039906
9789000041305
9789000041428
9789000041435
9789000042210
9789000043323
9789000044078
9789000044726
9789000044931
9789000045099
9789000045105
9789000045877
9789000045938
9789000045945
9789000046249
9789000046263
9789000046294
9789000046300
9789000046522
9789000046546
9789000047185
9789000047192
9789000047208
9789000047215
9789000047222
9789000047239
9789000047611
9789000047635
9789000047642
9789000047734
9789000047741
9789000047765
9789000047918
9789000047925
9789000047932
9789000047963
9789000048069
9789000048076
9789000048083
9789000048090
9789000048106
9789000048151
9789000048250
9789000048540
9789000048601
9789000048656
9789000048960
9789000048977
9789000049509
9789000050369
9789000050772
9789000051212
9789000052356
9789000053117
9789000053674
9789000053834
9789000054190
9789000054299
9789000054381
9789000054480
9789000054497
9789000054503
9789000054510
9789000054947
9789000055517
9789000058693
9789000060009
9789000060047
9789000060160
9789000060184
9789000062447
9789000062645
9789000062652
9789000062690
9789000062706
9789000064076
9789000064144
9789000064328
9789000065523
9789000066117
9789000066124
9789000066322
9789000067732
9789000068340
9789000068517
9789000068524
9789001013103
9789001577049
9789001580025
9789001585600
9789001597757
9789001607012
9789001645601
9789001670801
9789001703820
9789001752705
9789001771287
9789001775704
9789001789237
9789001790264
9789001790981
9789001798604
9789001805036
9789001805807
9789001807597
9789001807986
9789001809768
9789001812591
9789001813857
9789001818623
9789001818661
9789001931025
9789001931032
9789001937102
9789001974428
9789004001138
9789004001152
9789004004320
9789004004719
9789004005563
9789004005631
9789004006218
9789004006225
9789004006263
9789004006270
9789004006812
9789004007437
9789004007475
9789004007505
9789004009493
9789004011021
9789004011069
9789004011083
9789004011090
9789004011106
9789004011113
9789004011120
9789004011137
9789004011144
9789004011151
9789004011168
9789004011953
9789004011984
9789004011991
9789004012004
9789004012066
9789004012141
9789004012547
9789004012554
9789004012967
9789004015838
9789004015869
9789004015883
9789004015890
9789004015937
9789004015951
9789004015968
9789004015975
9789004016002
9789004016019
9789004016026
9789004016033
9789004016057
9789004016064
9789004016811
9789004017252
9789004017269
9789004017306
9789004018570
9789004020078
9789004020092
9789004021044
9789004021181
9789004021273
9789004021358
9789004021389
9789004021433
9789004021464
9789004021471
9789004021952
9789004021969
9789004022003
9789004023154
9789004023253
9789004023260
9789004023277
9789004023314
9789004023321
9789004023345
9789004023352
9789004023369
9789004023376
9789004023390
9789004023413
9789004023420
9789004025677
9789004025837
9789004025981
9789004025998
9789004026001
9789004026032
9789004026131
9789004026209
9789004026230
9789004026407
9789004026438
9789004026520
9789004026568
9789004026582
9789004030039
9789004030077
9789004030428
9789004030909
9789004030916
9789004030923
9789004030992
9789004031319
9789004033078
9789004033115
9789004033382
9789004033412
9789004033443
9789004034051
9789004034334
9789004034501
9789004034525
9789004034587
9789004034693
9789004034723
9789004034778
9789004034952
9789004035041
9789004035058
9789004035102
9789004035218
9789004035256
9789004035355
9789004035485
9789004035492
9789004035836
9789004035874
9789004036024
9789004036369
9789004036413
9789004036543
9789004036550
9789004036567
9789004036574
9789004036604
9789004036994
9789004037182
9789004037212
9789004037236
9789004037298
9789004037380
9789004037410
9789004037465
9789004037632
9789004037717
9789004037830
9789004037847
9789004037939
9789004038776
9789004038783
9789004038813
9789004038899
9789004038950
9789004039001
9789004039131
9789004039339
9789004039346
9789004039438
9789004039711
9789004039728
9789004039742
9789004039841
9789004039865
9789004039919
9789004040007
9789004041530
9789004041813
9789004041851
9789004041868
9789004041905
9789004041936
9789004042056
9789004042063
9789004042094
9789004042179
9789004042292
9789004042322
9789004042551
9789004042575
9789004042735
9789004042780
9789004042797
9789004042933
9789004043077
9789004043091
9789004043145
9789004043183
9789004043213
9789004043244
9789004043282
9789004043299
9789004043312
9789004043374
9789004043497
9789004043596
9789004043602
9789004043695
9789004043725
9789004043763
9789004043817
9789004043862
9789004043893
9789004043923
9789004043930
9789004043947
9789004043978
9789004043985
9789004043992
9789004044654
9789004044753
9789004044784
9789004044869
9789004044876
9789004045026
9789004045071
9789004045095
9789004045101
9789004045132
9789004045149
9789004045194
9789004045286
9789004045293
9789004045323
9789004045378
9789004045392
9789004045408
9789004045477
9789004045569
9789004045705
9789004047242
9789004047433
9789004047563
9789004047747
9789004047914
9789004048027
9789004048072
9789004048119
9789004048188
9789004048591
9789004048690
9789004048775
9789004048850
9789004048867
9789004049123
9789004049161
9789004049178
9789004049185
9789004049239
9789004049253
9789004049277
9789004049284
9789004050624
9789004052352
9789004052451
9789004052529
9789004052659
9789004052826
9789004052864
9789004054356
9789004054363
9789004054370
9789004054981
9789004056060
9789004056299
9789004056329
9789004056343
9789004056350
9789004056619
9789004056718
9789004056725
9789004056855
9789004056862
9789004056893
9789004057029
9789004057098
9789004057258
9789004057449
9789004057456
9789004057524
9789004057548
9789004057616
9789004057852
9789004057951
9789004057999
9789004058057
9789004058354
9789004058361
9789004058453
9789004058484
9789004058668
9789004058736
9789004058781
9789004058828
9789004059122
9789004059177
9789004059412
9789004059498
9789004059573
9789004059689
9789004059962
9789004059986
9789004059993
9789004060166
9789004060173
9789004060296
9789004060401
9789004060470
9789004060647
9789004060654
9789004061088
9789004061279
9789004061590
9789004061613
9789004061743
9789004061941
9789004061958
9789004061996
9789004062078
9789004062085
9789004062108
9789004062474
9789004062610
9789004062627
9789004062634
9789004062764
9789004062771
9789004062832
9789004062955
9789004063020
9789004063129
9789004063426
9789004063457
9789004063464
9789004063723
9789004063778
9789004063853
9789004063877
9789004064003
9789004064027
9789004064034
9789004064195
9789004064218
9789004064232
9789004064690
9789004064737
9789004065000
9789004065055
9789004065062
9789004065086
9789004065147
9789004065291
9789004065369
9789004065529
9789004065536
9789004065550
9789004065604
9789004065628
9789004065710
9789004065802
9789004065864
9789004065871
9789004065963
9789004067288
9789004067349
9789004067622
9789004067806
9789004068261
9789004068438
9789004068544
9789004068674
9789004068728
9789004068742
9789004068797
9789004068933
9789004069244
9789004069251
9789004069343
9789004069367
9789004069459
9789004069695
9789004069701
9789004069749
9789004070035
9789004070172
9789004070257
9789004070264
9789004070288
9789004070318
9789004070561
9789004070844
9789004070950
9789004070998
9789004071025
9789004071032
9789004071056
9789004071063
9789004071094
9789004071100
9789004071155
9789004071179
9789004071292
9789004071322
9789004071421
9789004071599
9789004071605
9789004071728
9789004071766
9789004071773
9789004071797
9789004071827
9789004072268
9789004072312
9789004072442
9789004072459
9789004072619
9789004072633
9789004072817
9789004072824
9789004072855
9789004072862
9789004072947
9789004073081
9789004073098
9789004073128
9789004073135
9789004073142
9789004074149
9789004074231
9789004074262
9789004074279
9789004074651
9789004074682
9789004074781
9789004074798
9789004074811
9789004074866
9789004075108
9789004075115
9789004075122
9789004075689
9789004075924
9789004075979
9789004076013
9789004076082
9789004076099
9789004076112
9789004076440
9789004076655
9789004076723
9789004076778
9789004076785
9789004076792
9789004076815
9789004076969
9789004077027
9789004077058
9789004077133
9789004077157
9789004077195
9789004077201
9789004077270
9789004077348
9789004077379
9789004077416
9789004077522
9789004077669
9789004077713
9789004077829
9789004077898
9789004078093
9789004078192
9789004078208
9789004078222
9789004078239
9789004078338
9789004078499
9789004078536
9789004078604
9789004078628
9789004078741
9789004078772
9789004078802
9789004078819
9789004078918
9789004078925
9789004078987
9789004079045
9789004079274
9789004079304
9789004079311
9789004080645
9789004080812
9789004080881
9789004080898
9789004080942
9789004081055
9789004081093
9789004081109
9789004081123
9789004081130
9789004081147
9789004081178
9789004081185
9789004081208
9789004081222
9789004081239
9789004081277
9789004081284
9789004081307
9789004081482
9789004081543
9789004081550
9789004081574
9789004081734
9789004081765
9789004081796
9789004081802
9789004081826
9789004081833
9789004081840
9789004081857
9789004081864
9789004081871
9789004081888
9789004082731
9789004082830
9789004082861
9789004083073
9789004083325
9789004083400
9789004083417
9789004083448
9789004083493
9789004083530
9789004083554
9789004083561
9789004083592
9789004083615
9789004083639
9789004083684
9789004083905
9789004083929
9789004084148
9789004084162
9789004084179
9789004084223
9789004084261
9789004084285
9789004084520
9789004084759
9789004084872
9789004084995
9789004085091
9789004085121
9789004085145
9789004085169
9789004085282
9789004085343
9789004085350
9789004085381
9789004085442
9789004085466
9789004085480
9789004085510
9789004085558
9789004085909
9789004085916
9789004085978
9789004085992
9789004086012
9789004086029
9789004086067
9789004086081
9789004086135
9789004086142
9789004086227
9789004086241
9789004086289
9789004086364
9789004086432
9789004086500
9789004086524
9789004086548
9789004086845
9789004086890
9789004086913
9789004086920
9789004086951
9789004086975
9789004086982
9789004087545
9789004087583
9789004087736
9789004087767
9789004087798
9789004087811
9789004087859
9789004087866
9789004087897
9789004087903
9789004087910
9789004087934
9789004088047
9789004088146
9789004088153
9789004088184
9789004088290
9789004088313
9789004088320
9789004088344
9789004088351
9789004088368
9789004088429
9789004088467
9789004088481
9789004088504
9789004088511
9789004088535
9789004088566
9789004088597
9789004088658
9789004088719
9789004088726
9789004088764
9789004088856
9789004088955
9789004088962
9789004088979
9789004088993
9789004089211
9789004089228
9789004089235
9789004089280
9789004089303
9789004089334
9789004089365
9789004089372
9789004089402
9789004089532
9789004089556
9789004089600
9789004089631
9789004089679
9789004089723
9789004089754
9789004089785
9789004089846
9789004089853
9789004089860
9789004089884
9789004089914
9789004089921
9789004089969
9789004090002
9789004090156
9789004090163
9789004090170
9789004090194
9789004090231
9789004090255
9789004090354
9789004090484
9789004090491
9789004090514
9789004090545
9789004090606
9789004090668
9789004090774
9789004090811
9789004090880
9789004090897
9789004090903
9789004090965
9789004090972
9789004090989
9789004090996
9789004091108
9789004091122
9789004091139
9789004091146
9789004091245
9789004091269
9789004091276
9789004091283
9789004091443
9789004091467
9789004091474
9789004091559
9789004091603
9789004091665
9789004091719
9789004091726
9789004091733
9789004091764
9789004091771
9789004091788
9789004091795
9789004091825
9789004091856
9789004091887
9789004091917
9789004091955
9789004092051
9789004092105
9789004092129
9789004092150
9789004092211
9789004092228
9789004092235
9789004092259
9789004092297
9789004092310
9789004092372
9789004092419
9789004092426
9789004092433
9789004092440
9789004092464
9789004092495
9789004092501
9789004092525
9789004092549
9789004092556
9789004092570
9789004092587
9789004092594
9789004092600
9789004092617
9789004092648
9789004092662
9789004092679
9789004092716
9789004092761
9789004092808
9789004092891
9789004092914
9789004092921
9789004092938
9789004092945
9789004093027
9789004093034
9789004093041
9789004093058
9789004093065
9789004093072
9789004093096
9789004093126
9789004093171
9789004093188
9789004093195
9789004093201
9789004093232
9789004093249
9789004093263
9789004093287
9789004093317
9789004093348
9789004093423
9789004093430
9789004093447
9789004093478
9789004093515
9789004093522
9789004093546
9789004093560
9789004093614
9789004093652
9789004093669
9789004093683
9789004093713
9789004093720
9789004093737
9789004093744
9789004093768
9789004093782
9789004093812
9789004093829
9789004093935
9789004093959
9789004093980
9789004094017
9789004094024
9789004094031
9789004094086
9789004094093
9789004094116
9789004094154
9789004094192
9789004094208
9789004094215
9789004094246
9789004094260
9789004094284
9789004094314
9789004094321
9789004094338
9789004094345
9789004094352
9789004094376
9789004094406
9789004094413
9789004094475
9789004094482
9789004094499
9789004094505
9789004094529
9789004094536
9789004094550
9789004094574
9789004094598
9789004094604
9789004094628
9789004094635
9789004094659
9789004094673
9789004094680
9789004094697
9789004094703
9789004094734
9789004094741
9789004094789
9789004094802
9789004094826
9789004094833
9789004094871
9789004094888
9789004094918
9789004094932
9789004094949
9789004094956
9789004094970
9789004094987
9789004094994
9789004095007
9789004095014
9789004095021
9789004095038
9789004095052
9789004095069
9789004095106
9789004095113
9789004095120
9789004095137
9789004095144
9789004095175
9789004095182
9789004095199
9789004095205
9789004095212
9789004095229
9789004095236
9789004095243
9789004095267
9789004095281
9789004095304
9789004095328
9789004095403
9789004095410
9789004095434
9789004095441
9789004095472
9789004095496
9789004095519
9789004095533
9789004095540
9789004095557
9789004095564
9789004095588
9789004095601
9789004095618
9789004095625
9789004095632
9789004095670
9789004095687
9789004095694
9789004095700
9789004095717
9789004095724
9789004095748
9789004095816
9789004095823
9789004095830
9789004095847
9789004095854
9789004095861
9789004095885
9789004095960
9789004095977
9789004095984
9789004096004
9789004096011
9789004096028
9789004096035
9789004096042
9789004096059
9789004096080
9789004096103
9789004096158
9789004096165
9789004096172
9789004096189
9789004096202
9789004096226
9789004096240
9789004096264
9789004096271
9789004096288
9789004096295
9789004096301
9789004096318
9789004096325
9789004096332
9789004096356
9789004096363
9789004096417
9789004096431
9789004096448
9789004096455
9789004096462
9789004096493
9789004096509
9789004096523
9789004096530
9789004096554
9789004096578
9789004096585
9789004096592
9789004096608
9789004096615
9789004096622
9789004096639
9789004096646
9789004096653
9789004096677
9789004096691
9789004096707
9789004096721
9789004096738
9789004096745
9789004096776
9789004096806
9789004096844
9789004096875
9789004096899
9789004096905
9789004096912
9789004096929
9789004096936
9789004096943
9789004096950
9789004096967
9789004096974
9789004097025
9789004097056
9789004097063
9789004097070
9789004097087
9789004097148
9789004097155
9789004097162
9789004097179
9789004097193
9789004097223
9789004097230
9789004097247
9789004097315
9789004097322
9789004097346
9789004097360
9789004097377
9789004097407
9789004097414
9789004097421
9789004097452
9789004097469
9789004097544
9789004097551
9789004097568
9789004097599
9789004097605
9789004097612
9789004097629
9789004097636
9789004097643
9789004097650
9789004097674
9789004097681
9789004097711
9789004097728
9789004097742
9789004097759
9789004097766
9789004097773
9789004097797
9789004097810
9789004097841
9789004097858
9789004097865
9789004097964
9789004097995
9789004098039
9789004098046
9789004098152
9789004098183
9789004098190
9789004098213
9789004098220
9789004098251
9789004098268
9789004098275
9789004098282
9789004098312
9789004098329
9789004098343
9789004098350
9789004098367
9789004098381
9789004098398
9789004098404
9789004098411
9789004098428
9789004098442
9789004098459
9789004098480
9789004098497
9789004098510
9789004098527
9789004098534
9789004098541
9789004098558
9789004098565
9789004098572
9789004098589
9789004098619
9789004098626
9789004098633
9789004098657
9789004098664
9789004098671
9789004098688
9789004098695
9789004098701
9789004098725
9789004098732
9789004098749
9789004098794
9789004098800
9789004098824
9789004098831
9789004098848
9789004098862
9789004098879
9789004098886
9789004098893
9789004098930
9789004098947
9789004098961
9789004098978
9789004098985
9789004098992
9789004099012
9789004099029
9789004099036
9789004099050
9789004099067
9789004099074
9789004099098
9789004099104
9789004099159
9789004099166
9789004099173
9789004099180
9789004099197
9789004099210
9789004099227
9789004099234
9789004099241
9789004099258
9789004099265
9789004099302
9789004099340
9789004099357
9789004099364
9789004099371
9789004099388
9789004099395
9789004099401
9789004099418
9789004099425
9789004099432
9789004099449
9789004099470
9789004099487
9789004099494
9789004099548
9789004099555
9789004099562
9789004099579
9789004099609
9789004099616
9789004099630
9789004099647
9789004099661
9789004099678
9789004099685
9789004099692
9789004099708
9789004099715
9789004099722
9789004099739
9789004099753
9789004099777
9789004099784
9789004099791
9789004099807
9789004099814
9789004099838
9789004099869
9789004099876
9789004099883
9789004099890
9789004099913
9789004099944
9789004099951
9789004099968
9789004099982
9789004099999
9789004100008
9789004100022
9789004100046
9789004100053
9789004100060
9789004100077
9789004100084
9789004100091
9789004100107
9789004100121
9789004100145
9789004100152
9789004100169
9789004100176
9789004100183
9789004100190
9789004100206
9789004100213
9789004100237
9789004100268
9789004100282
9789004100299
9789004100312
9789004100329
9789004100343
9789004100350
9789004100367
9789004100374
9789004100398
9789004100404
9789004100428
9789004100435
9789004100459
9789004100466
9789004100497
9789004100503
9789004100527
9789004100534
9789004100541
9789004100558
9789004100565
9789004100572
9789004100596
9789004100626
9789004100633
9789004100640
9789004100657
9789004100671
9789004100688
9789004100701
9789004100718
9789004100725
9789004100749
9789004100770
9789004100794
9789004100800
9789004100824
9789004100848
9789004100855
9789004100886
9789004100909
9789004100916
9789004100930
9789004100947
9789004100961
9789004100978
9789004100985
9789004100992
9789004101005
9789004101012
9789004101029
9789004101043
9789004101067
9789004101074
9789004101098
9789004101104
9789004101128
9789004101159
9789004101166
9789004101173
9789004101180
9789004101197
9789004101203
9789004101234
9789004101241
9789004101265
9789004101272
9789004101289
9789004101296
9789004101302
9789004101319
9789004101326
9789004101357
9789004101364
9789004101371
9789004101456
9789004101463
9789004101470
9789004101487
9789004101500
9789004101517
9789004101524
9789004101531
9789004101548
9789004101555
9789004101579
9789004101586
9789004101593
9789004101623
9789004101630
9789004101647
9789004101654
9789004101661
9789004101685
9789004101708
9789004101715
9789004101722
9789004101746
9789004101753
9789004101760
9789004101777
9789004101784
9789004101807
9789004101814
9789004101821
9789004101852
9789004101869
9789004101883
9789004101890
9789004101913
9789004101920
9789004101937
9789004101944
9789004101951
9789004101968
9789004101975
9789004101982
9789004101999
9789004102002
9789004102019
9789004102026
9789004102033
9789004102040
9789004102088
9789004102101
9789004102118
9789004102125
9789004102149
9789004102156
9789004102163
9789004102170
9789004102194
9789004102200
9789004102248
9789004102255
9789004102262
9789004102279
9789004102286
9789004102293
9789004102309
9789004102316
9789004102323
9789004102347
9789004102354
9789004102361
9789004102385
9789004102392
9789004102415
9789004102453
9789004102460
9789004102507
9789004102514
9789004102521
9789004102538
9789004102552
9789004102583
9789004102590
9789004102606
9789004102613
9789004102620
9789004102637
9789004102651
9789004102668
9789004102675
9789004102705
9789004102743
9789004102767
9789004102774
9789004102781
9789004102811
9789004102828
9789004102835
9789004102866
9789004102873
9789004102880
9789004102897
9789004102903
9789004102927
9789004102941
9789004102965
9789004102989
9789004103009
9789004103016
9789004103023
9789004103030
9789004103054
9789004103061
9789004103078
9789004103085
9789004103092
9789004103108
9789004103115
9789004103122
9789004103146
9789004103160
9789004103177
9789004103191
9789004103245
9789004103252
9789004103276
9789004103283
9789004103306
9789004103313
9789004103337
9789004103368
9789004103399
9789004103412
9789004103429
9789004103436
9789004103443
9789004103450
9789004103467
9789004103474
9789004103481
9789004103504
9789004103511
9789004103542
9789004103559
9789004103566
9789004103573
9789004103580
9789004103597
9789004103603
9789004103610
9789004103627
9789004103634
9789004103641
9789004103658
9789004103672
9789004103689
9789004103696
9789004103702
9789004103719
9789004103726
9789004103733
9789004103740
9789004103757
9789004103764
9789004103771
9789004103788
9789004103801
9789004103818
9789004103825
9789004103856
9789004103863
9789004103887
9789004103900
9789004103917
9789004103924
9789004103931
9789004103948
9789004103962
9789004103993
9789004104006
9789004104013
9789004104037
9789004104044
9789004104051
9789004104082
9789004104099
9789004104105
9789004104112
9789004104174
9789004104181
9789004104198
9789004104211
9789004104228
9789004104235
9789004104266
9789004104280
9789004104297
9789004104310
9789004104327
9789004104365
9789004104372
9789004104396
9789004104402
9789004104426
9789004104433
9789004104440
9789004104457
9789004104464
9789004104495
9789004104518
9789004104525
9789004104532
9789004104549
9789004104556
9789004104563
9789004104570
9789004104587
9789004104594
9789004104600
9789004104624
9789004104631
9789004104686
9789004104693
9789004104709
9789004104716
9789004104723
9789004104730
9789004104747
9789004104761
9789004104778
9789004104792
9789004104822
9789004104839
9789004104846
9789004104877
9789004104884
9789004104891
9789004104907
9789004104914
9789004104921
9789004104938
9789004104945
9789004104969
9789004104976
9789004104983
9789004104990
9789004105027
9789004105034
9789004105041
9789004105058
9789004105065
9789004105089
9789004105096
9789004105119
9789004105126
9789004105133
9789004105164
9789004105171
9789004105195
9789004105201
9789004105300
9789004105331
9789004105348
9789004105355
9789004105386
9789004105393
9789004105409
9789004105416
9789004105423
9789004105447
9789004105553
9789004105560
9789004105577
9789004105584
9789004105607
9789004105614
9789004105638
9789004105645
9789004105652
9789004105713
9789004105737
9789004105744
9789004105751
9789004105775
9789004105799
9789004105805
9789004105812
9789004105829
9789004105836
9789004105843
9789004105850
9789004105874
9789004105881
9789004105898
9789004105928
9789004105959
9789004105966
9789004105973
9789004105980
9789004105997
9789004106000
9789004106017
9789004106031
9789004106062
9789004106086
9789004106109
9789004106116
9789004106130
9789004106154
9789004106161
9789004106178
9789004106185
9789004106208
9789004106215
9789004106222
9789004106239
9789004106246
9789004106253
9789004106277
9789004106284
9789004106307
9789004106314
9789004106321
9789004106338
9789004106345
9789004106376
9789004106390
9789004106406
9789004106413
9789004106420
9789004106444
9789004106451
9789004106468
9789004106482
9789004106499
9789004106505
9789004106543
9789004106550
9789004106567
9789004106581
9789004106598
9789004106611
9789004106628
9789004106635
9789004106642
9789004106659
9789004106666
9789004106673
9789004106680
9789004106697
9789004106703
9789004106710
9789004106727
9789004106758
9789004106765
9789004106789
9789004106796
9789004106802
9789004106819
9789004106833
9789004106840
9789004106857
9789004106864
9789004106871
9789004106895
9789004106925
9789004106932
9789004106949
9789004106963
9789004106987
9789004106994
9789004107007
9789004107021
9789004107038
9789004107045
9789004107052
9789004107069
9789004107083
9789004107120
9789004107137
9789004107144
9789004107168
9789004107199
9789004107205
9789004107229
9789004107274
9789004107281
9789004107304
9789004107311
9789004107366
9789004107373
9789004107403
9789004107427
9789004107441
9789004107458
9789004107465
9789004107472
9789004107489
9789004107496
9789004107502
9789004107519
9789004107526
9789004107533
9789004107540
9789004107564
9789004107571
9789004107588
9789004107595
9789004107601
9789004107625
9789004107632
9789004107687
9789004107700
9789004107717
9789004107779
9789004107786
9789004107793
9789004107816
9789004107847
9789004107878
9789004107885
9789004107892
9789004107908
9789004107915
9789004107922
9789004107939
9789004107984
9789004107991
9789004108004
9789004108011
9789004108028
9789004108035
9789004108042
9789004108066
9789004108073
9789004108097
9789004108103
9789004108110
9789004108127
9789004108141
9789004108158
9789004108165
9789004108172
9789004108189
9789004108202
9789004108219
9789004108233
9789004108240
9789004108257
9789004108271
9789004108288
9789004108295
9789004108301
9789004108318
9789004108325
9789004108332
9789004108349
9789004108356
9789004108394
9789004108400
9789004108417
9789004108424
9789004108431
9789004108448
9789004108455
9789004108462
9789004108479
9789004108486
9789004108493
9789004108509
9789004108516
9789004108554
9789004108561
9789004108592
9789004108608
9789004108615
9789004108622
9789004108639
9789004108646
9789004108653
9789004108660
9789004108684
9789004108721
9789004108738
9789004108752
9789004108769
9789004108776
9789004108783
9789004108790
9789004108806
9789004108813
9789004108820
9789004108837
9789004108851
9789004108868
9789004108875
9789004108899
9789004108950
9789004108967
9789004108974
9789004109001
9789004109018
9789004109025
9789004109049
9789004109056
9789004109063
9789004109070
9789004109094
9789004109100
9789004109117
9789004109124
9789004109131
9789004109148
9789004109155
9789004109223
9789004109247
9789004109254
9789004109261
9789004109278
9789004109285
9789004109292
9789004109308
9789004109322
9789004109339
9789004109353
9789004109360
9789004109377
9789004109384
9789004109391
9789004109421
9789004109438
9789004109445
9789004109452
9789004109476
9789004109506
9789004109520
9789004109537
9789004109544
9789004109551
9789004109568
9789004109575
9789004109599
9789004109605
9789004109636
9789004109643
9789004109674
9789004109681
9789004109698
9789004109704
9789004109728
9789004109735
9789004109742
9789004109766
9789004109773
9789004109810
9789004109834
9789004109841
9789004109865
9789004109919
9789004109926
9789004109957
9789004109988
9789004109995
9789004110007
9789004110014
9789004110038
9789004110083
9789004110090
9789004110106
9789004110120
9789004110137
9789004110144
9789004110151
9789004110175
9789004110182
9789004110212
9789004110229
9789004110236
9789004110243
9789004110267
9789004110274
9789004110281
9789004110298
9789004110304
9789004110311
9789004110328
9789004110342
9789004110359
9789004110366
9789004110373
9789004110380
9789004110397
9789004110465
9789004110489
9789004110496
9789004110519
9789004110526
9789004110533
9789004110540
9789004110595
9789004110625
9789004110632
9789004110656
9789004110700
9789004110724
9789004110731
9789004110755
9789004110762
9789004110779
9789004110830
9789004110847
9789004110854
9789004110878
9789004110885
9789004110908
9789004110915
9789004110939
9789004110946
9789004110960
9789004110977
9789004110984
9789004110991
9789004111011
9789004111127
9789004111158
9789004111165
9789004111172
9789004111189
9789004111196
9789004111202
9789004111233
9789004111240
9789004111271
9789004111295
9789004111301
9789004111325
9789004111332
9789004111349
9789004111356
9789004111417
9789004111424
9789004111431
9789004111448
9789004111462
9789004111486
9789004111509
9789004111523
9789004111547
9789004111554
9789004111578
9789004111585
9789004111608
9789004111615
9789004111646
9789004111752
9789004111776
9789004111820
9789004111837
9789004111844
9789004111868
9789004111882
9789004111905
9789004111950
9789004111981
9789004112018
9789004112025
9789004112032
9789004112049
9789004112056
9789004112063
9789004112070
9789004112087
9789004112100
9789004112117
9789004112131
9789004112148
9789004112162
9789004112179
9789004112186
9789004112193
9789004112209
9789004112216
9789004112223
9789004112230
9789004112247
9789004112261
9789004112285
9789004112315
9789004112322
9789004112339
9789004112346
9789004112353
9789004112360
9789004112384
9789004112391
9789004112407
9789004112414
9789004112445
9789004112452
9789004112469
9789004112476
9789004112513
9789004112520
9789004112537
9789004112544
9789004112568
9789004112599
9789004112612
9789004112629
9789004112643
9789004112650
9789004112667
9789004112674
9789004112681
9789004112698
9789004112711
9789004112728
9789004112735
9789004112759
9789004112766
9789004112773
9789004112780
9789004112797
9789004112803
9789004112827
9789004112834
9789004112841
9789004112858
9789004112865
9789004112896
9789004112902
9789004112926
9789004112933
9789004112957
9789004112964
9789004112971
9789004112995
9789004113008
9789004113015
9789004113022
9789004113039
9789004113046
9789004113053
9789004113060
9789004113091
9789004113114
9789004113121
9789004113145
9789004113152
9789004113176
9789004113190
9789004113220
9789004113251
9789004113268
9789004113275
9789004113282
9789004113299
9789004113305
9789004113312
9789004113336
9789004113350
9789004113374
9789004113398
9789004113404
9789004113428
9789004113435
9789004113442
9789004113459
9789004113466
9789004113473
9789004113503
9789004113510
9789004113527
9789004113534
9789004113541
9789004113565
9789004113572
9789004113589
9789004113596
9789004113602
9789004113619
9789004113626
9789004113640
9789004113657
9789004113718
9789004113749
9789004113756
9789004113763
9789004113787
9789004113794
9789004113800
9789004113817
9789004113855
9789004113879
9789004113893
9789004113909
9789004113916
9789004113923
9789004113930
9789004113947
9789004113954
9789004113961
9789004113978
9789004113985
9789004113992
9789004114029
9789004114036
9789004114104
9789004114111
9789004114128
9789004114135
9789004114142
9789004114159
9789004114166
9789004114173
9789004114180
9789004114203
9789004114210
9789004114234
9789004114265
9789004114289
9789004114296
9789004114302
9789004114319
9789004114333
9789004114340
9789004114357
9789004114388
9789004114395
9789004114401
9789004114418
9789004114425
9789004114432
9789004114449
9789004114456
9789004114463
9789004114487
9789004114494
9789004114500
9789004114517
9789004114524
9789004114548
9789004114555
9789004114579
9789004114593
9789004114609
9789004114623
9789004114654
9789004114685
9789004114739
9789004114746
9789004114777
9789004114807
9789004114814
9789004114821
9789004114838
9789004114852
9789004114876
9789004114906
9789004114913
9789004114920
9789004114944
9789004114951
9789004114968
9789004114975
9789004114999
9789004115057
9789004115064
9789004115071
9789004115095
9789004115101
9789004115132
9789004115149
9789004115163
9789004115194
9789004115217
9789004115231
9789004115248
9789004115255
9789004115293
9789004115309
9789004115316
9789004115323
9789004115330
9789004115361
9789004115378
9789004115385
9789004115408
9789004115415
9789004115422
9789004115439
9789004115446
9789004115477
9789004115491
9789004115507
9789004115538
9789004115545
9789004115552
9789004115569
9789004115576
9789004115583
9789004115590
9789004115606
9789004115613
9789004115620
9789004115644
9789004115668
9789004115675
9789004115682
9789004115705
9789004115712
9789004115729
9789004115736
9789004115743
9789004115767
9789004115774
9789004115781
9789004115804
9789004115811
9789004115835
9789004115866
9789004115873
9789004115880
9789004115897
9789004115910
9789004115941
9789004115958
9789004115972
9789004115989
9789004116009
9789004116030
9789004116047
9789004116054
9789004116078
9789004116085
9789004116092
9789004116115
9789004116122
9789004116139
9789004116146
9789004116160
9789004116177
9789004116184
9789004116207
9789004116214
9789004116221
9789004116238
9789004116245
9789004116252
9789004116269
9789004116276
9789004116283
9789004116306
9789004116337
9789004116344
9789004116351
9789004116375
9789004116382
9789004116399
9789004116405
9789004116412
9789004116429
9789004116436
9789004116450
9789004116474
9789004116498
9789004116504
9789004116511
9789004116542
9789004116559
9789004116573
9789004116580
9789004116597
9789004116603
9789004116610
9789004116641
9789004116658
9789004116665
9789004116689
9789004116696
9789004116719
9789004116733
9789004116740
9789004116757
9789004116764
9789004116788
9789004116795
9789004116818
9789004116825
9789004116832
9789004116849
9789004116863
9789004116894
9789004116900
9789004116917
9789004116924
9789004116962
9789004117006
9789004117020
9789004117044
9789004117051
9789004117068
9789004117075
9789004117105
9789004117129
9789004117143
9789004117150
9789004117167
9789004117174
9789004117181
9789004117198
9789004117204
9789004117228
9789004117235
9789004117280
9789004117297
9789004117327
9789004117334
9789004117341
9789004117365
9789004117389
9789004117396
9789004117402
9789004117426
9789004117433
9789004117464
9789004117471
9789004117488
9789004117495
9789004117501
9789004117525
9789004117532
9789004117556
9789004117570
9789004117594
9789004117600
9789004117624
9789004117631
9789004117655
9789004117662
9789004117686
9789004117693
9789004117716
9789004117723
9789004117730
9789004117747
9789004117761
9789004117778
9789004117822
9789004117853
9789004117860
9789004117914
9789004117938
9789004117945
9789004117952
9789004117969
9789004117976
9789004117983
9789004117990
9789004118010
9789004118027
9789004118034
9789004118041
9789004118058
9789004118126
9789004118157
9789004118447
9789004118461
9789004118478
9789004118485
9789004118492
9789004118508
9789004118522
9789004118546
9789004118553
9789004118577
9789004118614
9789004118621
9789004118645
9789004118652
9789004118669
9789004118676
9789004118683
9789004118690
9789004118706
9789004118713
9789004118775
9789004118799
9789004118812
9789004118829
9789004118867
9789004118881
9789004118911
9789004118928
9789004118935
9789004118966
9789004118973
9789004118980
9789004118997
9789004119024
9789004119031
9789004119055
9789004119079
9789004119086
9789004119093
9789004119109
9789004119123
9789004119130
9789004119147
9789004119154
9789004119161
9789004119185
9789004119253
9789004119260
9789004119277
9789004119284
9789004119307
9789004119314
9789004119338
9789004119345
9789004119352
9789004119369
9789004119383
9789004119390
9789004119413
9789004119420
9789004119437
9789004119444
9789004119468
9789004119475
9789004119482
9789004119499
9789004119505
9789004119512
9789004119529
9789004119536
9789004119574
9789004119581
9789004119598
9789004119604
9789004119628
9789004119635
9789004119642
9789004119659
9789004119666
9789004119697
9789004119734
9789004119741
9789004119758
9789004119765
9789004119772
9789004119789
9789004119796
9789004119802
9789004119819
9789004119826
9789004119833
9789004119840
9789004119871
9789004119888
9789004119895
9789004119901
9789004119918
9789004119949
9789004119956
9789004119963
9789004119970
9789004119987
9789004120006
9789004120013
9789004120020
9789004120037
9789004120044
9789004120068
9789004120075
9789004120082
9789004120099
9789004120105
9789004120112
9789004120129
9789004120143
9789004120150
9789004120167
9789004120174
9789004120181
9789004120235
9789004120242
9789004120266
9789004120273
9789004120297
9789004120303
9789004120310
9789004120327
9789004120334
9789004120341
9789004120358
9789004120372
9789004120389
9789004120402
9789004120419
9789004120426
9789004120433
9789004120440
9789004120457
9789004120464
9789004120471
9789004120488
9789004120495
9789004120501
9789004120518
9789004120525
9789004120549
9789004120556
9789004120563
9789004120570
9789004120587
9789004120594
9789004120600
9789004120617
9789004120662
9789004120693
9789004120723
9789004120730
9789004120747
9789004120778
9789004120792
9789004120808
9789004120815
9789004120839
9789004120853
9789004120860
9789004120877
9789004120884
9789004120914
9789004120945
9789004120952
9789004120969
9789004120976
9789004121003
9789004121010
9789004121027
9789004121041
9789004121065
9789004121072
9789004121089
9789004121102
9789004121126
9789004121140
9789004121157
9789004121164
9789004121188
9789004121218
9789004121225
9789004121232
9789004121249
9789004121256
9789004121263
9789004121287
9789004121294
9789004121300
9789004121317
9789004121324
9789004121331
9789004121355
9789004121362
9789004121393
9789004121409
9789004121416
9789004121423
9789004121430
9789004121447
9789004121461
9789004121478
9789004121508
9789004121522
9789004121539
9789004121546
9789004121553
9789004121560
9789004121607
9789004121621
9789004121638
9789004121645
9789004121683
9789004121690
9789004121706
9789004121713
9789004121737
9789004121775
9789004121805
9789004121850
9789004121867
9789004121874
9789004121898
9789004121928
9789004121935
9789004121942
9789004121973
9789004121997
9789004122000
9789004122024
9789004122031
9789004122048
9789004122062
9789004122079
9789004122116
9789004122123
9789004122130
9789004122178
9789004122185
9789004122192
9789004122215
9789004122222
9789004122253
9789004122260
9789004122277
9789004122338
9789004122345
9789004122369
9789004122406
9789004122420
9789004122437
9789004122444
9789004122451
9789004122475
9789004122482
9789004122512
9789004122529
9789004122536
9789004122543
9789004122550
9789004122567
9789004122581
9789004122598
9789004122611
9789004122642
9789004122659
9789004122666
9789004122673
9789004122680
9789004122697
9789004122703
9789004122710
9789004122727
9789004122734
9789004122741
9789004122765
9789004122888
9789004122895
9789004122901
9789004122918
9789004122925
9789004122932
9789004122956
9789004122970
9789004122987
9789004122994
9789004123021
9789004123038
9789004123045
9789004123052
9789004123069
9789004123076
9789004123083
9789004123106
9789004123113
9789004123120
9789004123144
9789004123151
9789004123168
9789004123175
9789004123182
9789004123199
9789004123205
9789004123212
9789004123229
9789004123236
9789004123243
9789004123250
9789004123267
9789004123281
9789004123298
9789004123311
9789004123328
9789004123335
9789004123342
9789004123359
9789004123380
9789004123397
9789004123403
9789004123410
9789004123427
9789004123489
9789004123496
9789004123502
9789004123519
9789004123526
9789004123533
9789004123540
9789004123557
9789004123564
9789004123571
9789004123595
9789004123601
9789004123625
9789004123632
9789004123656
9789004123663
9789004123670
9789004123687
9789004123694
9789004123700
9789004123717
9789004123724
9789004123731
9789004123762
9789004123793
9789004123809
9789004123830
9789004123861
9789004123878
9789004123885
9789004123908
9789004123915
9789004123960
9789004123977
9789004123984
9789004123991
9789004124011
9789004124028
9789004124042
9789004124066
9789004124158
9789004124189
9789004124202
9789004124219
9789004124226
9789004124233
9789004124240
9789004124264
9789004124271
9789004124288
9789004124349
9789004124356
9789004124363
9789004124370
9789004124400
9789004124417
9789004124431
9789004124448
9789004124455
9789004124462
9789004124509
9789004124516
9789004124530
9789004124547
9789004124554
9789004124578
9789004124585
9789004124592
9789004124608
9789004124615
9789004124622
9789004124639
9789004124660
9789004124677
9789004124684
9789004124691
9789004124707
9789004124714
9789004124721
9789004124745
9789004124752
9789004124776
9789004124783
9789004124806
9789004124813
9789004124820
9789004124837
9789004124844
9789004124851
9789004124882
9789004124899
9789004124950
9789004124967
9789004124974
9789004124981
9789004125001
9789004125032
9789004125049
9789004125056
9789004125070
9789004125094
9789004125100
9789004125124
9789004125131
9789004125148
9789004125155
9789004125162
9789004125216
9789004125223
9789004125247
9789004125254
9789004125261
9789004125278
9789004125285
9789004125292
9789004125308
9789004125315
9789004125322
9789004125339
9789004125353
9789004125360
9789004125384
9789004125391
9789004125414
9789004125421
9789004125438
9789004125452
9789004125469
9789004125483
9789004125490
9789004125513
9789004125520
9789004125537
9789004125551
9789004125568
9789004125575
9789004125599
9789004125605
9789004125612
9789004125629
9789004125636
9789004125643
9789004125650
9789004125674
9789004125698
9789004125728
9789004125759
9789004125780
9789004125797
9789004125803
9789004125810
9789004125827
9789004125841
9789004125865
9789004125872
9789004125889
9789004125896
9789004125902
9789004125933
9789004125940
9789004125957
9789004125964
9789004125971
9789004125988
9789004126008
9789004126015
9789004126022
9789004126039
9789004126053
9789004126060
9789004126077
9789004126084
9789004126091
9789004126107
9789004126114
9789004126121
9789004126145
9789004126152
9789004126169
9789004126176
9789004126190
9789004126206
9789004126220
9789004126244
9789004126251
9789004126268
9789004126275
9789004126282
9789004126336
9789004126343
9789004126367
9789004126374
9789004126381
9789004126398
9789004126404
9789004126411
9789004126435
9789004126459
9789004126466
9789004126473
9789004126480
9789004126503
9789004126510
9789004126534
9789004126541
9789004126558
9789004126572
9789004126589
9789004126596
9789004126602
9789004126633
9789004126657
9789004126688
9789004126695
9789004126701
9789004126718
9789004126725
9789004126732
9789004126763
9789004126770
9789004126787
9789004126794
9789004126800
9789004126817
9789004126879
9789004126886
9789004126909
9789004126923
9789004126930
9789004126954
9789004127043
9789004127074
9789004127180
9789004127203
9789004127227
9789004127241
9789004127319
9789004127340
9789004127364
9789004127395
9789004127401
9789004127418
9789004127425
9789004127432
9789004127562
9789004127593
9789004127616
9789004127630
9789004127654
9789004127661
9789004127715
9789004127746
9789004127753
9789004127760
9789004127777
9789004127807
9789004127906
9789004127944
9789004127968
9789004127975
9789004127982
9789004128064
9789004128071
9789004128088
9789004128101
9789004128125
9789004128132
9789004128156
9789004128163
9789004128170
9789004128187
9789004128194
9789004128200
9789004128217
9789004128224
9789004128231
9789004128293
9789004128323
9789004128354
9789004128378
9789004128385
9789004128408
9789004128415
9789004128422
9789004128439
9789004128446
9789004128460
9789004128491
9789004128507
9789004128538
9789004128545
9789004128576
9789004128583
9789004128606
9789004128613
9789004128637
9789004128644
9789004128651
9789004128668
9789004128675
9789004128682
9789004128736
9789004128750
9789004128774
9789004128781
9789004128804
9789004128811
9789004128828
9789004128835
9789004128859
9789004128866
9789004128897
9789004128903
9789004128927
9789004128941
9789004128958
9789004128989
9789004129016
9789004129023
9789004129047
9789004129061
9789004129078
9789004129085
9789004129153
9789004129184
9789004129191
9789004129207
9789004129221
9789004129238
9789004129245
9789004129252
9789004129276
9789004129283
9789004129290
9789004129313
9789004129344
9789004129375
9789004129382
9789004129399
9789004129429
9789004129443
9789004129450
9789004129504
9789004129511
9789004129528
9789004129535
9789004129542
9789004129559
9789004129597
9789004129610
9789004129641
9789004129658
9789004129665
9789004129689
9789004129696
9789004129702
9789004129719
9789004129726
9789004129733
9789004129757
9789004129764
9789004129771
9789004129788
9789004129795
9789004129801
9789004129818
9789004129825
9789004129832
9789004129849
9789004129870
9789004129894
9789004129900
9789004129931
9789004129948
9789004129955
9789004129962
9789004129979
9789004129986
9789004129993
9789004130005
9789004130012
9789004130029
9789004130043
9789004130098
9789004130104
9789004130128
9789004130135
9789004130142
9789004130159
9789004130166
9789004130173
9789004130180
9789004130210
9789004130227
9789004130234
9789004130241
9789004130272
9789004130289
9789004130296
9789004130302
9789004130319
9789004130333
9789004130340
9789004130357
9789004130364
9789004130388
9789004130401
9789004130418
9789004130432
9789004130456
9789004130463
9789004130487
9789004130500
9789004130517
9789004130524
9789004130531
9789004130548
9789004130555
9789004130586
9789004130609
9789004130623
9789004130647
9789004130654
9789004130661
9789004130715
9789004130722
9789004130746
9789004130784
9789004130807
9789004130814
9789004130838
9789004130845
9789004130852
9789004130869
9789004130883
9789004130913
9789004130937
9789004130944
9789004130951
9789004130999
9789004131026
9789004131033
9789004131040
9789004131057
9789004131071
9789004131088
9789004131095
9789004131149
9789004131156
9789004131163
9789004131187
9789004131194
9789004131200
9789004131217
9789004131224
9789004131248
9789004131255
9789004131309
9789004131316
9789004131323
9789004131330
9789004131347
9789004131354
9789004131361
9789004131392
9789004131415
9789004131439
9789004131460
9789004131484
9789004131491
9789004131514
9789004131521
9789004131538
9789004131552
9789004131569
9789004131576
9789004131583
9789004131606
9789004131613
9789004131637
9789004131644
9789004131651
9789004131675
9789004131699
9789004131705
9789004131729
9789004131736
9789004131750
9789004131767
9789004131774
9789004131781
9789004131798
9789004131804
9789004131828
9789004131835
9789004131842
9789004131866
9789004131873
9789004131880
9789004131897
9789004131903
9789004131910
9789004131934
9789004131941
9789004131972
9789004131989
9789004132016
9789004132023
9789004132030
9789004132061
9789004132078
9789004132085
9789004132245
9789004132252
9789004132269
9789004132276
9789004132283
9789004132290
9789004132306
9789004132313
9789004132320
9789004132375
9789004132382
9789004132405
9789004132412
9789004132429
9789004132436
9789004132443
9789004132450
9789004132467
9789004132474
9789004132511
9789004132535
9789004132597
9789004132603
9789004132610
9789004132634
9789004132641
9789004132658
9789004132672
9789004132719
9789004132726
9789004132733
9789004132740
9789004132757
9789004132801
9789004132818
9789004132825
9789004132863
9789004132870
9789004132887
9789004132894
9789004132931
9789004132948
9789004132955
9789004132986
9789004132993
9789004133006
9789004133044
9789004133051
9789004133136
9789004133143
9789004133150
9789004133204
9789004133211
9789004133228
9789004133242
9789004135598
9789004135611
9789004135628
9789004135659
9789004135727
9789004135734
9789004135741
9789004135758
9789004135765
9789004135772
9789004135789
9789004135819
9789004135826
9789004135833
9789004135840
9789004135864
9789004135871
9789004135895
9789004135918
9789004135925
9789004135932
9789004135949
9789004135956
9789004135987
9789004136021
9789004136069
9789004136076
9789004136083
9789004136090
9789004136137
9789004136144
9789004136151
9789004136168
9789004136175
9789004136182
9789004136199
9789004136205
9789004136212
9789004136250
9789004136267
9789004136274
9789004136304
9789004136311
9789004136328
9789004136335
9789004136359
9789004136366
9789004136380
9789004136397
9789004136410
9789004136427
9789004136434
9789004136441
9789004136472
9789004136496
9789004136502
9789004136519
9789004136526
9789004136540
9789004136557
9789004136564
9789004136588
9789004136595
9789004136625
9789004136632
9789004136663
9789004136670
9789004136694
9789004136700
9789004136717
9789004136724
9789004136731
9789004136748
9789004136755
9789004136762
9789004136779
9789004136786
9789004136793
9789004136809
9789004136823
9789004136830
9789004136847
9789004136861
9789004136885
9789004136908
9789004136915
9789004136922
9789004136939
9789004136946
9789004136977
9789004136984
9789004136991
9789004137004
9789004137011
9789004137028
9789004137035
9789004137059
9789004137066
9789004137073
9789004137080
9789004137097
9789004137103
9789004137134
9789004137165
9789004137233
9789004137240
9789004137257
9789004137264
9789004137271
9789004137288
9789004137295
9789004137301
9789004137318
9789004137325
9789004137363
9789004137387
9789004137394
9789004137417
9789004137424
9789004137431
9789004137455
9789004137462
9789004137479
9789004137486
9789004137493
9789004137509
9789004137516
9789004137523
9789004137530
9789004137547
9789004137554
9789004137561
9789004137578
9789004137585
9789004137592
9789004137608
9789004137615
9789004137639
9789004137646
9789004137653
9789004137660
9789004137684
9789004137691
9789004137707
9789004137714
9789004137721
9789004137738
9789004137745
9789004137752
9789004137769
9789004137776
9789004137783
9789004137790
9789004137806
9789004137813
9789004137837
9789004137851
9789004137875
9789004137899
9789004137905
9789004137912
9789004137929
9789004137936
9789004137943
9789004137950
9789004137967
9789004137974
9789004137981
9789004138001
9789004138018
9789004138025
9789004138032
9789004138049
9789004138056
9789004138063
9789004138070
9789004138087
9789004138094
9789004138100
9789004138117
9789004138124
9789004138179
9789004138186
9789004138193
9789004138216
9789004138223
9789004138230
9789004138247
9789004138254
9789004138261
9789004138278
9789004138292
9789004138308
9789004138315
9789004138322
9789004138339
9789004138346
9789004138353
9789004138384
9789004138391
9789004138407
9789004138414
9789004138421
9789004138445
9789004138452
9789004138469
9789004138483
9789004138490
9789004138506
9789004138513
9789004138520
9789004138537
9789004138544
9789004138568
9789004138575
9789004138599
9789004138605
9789004138612
9789004138629
9789004138636
9789004138643
9789004138650
9789004138667
9789004138674
9789004138681
9789004138698
9789004138704
9789004138711
9789004138728
9789004138735
9789004138742
9789004138759
9789004138766
9789004138780
9789004138803
9789004138810
9789004138827
9789004138834
9789004138841
9789004138858
9789004138865
9789004138889
9789004138896
9789004138902
9789004138919
9789004138926
9789004138933
9789004138940
9789004138957
9789004138964
9789004138971
9789004138988
9789004138995
9789004139015
9789004139022
9789004139039
9789004139046
9789004139053
9789004139060
9789004139077
9789004139084
9789004139091
9789004139107
9789004139114
9789004139138
9789004139145
9789004139169
9789004139183
9789004139190
9789004139206
9789004139213
9789004139237
9789004139244
9789004139251
9789004139268
9789004139275
9789004139329
9789004139350
9789004139367
9789004139374
9789004139381
9789004139398
9789004139404
9789004139428
9789004139435
9789004139442
9789004139459
9789004139466
9789004139473
9789004139503
9789004139510
9789004139534
9789004139558
9789004139565
9789004139572
9789004139589
9789004139596
9789004139602
9789004139619
9789004139626
9789004139640
9789004139657
9789004139688
9789004139695
9789004139749
9789004139756
9789004139770
9789004139787
9789004139794
9789004139800
9789004139817
9789004139831
9789004139848
9789004139855
9789004139862
9789004139879
9789004139886
9789004139893
9789004139909
9789004139916
9789004139923
9789004139930
9789004139947
9789004139961
9789004139978
9789004139992
9789004140004
9789004140011
9789004140028
9789004140035
9789004140042
9789004140059
9789004140073
9789004140080
9789004140097
9789004140110
9789004140127
9789004140134
9789004140158
9789004140196
9789004140202
9789004140219
9789004140226
9789004140233
9789004140240
9789004140257
9789004140264
9789004140301
9789004140318
9789004140325
9789004140332
9789004140349
9789004140356
9789004140363
9789004140370
9789004140387
9789004140394
9789004140400
9789004140417
9789004140431
9789004140455
9789004140462
9789004140479
9789004140486
9789004140493
9789004140523
9789004140530
9789004140592
9789004140615
9789004140622
9789004140646
9789004140653
9789004140660
9789004140677
9789004140684
9789004140691
9789004140707
9789004140714
9789004140738
9789004140745
9789004140769
9789004140776
9789004140783
9789004140813
9789004140820
9789004140837
9789004140875
9789004140882
9789004140899
9789004140905
9789004140912
9789004140950
9789004140967
9789004140974
9789004140981
9789004140998
9789004141018
9789004141032
9789004141049
9789004141056
9789004141063
9789004141070
9789004141087
9789004141094
9789004141100
9789004141124
9789004141131
9789004141148
9789004141155
9789004141162
9789004141179
9789004141186
9789004141209
9789004141216
9789004141223
9789004141230
9789004141247
9789004141254
9789004141261
9789004141278
9789004141285
9789004141292
9789004141308
9789004141315
9789004141322
9789004141339
9789004141346
9789004141353
9789004141384
9789004141407
9789004141421
9789004141438
9789004141445
9789004141452
9789004141469
9789004141483
9789004141490
9789004141506
9789004141520
9789004141537
9789004141544
9789004141551
9789004141568
9789004141575
9789004141582
9789004141599
9789004141612
9789004141650
9789004141667
9789004141681
9789004141698
9789004141704
9789004141728
9789004141735
9789004141766
9789004141773
9789004141780
9789004141797
9789004141803
9789004141810
9789004141827
9789004141858
9789004141889
9789004141896
9789004141933
9789004141940
9789004141964
9789004141971
9789004141988
9789004141995
9789004142015
9789004142022
9789004142039
9789004142046
9789004142060
9789004142077
9789004142084
9789004142091
9789004142107
9789004142114
9789004142121
9789004142138
9789004142145
9789004142152
9789004142169
9789004142176
9789004142183
9789004142190
9789004142206
9789004142213
9789004142220
9789004142237
9789004142244
9789004142251
9789004142268
9789004142299
9789004142305
9789004142312
9789004142329
9789004142336
9789004142343
9789004142350
9789004142367
9789004142374
9789004142398
9789004142404
9789004142411
9789004142428
9789004142442
9789004142466
9789004142473
9789004142480
9789004142497
9789004142503
9789004142510
9789004142527
9789004142534
9789004142541
9789004142558
9789004142565
9789004142572
9789004142589
9789004142619
9789004142626
9789004142664
9789004142671
9789004142688
9789004142695
9789004142701
9789004142718
9789004142725
9789004142732
9789004142749
9789004142756
9789004142763
9789004142770
9789004142787
9789004142794
9789004142800
9789004142817
9789004142831
9789004142848
9789004142855
9789004142862
9789004142879
9789004142916
9789004142923
9789004142947
9789004142954
9789004142961
9789004142978
9789004142985
9789004143005
9789004143012
9789004143029
9789004143043
9789004143067
9789004143074
9789004143081
9789004143098
9789004143104
9789004143111
9789004143128
9789004143159
9789004143173
9789004143180
9789004143197
9789004143203
9789004143210
9789004143227
9789004143234
9789004143241
9789004143258
9789004143272
9789004143289
9789004143302
9789004143319
9789004143326
9789004143357
9789004143364
9789004143388
9789004143395
9789004143456
9789004143463
9789004143494
9789004143500
9789004143524
9789004143548
9789004143555
9789004143579
9789004143586
9789004143609
9789004143616
9789004143623
9789004143630
9789004143647
9789004143654
9789004143661
9789004143678
9789004143708
9789004143739
9789004143746
9789004143753
9789004143760
9789004143791
9789004143838
9789004143845
9789004143869
9789004143876
9789004143883
9789004143913
9789004143920
9789004143937
9789004143944
9789004143982
9789004144026
9789004144033
9789004144064
9789004144071
9789004144088
9789004144095
9789004144101
9789004144118
9789004144125
9789004144149
9789004144156
9789004144163
9789004144170
9789004144217
9789004144224
9789004144231
9789004144248
9789004144255
9789004144309
9789004144316
9789004144330
9789004144347
9789004144354
9789004144385
9789004144392
9789004144408
9789004144422
9789004144446
9789004144453
9789004144460
9789004144477
9789004144484
9789004144491
9789004144507
9789004144514
9789004144521
9789004144538
9789004144545
9789004144552
9789004144569
9789004144576
9789004144590
9789004144606
9789004144613
9789004144620
9789004144637
9789004144644
9789004144651
9789004144668
9789004144736
9789004144743
9789004144750
9789004144767
9789004144774
9789004144781
9789004144798
9789004144804
9789004144811
9789004144828
9789004144835
9789004144842
9789004144859
9789004144873
9789004144903
9789004144910
9789004144927
9789004144934
9789004144941
9789004144958
9789004144965
9789004144972
9789004144989
9789004144996
9789004145009
9789004145016
9789004145023
9789004145030
9789004145047
9789004145054
9789004145061
9789004145078
9789004145085
9789004145108
9789004145122
9789004145139
9789004145160
9789004145177
9789004145184
9789004145191
9789004145207
9789004145214
9789004145221
9789004145269
9789004145276
9789004145283
9789004145290
9789004145306
9789004145313
9789004145320
9789004145337
9789004145344
9789004145351
9789004145368
9789004145375
9789004145382
9789004145405
9789004145412
9789004145436
9789004145443
9789004145450
9789004145467
9789004145474
9789004145481
9789004145498
9789004145504
9789004145511
9789004145528
9789004145535
9789004145542
9789004145559
9789004145573
9789004145580
9789004145597
9789004145610
9789004145627
9789004145634
9789004145641
9789004145658
9789004145665
9789004145672
9789004145689
9789004145696
9789004145702
9789004145719
9789004145733
9789004145788
9789004145795
9789004145801
9789004145818
9789004145825
9789004145832
9789004145849
9789004145856
9789004145863
9789004145870
9789004145887
9789004145894
9789004145924
9789004145931
9789004145948
9789004145955
9789004145962
9789004145979
9789004145986
9789004145993
9789004146013
9789004146037
9789004146082
9789004146099
9789004146105
9789004146129
9789004146136
9789004146143
9789004146150
9789004146167
9789004146174
9789004146181
9789004146242
9789004146259
9789004146273
9789004146280
9789004146303
9789004146327
9789004146341
9789004146358
9789004146372
9789004146389
9789004146396
9789004146402
9789004146419
9789004146426
9789004146433
9789004146440
9789004146457
9789004146471
9789004146488
9789004146495
9789004146501
9789004146518
9789004146525
9789004146549
9789004146563
9789004146594
9789004146617
9789004146624
9789004146631
9789004146648
9789004146662
9789004146679
9789004146686
9789004146693
9789004146709
9789004146716
9789004146723
9789004146730
9789004146747
9789004146754
9789004146761
9789004146792
9789004146815
9789004146839
9789004146860
9789004146877
9789004146884
9789004146891
9789004146907
9789004146914
9789004146921
9789004146938
9789004146945
9789004146952
9789004146969
9789004146976
9789004146983
9789004146990
9789004147003
9789004147010
9789004147027
9789004147034
9789004147041
9789004147058
9789004147065
9789004147089
9789004147096
9789004147102
9789004147119
9789004147126
9789004147133
9789004147157
9789004147164
9789004147171
9789004147188
9789004147218
9789004147225
9789004147249
9789004147256
9789004147270
9789004147287
9789004147294
9789004147300
9789004147317
9789004147324
9789004147331
9789004147362
9789004147379
9789004147393
9789004147409
9789004147416
9789004147423
9789004147430
9789004147447
9789004147454
9789004147492
9789004147515
9789004147522
9789004147539
9789004147546
9789004147577
9789004147584
9789004147607
9789004147614
9789004147621
9789004147638
9789004147645
9789004147669
9789004147676
9789004147683
9789004147690
9789004147706
9789004147713
9789004147744
9789004147751
9789004147768
9789004147775
9789004147799
9789004147805
9789004147829
9789004147867
9789004147874
9789004147881
9789004147898
9789004147904
9789004147911
9789004147928
9789004147935
9789004147942
9789004147959
9789004147966
9789004147973
9789004147980
9789004147997
9789004148000
9789004148017
9789004148024
9789004148031
9789004148048
9789004148055
9789004148093
9789004148109
9789004148116
9789004148123
9789004148147
9789004148161
9789004148178
9789004148208
9789004148215
9789004148222
9789004148239
9789004148253
9789004148260
9789004148277
9789004148284
9789004148291
9789004148307
9789004148314
9789004148321
9789004148338
9789004148345
9789004148369
9789004148376
9789004148383
9789004148390
9789004148406
9789004148413
9789004148444
9789004148468
9789004148475
9789004148482
9789004148499
9789004148505
9789004148512
9789004148529
9789004148536
9789004148543
9789004148550
9789004148574
9789004148581
9789004148598
9789004148611
9789004148628
9789004148635
9789004148642
9789004148680
9789004148697
9789004148734
9789004148741
9789004148789
9789004148796
9789004148826
9789004148833
9789004148840
9789004148864
9789004148888
9789004148901
9789004148925
9789004148932
9789004148949
9789004148956
9789004148963
9789004148970
9789004148994
9789004149014
9789004149021
9789004149038
9789004149045
9789004149052
9789004149069
9789004149076
9789004149090
9789004149106
9789004149113
9789004149120
9789004149137
9789004149144
9789004149151
9789004149168
9789004149175
9789004149182
9789004149236
9789004149243
9789004149267
9789004149274
9789004149281
9789004149298
9789004149311
9789004149373
9789004149380
9789004149397
9789004149403
9789004149427
9789004149434
9789004149458
9789004149465
9789004149472
9789004149489
9789004149496
9789004149502
9789004149519
9789004149526
9789004149533
9789004149540
9789004149564
9789004149588
9789004149595
9789004149601
9789004149618
9789004149632
9789004149649
9789004149670
9789004149687
9789004149694
9789004149748
9789004149755
9789004149762
9789004149786
9789004149793
9789004149809
9789004149816
9789004149830
9789004149847
9789004149854
9789004149861
9789004149878
9789004149885
9789004149908
9789004149915
9789004149922
9789004149939
9789004149960
9789004149991
9789004150003
9789004150010
9789004150027
9789004150041
9789004150058
9789004150072
9789004150089
9789004150096
9789004150102
9789004150119
9789004150133
9789004150140
9789004150157
9789004150164
9789004150171
9789004150188
9789004150249
9789004150256
9789004150263
9789004150270
9789004150287
9789004150300
9789004150317
9789004150324
9789004150331
9789004150348
9789004150355
9789004150362
9789004150379
9789004150386
9789004150393
9789004150409
9789004150416
9789004150430
9789004150454
9789004150478
9789004150485
9789004150515
9789004150522
9789004150539
9789004150553
9789004150560
9789004150577
9789004150584
9789004150607
9789004150614
9789004150621
9789004150638
9789004150645
9789004150652
9789004150676
9789004150683
9789004150706
9789004150720
9789004150737
9789004150782
9789004150799
9789004150805
9789004150812
9789004150829
9789004150836
9789004150843
9789004150850
9789004150867
9789004150874
9789004150904
9789004150911
9789004150928
9789004150935
9789004150942
9789004150959
9789004150966
9789004150973
9789004150980
9789004150997
9789004151000
9789004151017
9789004151024
9789004151048
9789004151055
9789004151079
9789004151086
9789004151093
9789004151109
9789004151123
9789004151130
9789004151154
9789004151161
9789004151178
9789004151192
9789004151208
9789004151215
9789004151222
9789004151239
9789004151246
9789004151253
9789004151277
9789004151284
9789004151291
9789004151307
9789004151314
9789004151321
9789004151338
9789004151345
9789004151352
9789004151390
9789004151406
9789004151413
9789004151420
9789004151437
9789004151444
9789004151482
9789004151499
9789004151505
9789004151512
9789004151529
9789004151536
9789004151543
9789004151550
9789004151574
9789004151581
9789004151598
9789004151604
9789004151628
9789004151635
9789004151642
9789004151659
9789004151666
9789004151673
9789004151680
9789004151697
9789004151703
9789004151710
9789004151734
9789004151741
9789004151772
9789004151802
9789004151819
9789004151826
9789004151833
9789004151857
9789004151864
9789004151871
9789004151888
9789004151895
9789004151901
9789004151918
9789004151925
9789004151932
9789004151949
9789004151956
9789004151963
9789004151970
9789004151987
9789004151994
9789004152021
9789004152045
9789004152052
9789004152069
9789004152076
9789004152083
9789004152090
9789004152113
9789004152120
9789004152151
9789004152168
9789004152175
9789004152182
9789004152199
9789004152205
9789004152212
9789004152229
9789004152236
9789004152250
9789004152267
9789004152298
9789004152304
9789004152311
9789004152328
9789004152335
9789004152342
9789004152366
9789004152373
9789004152380
9789004152397
9789004152403
9789004152410
9789004152427
9789004152434
9789004152441
9789004152465
9789004152472
9789004152489
9789004152502
9789004152519
9789004152526
9789004152533
9789004152540
9789004152557
9789004152564
9789004152571
9789004152588
9789004152595
9789004152601
9789004152618
9789004152625
9789004152632
9789004152649
9789004152656
9789004152663
9789004152670
9789004152687
9789004152694
9789004152700
9789004152724
9789004152731
9789004152762
9789004152779
9789004152793
9789004152816
9789004152823
9789004152830
9789004152847
9789004152861
9789004152878
9789004152885
9789004152892
9789004152908
9789004152939
9789004152946
9789004152953
9789004152977
9789004152984
9789004152991
9789004153004
9789004153011
9789004153042
9789004153059
9789004153066
9789004153097
9789004153110
9789004153127
9789004153141
9789004153158
9789004153165
9789004153172
9789004153189
9789004153202
9789004153219
9789004153226
9789004153233
9789004153257
9789004153271
9789004153288
9789004153295
9789004153301
9789004153318
9789004153325
9789004153332
9789004153349
9789004153356
9789004153363
9789004153370
9789004153394
9789004153424
9789004153431
9789004153448
9789004153455
9789004153462
9789004153479
9789004153486
9789004153493
9789004153509
9789004153516
9789004153523
9789004153530
9789004153554
9789004153561
9789004153578
9789004153585
9789004153592
9789004153622
9789004153639
9789004153646
9789004153653
9789004153677
9789004153707
9789004153714
9789004153721
9789004153738
9789004153745
9789004153752
9789004153769
9789004153776
9789004153783
9789004153790
9789004153813
9789004153820
9789004153837
9789004153844
9789004153851
9789004153868
9789004153875
9789004153882
9789004153899
9789004153905
9789004153912
9789004153929
9789004153936
9789004153943
9789004153950
9789004153967
9789004153981
9789004153998
9789004154001
9789004154018
9789004154025
9789004154032
9789004154049
9789004154056
9789004154063
9789004154070
9789004154087
9789004154094
9789004154131
9789004154148
9789004154155
9789004154162
9789004154193
9789004154209
9789004154223
9789004154230
9789004154247
9789004154261
9789004154278
9789004154285
9789004154292
9789004154308
9789004154315
9789004154322
9789004154339
9789004154346
9789004154353
9789004154377
9789004154384
9789004154391
9789004154407
9789004154414
9789004154421
9789004154476
9789004154483
9789004154490
9789004154506
9789004154513
9789004154537
9789004154544
9789004154568
9789004154582
9789004154599
9789004154605
9789004154612
9789004154629
9789004154636
9789004154643
9789004154650
9789004154667
9789004154674
9789004154704
9789004154711
9789004154728
9789004154735
9789004154742
9789004154766
9789004154773
9789004154780
9789004154797
9789004154803
9789004154810
9789004154827
9789004154834
9789004154858
9789004154865
9789004154872
9789004154889
9789004154896
9789004154926
9789004154933
9789004154940
9789004154957
9789004154964
9789004154971
9789004154988
9789004154995
9789004155008
9789004155022
9789004155039
9789004155046
9789004155060
9789004155077
9789004155084
9789004155091
9789004155114
9789004155121
9789004155138
9789004155152
9789004155169
9789004155176
9789004155183
9789004155190
9789004155206
9789004155213
9789004155220
9789004155251
9789004155268
9789004155275
9789004155299
9789004155305
9789004155329
9789004155336
9789004155343
9789004155350
9789004155367
9789004155374
9789004155398
9789004155411
9789004155428
9789004155435
9789004155442
9789004155459
9789004155466
9789004155480
9789004155497
9789004155503
9789004155510
9789004155527
9789004155541
9789004155558
9789004155565
9789004155572
9789004155589
9789004155596
9789004155602
9789004155619
9789004155633
9789004155640
9789004155671
9789004155695
9789004155718
9789004155725
9789004155732
9789004155749
9789004155756
9789004155763
9789004155787
9789004155794
9789004155800
9789004155817
9789004155824
9789004155831
9789004155862
9789004155879
9789004155886
9789004155893
9789004155923
9789004155930
9789004155947
9789004155954
9789004155961
9789004155985
9789004155992
9789004156005
9789004156012
9789004156029
9789004156036
9789004156043
9789004156050
9789004156067
9789004156074
9789004156081
9789004156104
9789004156111
9789004156135
9789004156142
9789004156159
9789004156173
9789004156180
9789004156197
9789004156203
9789004156227
9789004156234
9789004156258
9789004156265
9789004156289
9789004156296
9789004156302
9789004156319
9789004156326
9789004156333
9789004156340
9789004156364
9789004156371
9789004156388
9789004156395
9789004156401
9789004156418
9789004156425
9789004156432
9789004156449
9789004156456
9789004156463
9789004156487
9789004156494
9789004156548
9789004156586
9789004156593
9789004156609
9789004156616
9789004156623
9789004156654
9789004156678
9789004156685
9789004156692
9789004156708
9789004156715
9789004156722
9789004156739
9789004156746
9789004156753
9789004156760
9789004156784
9789004156791
9789004156807
9789004156814
9789004156821
9789004156838
9789004156852
9789004156869
9789004156876
9789004156883
9789004156913
9789004156920
9789004156937
9789004156944
9789004156951
9789004156968
9789004156975
9789004156982
9789004156999
9789004157002
9789004157026
9789004157033
9789004157040
9789004157057
9789004157064
9789004157071
9789004157088
9789004157095
9789004157101
9789004157118
9789004157125
9789004157132
9789004157149
9789004157170
9789004157187
9789004157194
9789004157200
9789004157217
9789004157231
9789004157248
9789004157255
9789004157262
9789004157279
9789004157286
9789004157323
9789004157330
9789004157347
9789004157354
9789004157361
9789004157378
9789004157385
9789004157415
9789004157422
9789004157439
9789004157446
9789004157453
9789004157460
9789004157477
9789004157484
9789004157491
9789004157507
9789004157514
9789004157521
9789004157538
9789004157545
9789004157552
9789004157569
9789004157590
9789004157606
9789004157620
9789004157637
9789004157644
9789004157651
9789004157668
9789004157675
9789004157699
9789004157705
9789004157736
9789004157750
9789004157781
9789004157798
9789004157804
9789004157811
9789004157828
9789004157835
9789004157842
9789004157859
9789004157880
9789004157897
9789004157903
9789004157910
9789004157927
9789004157941
9789004157958
9789004158009
9789004158047
9789004158054
9789004158061
9789004158078
9789004158085
9789004158092
9789004158108
9789004158115
9789004158122
9789004158139
9789004158146
9789004158153
9789004158177
9789004158184
9789004158191
9789004158207
9789004158221
9789004158238
9789004158252
9789004158269
9789004158276
9789004158283
9789004158290
9789004158306
9789004158313
9789004158337
9789004158344
9789004158351
9789004158368
9789004158375
9789004158382
9789004158399
9789004158405
9789004158412
9789004158429
9789004158436
9789004158450
9789004158467
9789004158474
9789004158481
9789004158498
9789004158504
9789004158511
9789004158535
9789004158559
9789004158566
9789004158573
9789004158597
9789004158603
9789004158610
9789004158627
9789004158634
9789004158665
9789004158672
9789004158696
9789004158702
9789004158726
9789004158757
9789004158764
9789004158771
9789004158788
9789004158801
9789004158818
9789004158825
9789004158832
9789004158849
9789004158856
9789004158870
9789004158887
9789004158900
9789004158917
9789004158924
9789004158931
9789004160149
9789004160156
9789004160187
9789004160194
9789004160217
9789004160224
9789004160231
9789004160248
9789004160255
9789004160262
9789004160316
9789004160323
9789004160330
9789004160347
9789004160354
9789004160361
9789004160378
9789004160385
9789004160415
9789004160422
9789004160439
9789004160446
9789004160453
9789004160460
9789004160477
9789004160484
9789004160491
9789004160507
9789004160514
9789004160521
9789004160538
9789004160545
9789004160552
9789004160583
9789004160590
9789004160606
9789004160613
9789004160620
9789004160637
9789004160644
9789004160651
9789004160675
9789004160699
9789004160743
9789004160750
9789004160767
9789004160910
9789004160927
9789004160934
9789004160941
9789004160958
9789004160965
9789004160972
9789004160989
9789004160996
9789004161009
9789004161016
9789004161023
9789004161030
9789004161047
9789004161061
9789004161078
9789004161085
9789004161092
9789004161115
9789004161139
9789004161153
9789004161184
9789004161191
9789004161207
9789004161214
9789004161238
9789004161245
9789004161375
9789004161436
9789004161467
9789004161474
9789004161498
9789004161504
9789004161511
9789004161528
9789004161535
9789004161542
9789004161559
9789004161566
9789004161573
9789004161580
9789004161603
9789004161610
9789004161634
9789004161641
9789004161658
9789004161665
9789004161672
9789004161689
9789004161696
9789004161719
9789004161726
9789004161733
9789004161740
9789004161757
9789004161764
9789004161771
9789004161788
9789004161795
9789004161801
9789004161818
9789004161825
9789004161832
9789004161849
9789004161856
9789004161863
9789004161870
9789004161887
9789004161894
9789004161900
9789004161917
9789004161924
9789004161931
9789004161948
9789004161955
9789004161962
9789004162006
9789004162013
9789004162020
9789004162044
9789004162051
9789004162068
9789004162075
9789004162105
9789004162112
9789004162129
9789004162136
9789004162143
9789004162150
9789004162228
9789004162235
9789004162242
9789004162259
9789004162266
9789004162273
9789004162280
9789004162297
9789004162303
9789004162310
9789004162327
9789004162334
9789004162341
9789004162358
9789004162365
9789004162389
9789004162396
9789004162402
9789004162419
9789004162426
9789004162433
9789004162440
9789004162457
9789004162464
9789004162471
9789004162488
9789004162495
9789004162501
9789004162518
9789004162532
9789004162549
9789004162556
9789004162563
9789004162570
9789004162587
9789004162594
9789004162600
9789004162617
9789004162624
9789004162631
9789004162648
9789004162655
9789004162662
9789004162679
9789004162709
9789004162716
9789004162723
9789004162730
9789004162761
9789004162778
9789004162808
9789004162853
9789004162860
9789004162877
9789004162884
9789004162891
9789004162907
9789004162914
9789004162921
9789004162938
9789004162945
9789004162969
9789004162976
9789004162983
9789004163003
9789004163010
9789004163027
9789004163058
9789004163065
9789004163072
9789004163089
9789004163096
9789004163102
9789004163119
9789004163126
9789004163133
9789004163140
9789004163164
9789004163171
9789004163188
9789004163201
9789004163218
9789004163225
9789004163256
9789004163263
9789004163270
9789004163287
9789004163294
9789004163300
9789004163317
9789004163324
9789004163331
9789004163348
9789004163379
9789004163386
9789004163393
9789004163416
9789004163423
9789004163430
9789004163447
9789004163454
9789004163461
9789004163478
9789004163485
9789004163492
9789004163508
9789004163515
9789004163522
9789004163539
9789004163546
9789004163553
9789004163577
9789004163584
9789004163591
9789004163607
9789004163614
9789004163621
9789004163638
9789004163645
9789004163652
9789004163676
9789004163683
9789004163690
9789004163706
9789004163713
9789004163720
9789004163737
9789004163744
9789004163768
9789004163775
9789004163799
9789004163805
9789004163812
9789004163829
9789004163836
9789004163843
9789004163850
9789004163867
9789004163874
9789004163881
9789004163898
9789004163928
9789004163935
9789004163942
9789004163966
9789004163980
9789004163997
9789004164000
9789004164024
9789004164048
9789004164055
9789004164079
9789004164086
9789004164109
9789004164116
9789004164130
9789004164147
9789004164154
9789004164161
9789004164185
9789004164246
9789004164253
9789004164277
9789004164291
9789004164307
9789004164345
9789004164369
9789004164376
9789004164383
9789004164390
9789004164406
9789004164413
9789004164420
9789004164444
9789004164451
9789004164468
9789004164475
9789004164482
9789004164505
9789004164529
9789004164543
9789004164567
9789004164581
9789004164598
9789004164628
9789004164635
9789004164642
9789004164710
9789004164727
9789004164734
9789004164758
9789004164796
9789004164819
9789004164826
9789004164833
9789004164840
9789004164857
9789004164871
9789004164888
9789004164895
9789004164901
9789004164918
9789004164925
9789004164932
9789004164949
9789004164956
9789004164963
9789004164970
9789004164987
9789004165007
9789004165014
9789004165038
9789004165045
9789004165052
9789004165069
9789004165076
9789004165083
9789004165090
9789004165106
9789004165120
9789004165137
9789004165144
9789004165151
9789004165168
9789004165175
9789004165182
9789004165199
9789004165229
9789004165236
9789004165267
9789004165274
9789004165281
9789004165298
9789004165304
9789004165311
9789004165328
9789004165335
9789004165342
9789004165359
9789004165366
9789004165373
9789004165397
9789004165403
9789004165434
9789004165441
9789004165458
9789004165465
9789004165472
9789004165489
9789004165496
9789004165502
9789004165519
9789004165526
9789004165533
9789004165540
9789004165557
9789004165564
9789004165571
9789004165595
9789004165601
9789004165632
9789004165649
9789004165656
9789004165663
9789004165670
9789004165694
9789004165700
9789004165717
9789004165724
9789004165731
9789004165755
9789004165762
9789004165786
9789004165793
9789004165823
9789004165830
9789004165847
9789004165908
9789004165915
9789004165922
9789004165946
9789004165953
9789004165960
9789004165977
9789004165984
9789004165991
9789004166004
9789004166011
9789004166028
9789004166134
9789004166141
9789004166165
9789004166172
9789004166189
9789004166196
9789004166202
9789004166219
9789004166233
9789004166240
9789004166257
9789004166264
9789004166271
9789004166288
9789004166295
9789004166301
9789004166318
9789004166325
9789004166332
9789004166349
9789004166394
9789004166417
9789004166424
9789004166431
9789004166455
9789004166462
9789004166486
9789004166493
9789004166509
9789004166516
9789004166523
9789004166554
9789004166561
9789004166578
9789004166585
9789004166592
9789004166608
9789004166615
9789004166622
9789004166639
9789004166646
9789004166653
9789004166660
9789004166677
9789004166684
9789004166691
9789004166707
9789004166714
9789004166738
9789004166745
9789004166752
9789004166769
9789004166776
9789004166806
9789004166813
9789004166820
9789004166837
9789004166851
9789004166868
9789004166875
9789004166882
9789004166905
9789004166936
9789004166943
9789004166974
9789004166998
9789004167001
9789004167018
9789004167025
9789004167032
9789004167049
9789004167056
9789004167063
9789004167070
9789004167087
9789004167094
9789004167100
9789004167131
9789004167148
9789004167155
9789004167179
9789004167186
9789004167193
9789004167209
9789004167216
9789004167223
9789004167230
9789004167247
9789004167254
9789004167261
9789004167278
9789004167285
9789004167292
9789004167308
9789004167339
9789004167346
9789004167353
9789004167384
9789004167438
9789004167445
9789004167452
9789004167469
9789004167476
9789004167483
9789004167490
9789004167506
9789004167513
9789004167520
9789004167537
9789004167544
9789004167575
9789004167599
9789004167605
9789004167612
9789004167629
9789004167643
9789004167650
9789004167667
9789004167681
9789004167698
9789004167704
9789004167711
9789004167735
9789004167742
9789004167759
9789004167766
9789004167773
9789004167780
9789004167797
9789004167803
9789004167810
9789004167827
9789004167834
9789004167841
9789004167858
9789004167865
9789004167872
9789004167889
9789004167896
9789004167902
9789004167926
9789004167933
9789004167940
9789004167957
9789004167964
9789004167971
9789004168008
9789004168015
9789004168022
9789004168039
9789004168046
9789004168053
9789004168060
9789004168084
9789004168091
9789004168107
9789004168114
9789004168121
9789004168138
9789004168152
9789004168169
9789004168176
9789004168183
9789004168190
9789004168206
9789004168213
9789004168220
9789004168237
9789004168244
9789004168251
9789004168268
9789004168282
9789004168299
9789004168305
9789004168312
9789004168336
9789004168343
9789004168350
9789004168367
9789004168398
9789004168404
9789004168411
9789004168428
9789004168435
9789004168442
9789004168473
9789004168480
9789004168497
9789004168510
9789004168534
9789004168541
9789004168558
9789004168565
9789004168572
9789004168589
9789004168596
9789004168602
9789004168619
9789004168626
9789004168640
9789004168657
9789004168664
9789004168671
9789004168695
9789004168725
9789004168732
9789004168749
9789004168756
9789004168800
9789004168862
9789004168886
9789004168923
9789004168930
9789004168947
9789004168961
9789004168978
9789004168985
9789004169005
9789004169012
9789004169043
9789004169050
9789004169067
9789004169074
9789004169081
9789004169098
9789004169104
9789004169111
9789004169128
9789004169135
9789004169142
9789004169159
9789004169166
9789004169173
9789004169180
9789004169197
9789004169203
9789004169227
9789004169234
9789004169241
9789004169258
9789004169265
9789004169272
9789004169289
9789004169302
9789004169319
9789004169326
9789004169340
9789004169357
9789004169371
9789004169425
9789004169432
9789004169449
9789004169456
9789004169463
9789004169470
9789004169487
9789004169531
9789004169548
9789004169555
9789004169579
9789004169593
9789004169609
9789004169616
9789004169623
9789004169630
9789004169654
9789004169661
9789004169685
9789004169692
9789004169708
9789004169715
9789004169722
9789004169739
9789004169746
9789004169753
9789004169760
9789004169791
9789004169821
9789004169838
9789004169845
9789004169852
9789004169869
9789004169883
9789004169906
9789004169913
9789004169920
9789004170070
9789004170094
9789004170100
9789004170148
9789004170155
9789004170162
9789004170179
9789004170186
9789004170193
9789004170209
9789004170216
9789004170223
9789004170230
9789004170254
9789004170261
9789004170278
9789004170285
9789004170292
9789004170308
9789004170315
9789004170322
9789004170339
9789004170346
9789004170353
9789004170360
9789004170384
9789004170391
9789004170407
9789004170438
9789004170445
9789004170452
9789004170469
9789004170476
9789004170490
9789004170506
9789004170513
9789004170520
9789004170537
9789004170544
9789004170568
9789004170575
9789004170582
9789004170599
9789004170605
9789004170612
9789004170629
9789004170643
9789004170650
9789004170667
9789004170698
9789004170711
9789004170728
9789004170735
9789004170766
9789004170773
9789004170797
9789004170803
9789004170810
9789004170827
9789004170841
9789004170858
9789004170865
9789004170872
9789004170889
9789004170896
9789004170957
9789004170971
9789004170988
9789004170995
9789004171008
9789004171015
9789004171022
9789004171039
9789004171046
9789004171053
9789004171060
9789004171077
9789004171084
9789004171091
9789004171107
9789004171114
9789004171121
9789004171138
9789004171145
9789004171152
9789004171169
9789004171183
9789004171190
9789004171220
9789004171237
9789004171244
9789004171251
9789004171268
9789004171282
9789004171299
9789004171305
9789004171312
9789004171329
9789004171336
9789004171343
9789004171367
9789004171374
9789004171381
9789004171398
9789004171404
9789004171428
9789004171442
9789004171459
9789004171473
9789004171480
9789004171503
9789004171510
9789004171527
9789004171534
9789004171541
9789004171558
9789004171565
9789004171596
9789004171619
9789004171626
9789004171633
9789004171657
9789004171701
9789004171718
9789004171725
9789004171732
9789004171749
9789004171756
9789004171763
9789004171770
9789004171787
9789004171800
9789004171831
9789004171848
9789004171916
9789004171923
9789004171930
9789004171954
9789004171961
9789004171978
9789004171985
9789004171992
9789004172005
9789004172012
9789004172029
9789004172043
9789004172067
9789004172074
9789004172128
9789004172135
9789004172173
9789004172180
9789004172241
9789004172258
9789004172265
9789004172302
9789004172319
9789004172326
9789004172333
9789004172340
9789004172357
9789004172371
9789004172388
9789004172395
9789004172401
9789004172418
9789004172463
9789004172470
9789004172487
9789004172500
9789004172517
9789004172548
9789004172555
9789004172623
9789004172661
9789004172678
9789004172685
9789004172692
9789004172708
9789004172715
9789004172722
9789004172739
9789004172746
9789004172777
9789004172784
9789004172791
9789004172821
9789004172838
9789004172845
9789004172852
9789004172869
9789004172876
9789004172883
9789004172890
9789004172906
9789004172913
9789004172920
9789004172937
9789004172944
9789004172951
9789004172968
9789004173033
9789004173040
9789004173057
9789004173163
9789004173170
9789004173187
9789004173217
9789004173224
9789004173231
9789004173248
9789004173255
9789004173262
9789004173279
9789004173286
9789004173293
9789004173309
9789004173316
9789004173323
9789004173330
9789004173354
9789004173361
9789004173378
9789004173385
9789004173392
9789004173408
9789004173415
9789004173422
9789004173439
9789004173446
9789004173453
9789004173477
9789004173491
9789004173507
9789004173514
9789004173521
9789004173538
9789004173545
9789004173552
9789004173576
9789004173583
9789004173590
9789004173606
9789004173613
9789004173620
9789004173637
9789004173644
9789004173651
9789004173668
9789004173675
9789004173705
9789004173750
9789004173767
9789004173798
9789004173804
9789004173811
9789004173828
9789004173835
9789004173842
9789004173859
9789004173866
9789004173873
9789004173897
9789004173903
9789004173934
9789004173941
9789004173958
9789004173965
9789004174030
9789004174047
9789004174054
9789004174061
9789004174078
9789004174085
9789004174092
9789004174108
9789004174115
9789004174122
9789004174139
9789004174146
9789004174153
9789004174160
9789004174177
9789004174184
9789004174214
9789004174221
9789004174238
9789004174245
9789004174252
9789004174269
9789004174283
9789004174290
9789004174320
9789004174337
9789004174344
9789004174351
9789004174368
9789004174375
9789004174382
9789004174405
9789004174412
9789004174443
9789004174450
9789004174467
9789004174474
9789004174481
9789004174498
9789004174504
9789004174511
9789004174528
9789004174535
9789004174559
9789004174566
9789004174603
9789004174610
9789004174627
9789004174634
9789004174641
9789004174665
9789004174696
9789004174702
9789004174719
9789004174726
9789004174733
9789004174740
9789004174757
9789004174764
9789004174788
9789004174795
9789004174801
9789004174818
9789004174825
9789004174849
9789004174856
9789004174863
9789004174887
9789004174900
9789004174917
9789004174924
9789004174955
9789004174962
9789004174979
9789004174986
9789004174993
9789004175006
9789004175013
9789004175020
9789004175037
9789004175044
9789004175051
9789004175068
9789004175075
9789004175082
9789004175099
9789004175105
9789004175112
9789004175129
9789004175136
9789004175143
9789004175150
9789004175167
9789004175174
9789004175181
9789004175198
9789004175211
9789004175228
9789004175235
9789004175242
9789004175259
9789004175266
9789004175273
9789004175297
9789004175303
9789004175327
9789004175334
9789004175341
9789004175358
9789004175365
9789004175372
9789004175419
9789004175426
9789004175433
9789004175471
9789004175495
9789004175501
9789004175525
9789004175532
9789004175549
9789004175556
9789004175563
9789004175570
9789004175587
9789004175600
9789004175617
9789004175624
9789004175631
9789004175648
9789004175655
9789004175662
9789004175679
9789004175693
9789004175716
9789004175723
9789004175730
9789004175747
9789004175754
9789004175778
9789004175785
9789004175792
9789004175808
9789004175815
9789004175822
9789004175846
9789004175853
9789004175860
9789004175877
9789004175884
9789004175891
9789004175907
9789004175914
9789004175921
9789004175938
9789004175945
9789004175969
9789004175976
9789004175983
9789004175990
9789004176003
9789004176010
9789004176027
9789004176034
9789004176041
9789004176058
9789004176065
9789004176089
9789004176140
9789004176157
9789004176164
9789004176171
9789004176195
9789004176201
9789004176218
9789004176225
9789004176232
9789004176249
9789004176256
9789004176263
9789004176270
9789004176287
9789004176294
9789004176300
9789004176317
9789004176331
9789004176348
9789004176379
9789004176386
9789004176393
9789004176409
9789004176416
9789004176423
9789004176430
9789004176447
9789004176454
9789004176461
9789004176478
9789004176485
9789004176492
9789004176508
9789004176515
9789004176522
9789004176539
9789004176546
9789004176577
9789004176584
9789004176652
9789004176669
9789004176720
9789004176737
9789004176782
9789004176799
9789004176805
9789004176812
9789004176829
9789004176836
9789004176843
9789004176850
9789004176867
9789004176874
9789004176898
9789004176904
9789004176911
9789004176935
9789004176966
9789004176980
9789004176997
9789004177017
9789004177024
9789004177031
9789004177123
9789004177130
9789004177147
9789004177154
9789004177161
9789004177178
9789004177185
9789004177208
9789004177222
9789004177239
9789004177253
9789004177260
9789004177277
9789004177284
9789004177291
9789004177314
9789004177321
9789004177338
9789004177345
9789004177352
9789004177376
9789004177383
9789004177390
9789004177406
9789004177413
9789004177420
9789004177437
9789004177444
9789004177451
9789004177499
9789004177505
9789004177512
9789004177529
9789004177536
9789004177543
9789004177550
9789004177567
9789004177574
9789004177581
9789004177628
9789004177635
9789004177642
9789004177666
9789004177703
9789004177710
9789004177727
9789004177741
9789004177833
9789004177840
9789004177857
9789004177864
9789004177871
9789004177895
9789004177918
9789004177932
9789004177956
9789004177963
9789004177970
9789004177987
9789004178007
9789004178014
9789004178021
9789004178038
9789004178045
9789004178069
9789004178076
9789004178083
9789004178090
9789004178106
9789004178113
9789004178120
9789004178137
9789004178144
9789004178151
9789004178168
9789004178199
9789004178229
9789004178250
9789004178267
9789004178274
9789004178281
9789004178304
9789004178311
9789004178328
9789004178335
9789004178342
9789004178359
9789004178366
9789004178373
9789004178380
9789004178397
9789004178403
9789004178410
9789004178427
9789004178434
9789004178441
9789004178489
9789004178502
9789004178519
9789004178526
9789004178533
9789004178557
9789004178564
9789004178588
9789004178595
9789004178601
9789004178618
9789004178656
9789004178663
9789004178717
9789004178724
9789004178731
9789004178748
9789004178755
9789004178762
9789004178779
9789004178786
9789004178793
9789004178809
9789004178823
9789004178847
9789004178854
9789004178861
9789004178878
9789004178885
9789004178892
9789004178908
9789004178915
9789004178922
9789004178939
9789004178946
9789004178953
9789004178960
9789004178977
9789004178984
9789004179004
9789004179011
9789004179035
9789004179042
9789004179059
9789004179066
9789004179073
9789004179080
9789004179097
9789004179103
9789004179110
9789004179127
9789004179134
9789004179141
9789004179158
9789004179165
9789004179172
9789004179189
9789004179196
9789004179202
9789004179219
9789004179226
9789004179257
9789004179264
9789004179301
9789004179318
9789004179325
9789004179332
9789004179349
9789004179370
9789004179387
9789004179394
9789004179400
9789004179479
9789004179486
9789004179493
9789004179509
9789004179516
9789004179530
9789004179547
9789004179554
9789004179561
9789004179578
9789004179585
9789004179592
9789004179622
9789004179639
9789004179646
9789004179653
9789004179684
9789004179691
9789004179707
9789004179714
9789004179721
9789004179738
9789004179745
9789004179752
9789004179769
9789004179776
9789004179783
9789004179806
9789004179813
9789004179820
9789004179851
9789004179868
9789004179882
9789004179899
9789004179905
9789004179912
9789004179936
9789004179950
9789004179967
9789004179998
9789004180000
9789004180017
9789004180024
9789004180031
9789004180048
9789004180055
9789004180079
9789004180086
9789004180093
9789004180109
9789004180116
9789004180123
9789004180130
9789004180147
9789004180154
9789004180192
9789004180208
9789004180215
9789004180246
9789004180253
9789004180260
9789004180284
9789004180291
9789004180307
9789004180314
9789004180321
9789004180338
9789004180345
9789004180352
9789004180369
9789004180376
9789004180383
9789004180390
9789004180406
9789004180413
9789004180437
9789004180444
9789004180451
9789004180468
9789004180499
9789004180505
9789004180512
9789004180536
9789004180550
9789004180895
9789004180918
9789004180925
9789004180932
9789004180949
9789004180956
9789004180963
9789004181038
9789004181045
9789004181052
9789004181069
9789004181076
9789004181120
9789004181137
9789004181144
9789004181151
9789004181168
9789004181175
9789004181229
9789004181236
9789004181267
9789004181274
9789004181298
9789004181304
9789004181311
9789004181335
9789004181342
9789004181359
9789004181373
9789004181380
9789004181410
9789004181427
9789004181441
9789004181458
9789004181472
9789004181489
9789004181526
9789004181540
9789004181595
9789004181632
9789004181649
9789004181663
9789004181670
9789004181687
9789004181694
9789004181700
9789004181717
9789004181724
9789004181731
9789004181748
9789004181755
9789004181762
9789004181809
9789004181816
9789004181823
9789004181847
9789004181854
9789004181861
9789004181885
9789004181915
9789004181922
9789004181939
9789004181946
9789004181977
9789004181984
9789004182004
9789004182011
9789004182028
9789004182035
9789004182042
9789004182059
9789004182073
9789004182080
9789004182097
9789004182103
9789004182110
9789004182127
9789004182134
9789004182165
9789004182219
9789004182318
9789004182325
9789004182356
9789004182370
9789004182394
9789004182400
9789004182417
9789004182424
9789004182431
9789004182448
9789004182455
9789004182462
9789004182479
9789004182486
9789004182493
9789004182509
9789004182516
9789004182554
9789004182578
9789004182585
9789004182592
9789004182608
9789004182622
9789004182639
9789004182646
9789004182653
9789004182660
9789004182677
9789004182684
9789004182707
9789004182714
9789004182721
9789004182745
9789004182752
9789004182783
9789004182806
9789004182813
9789004182844
9789004182851
9789004182868
9789004182882
9789004182899
9789004182905
9789004182912
9789004182929
9789004182943
9789004182950
9789004182967
9789004182981
9789004182998
9789004183001
9789004183018
9789004183025
9789004183032
9789004183049
9789004183056
9789004183063
9789004183070
9789004183087
9789004183094
9789004183100
9789004183117
9789004183124
9789004183131
9789004183155
9789004183162
9789004183179
9789004183193
9789004183209
9789004183247
9789004183254
9789004183261
9789004183278
9789004183292
9789004183308
9789004183315
9789004183322
9789004183346
9789004183353
9789004183360
9789004183377
9789004183384
9789004183407
9789004183414
9789004183421
9789004183438
9789004183445
9789004183452
9789004183469
9789004183476
9789004183483
9789004183490
9789004183506
9789004183513
9789004183520
9789004183537
9789004183544
9789004183551
9789004183568
9789004183575
9789004183674
9789004183681
9789004183698
9789004183711
9789004183759
9789004183773
9789004183780
9789004183797
9789004183803
9789004183810
9789004183834
9789004183858
9789004183872
9789004183889
9789004183896
9789004183902
9789004183919
9789004183926
9789004183933
9789004183957
9789004183964
9789004184008
9789004184015
9789004184022
9789004184039
9789004184046
9789004184060
9789004184077
9789004184107
9789004184138
9789004184145
9789004184169
9789004184176
9789004184190
9789004184206
9789004184213
9789004184220
9789004184244
9789004184251
9789004184275
9789004184282
9789004184299
9789004184305
9789004184329
9789004184343
9789004184367
9789004184381
9789004184459
9789004184473
9789004184480
9789004184497
9789004184503
9789004184510
9789004184527
9789004184534
9789004184541
9789004184558
9789004184565
9789004184633
9789004184640
9789004184657
9789004184664
9789004184671
9789004184688
9789004184695
9789004184701
9789004184718
9789004184725
9789004184749
9789004184756
9789004184770
9789004184787
9789004184794
9789004184817
9789004184824
9789004184831
9789004184855
9789004184893
9789004184909
9789004184916
9789004184923
9789004184930
9789004184947
9789004184954
9789004184961
9789004184985
9789004184992
9789004185005
9789004185012
9789004185029
9789004185036
9789004185043
9789004185050
9789004185098
9789004185104
9789004185111
9789004185128
9789004185135
9789004185142
9789004185159
9789004185166
9789004185173
9789004185180
9789004185197
9789004185203
9789004185210
9789004185227
9789004185234
9789004185241
9789004185258
9789004185265
9789004185272
9789004185289
9789004185302
9789004185319
9789004185326
9789004185357
9789004185364
9789004185425
9789004185449
9789004185456
9789004185470
9789004185487
9789004185500
9789004185517
9789004185531
9789004185548
9789004185555
9789004185562
9789004185579
9789004185586
9789004185593
9789004185616
9789004185623
9789004185630
9789004185647
9789004185654
9789004185661
9789004185685
9789004185722
9789004185739
9789004185746
9789004185753
9789004185760
9789004185777
9789004185791
9789004185807
9789004185845
9789004185876
9789004185890
9789004185906
9789004185913
9789004185920
9789004185937
9789004185982
9789004185999
9789004186002
9789004186019
9789004186033
9789004186040
9789004186064
9789004186088
9789004186095
9789004186125
9789004186132
9789004186149
9789004186156
9789004186163
9789004186170
9789004186187
9789004186194
9789004186200
9789004186217
9789004186224
9789004186231
9789004186248
9789004186262
9789004186279
9789004186286
9789004186293
9789004186309
9789004186316
9789004186330
9789004186354
9789004186361
9789004186385
9789004186415
9789004186422
9789004186439
9789004186446
9789004186460
9789004186477
9789004186491
9789004186507
9789004186514
9789004186521
9789004186538
9789004186545
9789004186576
9789004186583
9789004186590
9789004186606
9789004186613
9789004186620
9789004186637
9789004186644
9789004186651
9789004186668
9789004186675
9789004186682
9789004186699
9789004186705
9789004186712
9789004186774
9789004186781
9789004186798
9789004186828
9789004186835
9789004186880
9789004186897
9789004186941
9789004186958
9789004186972
9789004186989
9789004186996
9789004187054
9789004187061
9789004187092
9789004187108
9789004187122
9789004187139
9789004187146
9789004187160
9789004187184
9789004187191
9789004187207
9789004187214
9789004187252
9789004187269
9789004187283
9789004187290
9789004187306
9789004187313
9789004187375
9789004187405
9789004187412
9789004187429
9789004187450
9789004187467
9789004187481
9789004187498
9789004187528
9789004187535
9789004187542
9789004187566
9789004187580
9789004187597
9789004187658
9789004187665
9789004187696
9789004187733
9789004187740
9789004187757
9789004187764
9789004187771
9789004187788
9789004187795
9789004187849
9789004187856
9789004187863
9789004187870
9789004187887
9789004187900
9789004187917
9789004187924
9789004187931
9789004187948
9789004187955
9789004187962
9789004187986
9789004187993
9789004188006
9789004188105
9789004188112
9789004188136
9789004188143
9789004188150
9789004188174
9789004188334
9789004188358
9789004188365
9789004188396
9789004188402
9789004188433
9789004188495
9789004188532
9789004188570
9789004188587
9789004188600
9789004188624
9789004188631
9789004188648
9789004188655
9789004188662
9789004188679
9789004188693
9789004188723
9789004188730
9789004188747
9789004188761
9789004188785
9789004188822
9789004188853
9789004188877
9789004188884
9789004188907
9789004188914
9789004188921
9789004188938
9789004188952
9789004188976
9789004188983
9789004188990
9789004189003
9789004189034
9789004189041
9789004189058
9789004189065
9789004189072
9789004189096
9789004189119
9789004189126
9789004189133
9789004189171
9789004189201
9789004189218
9789004189225
9789004189232
9789004189256
9789004189263
9789004189270
9789004189300
9789004189317
9789004189324
9789004189348
9789004189362
9789004189508
9789004189522
9789004189638
9789004189706
9789004189744
9789004189775
9789004189782
9789004189898
9789004189942
9789004189973
9789004189997
9789004190009
9789004190016
9789004190276
9789004190320
9789004190412
9789004190429
9789004190436
9789004190467
9789004190481
9789004190498
9789004190511
9789004190580
9789004190849
9789004191082
9789004191129
9789004191143
9789004191150
9789004191174
9789004191211
9789004191235
9789004191266
9789004191273
9789004191280
9789004191297
9789004191303
9789004191310
9789004191334
9789004191341
9789004191372
9789004191396
9789004191433
9789004191440
9789004191457
9789004191464
9789004191488
9789004191495
9789004191501
9789004191518
9789004191525
9789004191532
9789004191549
9789004191556
9789004191563
9789004191570
9789004191587
9789004191594
9789004191600
9789004191617
9789004191624
9789004191631
9789004191648
9789004191655
9789004191662
9789004191686
9789004191693
9789004191716
9789004191723
9789004191730
9789004191754
9789004191785
9789004191808
9789004191815
9789004191822
9789004191877
9789004191891
9789004191907
9789004191914
9789004191921
9789004191945
9789004191976
9789004191990
9789004192003
9789004192027
9789004192041
9789004192065
9789004192072
9789004192089
9789004192096
9789004192133
9789004192157
9789004192171
9789004192188
9789004192201
9789004192232
9789004192263
9789004192287
9789004192355
9789004192379
9789004192386
9789004192409
9789004192423
9789004192430
9789004192454
9789004192461
9789004192478
9789004192485
9789004192492
9789004192522
9789004192539
9789004192843
9789004192850
9789004192867
9789004192881
9789004192898
9789004192904
9789004192911
9789004193031
9789004193123
9789004193161
9789004193185
9789004193192
9789004193383
9789004193802
9789004193819
9789004193833
9789004193840
9789004193857
9789004193895
9789004193901
9789004193932
9789004193949
9789004193956
9789004194007
9789004194014
9789004194021
9789004194038
9789004194052
9789004194069
9789004194083
9789004194106
9789004194113
9789004194120
9789004194137
9789004194151
9789004194175
9789004194212
9789004194229
9789004194250
9789004194267
9789004194298
9789004194304
9789004194359
9789004194380
9789004194397
9789004194410
9789004194434
9789004194458
9789004194465
9789004194489
9789004194496
9789004194526
9789004194533
9789004194540
9789004194564
9789004194595
9789004194625
9789004194632
9789004194656
9789004194663
9789004194700
9789004194717
9789004194724
9789004194731
9789004194779
9789004194793
9789004194809
9789004194823
9789004194854
9789004194861
9789004194892
9789004194939
9789004194946
9789004194953
9789004194960
9789004194991
9789004195004
9789004195158
9789004195165
9789004195219
9789004195820
9789004195837
9789004195844
9789004195868
9789004195875
9789004195998
9789004196018
9789004196025
9789004196049
9789004196056
9789004196070
9789004196087
9789004196094
9789004196100
9789004196179
9789004196186
9789004196957
9789004197992
9789004198005
9789004200982
9789004201002
9789004201019
9789004201026
9789004201040
9789004201064
9789004201071
9789004201095
9789004201101
9789004201156
9789004201170
9789004201187
9789004201194
9789004201217
9789004201231
9789004201248
9789004201279
9789004201293
9789004201323
9789004201330
9789004201354
9789004201361
9789004201378
9789004201392
9789004201408
9789004201415
9789004201439
9789004201446
9789004201453
9789004201484
9789004201507
9789004201514
9789004201521
9789004201538
9789004201545
9789004201552
9789004201569
9789004201576
9789004201583
9789004201620
9789004201651
9789004201668
9789004201675
9789004201699
9789004201712
9789004201729
9789004201736
9789004201767
9789004201781
9789004201798
9789004201859
9789004201927
9789004202153
9789004202177
9789004202191
9789004202221
9789004202252
9789004202269
9789004202290
9789004202306
9789004202344
9789004202382
9789004202399
9789004202405
9789004202429
9789004202436
9789004202467
9789004202474
9789004202481
9789004202498
9789004202504
9789004202511
9789004202528
9789004202535
9789004202542
9789004202559
9789004202566
9789004202573
9789004202597
9789004202603
9789004202610
9789004202627
9789004202634
9789004202658
9789004202672
9789004202689
9789004202696
9789004202702
9789004202726
9789004202740
9789004202757
9789004202764
9789004202788
9789004202856
9789004202863
9789004202900
9789004202917
9789004202948
9789004202955
9789004202962
9789004202979
9789004202986
9789004202993
9789004203006
9789004203037
9789004203051
9789004203075
9789004203099
9789004203112
9789004203129
9789004203150
9789004203174
9789004203211
9789004203235
9789004203259
9789004203266
9789004203273
9789004203297
9789004203303
9789004203327
9789004203358
9789004203365
9789004203372
9789004203389
9789004203402
9789004203426
9789004203433
9789004203440
9789004203457
9789004203464
9789004203471
9789004203488
9789004203518
9789004203532
9789004203549
9789004203556
9789004203594
9789004203631
9789004203648
9789004203655
9789004203662
9789004203723
9789004203730
9789004203747
9789004203754
9789004203761
9789004203778
9789004203792
9789004203815
9789004203839
9789004203853
9789004203860
9789004203877
9789004203891
9789004203907
9789004203938
9789004203945
9789004203952
9789004203969
9789004203990
9789004204003
9789004204027
9789004204102
9789004204126
9789004204164
9789004204232
9789004204249
9789004204300
9789004204317
9789004204348
9789004204355
9789004204409
9789004204515
9789004204751
9789004204768
9789004204782
9789004204805
9789004204829
9789004204867
9789004204874
9789004204904
9789004204911
9789004204935
9789004204997
9789004205000
9789004205024
9789004205048
9789004205062
9789004205093
9789004205109
9789004205116
9789004205130
9789004205147
9789004205154
9789004205161
9789004205178
9789004205185
9789004205192
9789004205352
9789004205390
9789004205550
9789004205567
9789004205604
9789004205628
9789004205635
9789004205659
9789004205673
9789004205680
9789004205697
9789004205703
9789004205710
9789004205727
9789004205734
9789004205741
9789004205758
9789004205765
9789004205772
9789004205802
9789004205819
9789004205833
9789004205840
9789004205864
9789004205871
9789004205888
9789004205895
9789004205901
9789004205918
9789004205925
9789004205932
9789004205949
9789004205956
9789004205970
9789004206007
9789004206038
9789004206069
9789004206076
9789004206083
9789004206090
9789004206113
9789004206120
9789004206137
9789004206151
9789004206168
9789004206175
9789004206182
9789004206199
9789004206205
9789004206229
9789004206243
9789004206250
9789004206298
9789004206311
9789004206328
9789004206472
9789004206489
9789004206502
9789004206519
9789004206526
9789004206533
9789004206601
9789004206618
9789004206632
9789004206656
9789004206663
9789004206687
9789004206694
9789004206731
9789004206748
9789004206755
9789004206779
9789004206793
9789004206809
9789004206830
9789004206847
9789004206892
9789004206922
9789004206953
9789004206977
9789004207004
9789004207028
9789004207035
9789004207059
9789004207066
9789004207073
9789004207080
9789004207103
9789004207110
9789004207127
9789004207141
9789004207172
9789004207196
9789004207202
9789004207219
9789004207226
9789004207233
9789004207240
9789004207264
9789004207271
9789004207295
9789004207301
9789004207318
9789004207325
9789004207332
9789004207356
9789004207370
9789004207394
9789004207400
9789004207424
9789004207431
9789004207455
9789004207479
9789004207493
9789004207523
9789004207530
9789004207608
9789004207622
9789004207660
9789004207677
9789004207714
9789004207745
9789004207752
9789004207769
9789004207783
9789004207974
9789004207998
9789004208018
9789004208049
9789004208063
9789004208070
9789004208094
9789004208117
9789004208476
9789004208506
9789004208513
9789004208568
9789004208582
9789004208599
9789004208605
9789004208612
9789004208629
9789004208650
9789004208667
9789004208698
9789004208759
9789004208797
9789004208858
9789004208865
9789004208919
9789004208926
9789004208933
9789004208940
9789004208957
9789004208988
9789004209022
9789004209121
9789004209145
9789004209169
9789004209176
9789004209190
9789004209244
9789004209251
9789004209268
9789004209275
9789004209282
9789004209299
9789004209305
9789004209312
9789004209336
9789004209350
9789004209398
9789004209404
9789004209459
9789004209466
9789004209473
9789004209480
9789004209527
9789004209558
9789004209602
9789004209701
9789004209718
9789004209732
9789004209749
9789004209763
9789004209770
9789004209794
9789004209800
9789004209817
9789004209824
9789004209831
9789004209862
9789004209879
9789004209886
9789004209893
9789004209909
9789004209916
9789004209961
9789004209978
9789004209992
9789004210035
9789004210059
9789004210110
9789004210141
9789004210172
9789004210240
9789004210271
9789004210288
9789004210295
9789004210301
9789004210318
9789004210325
9789004210387
9789004210431
9789004210455
9789004210462
9789004210486
9789004210493
9789004210516
9789004210592
9789004210615
9789004210622
9789004210677
9789004210684
9789004210707
9789004210745
9789004210752
9789004210769
9789004210776
9789004210790
9789004210806
9789004210837
9789004210851
9789004210936
9789004211018
9789004211025
9789004211056
9789004211094
9789004211117
9789004211131
9789004211162
9789004211186
9789004211193
9789004211223
9789004211230
9789004211254
9789004211278
9789004211285
9789004211315
9789004211322
9789004211339
9789004211346
9789004211353
9789004211360
9789004211391
9789004211407
9789004211414
9789004211469
9789004211476
9789004211483
9789004211490
9789004211506
9789004211513
9789004211520
9789004211537
9789004211551
9789004211568
9789004211575
9789004211582
9789004211599
9789004211605
9789004211629
9789004211636
9789004211643
9789004211650
9789004211667
9789004211674
9789004211681
9789004211704
9789004211711
9789004211742
9789004211759
9789004211766
9789004211803
9789004211841
9789004211865
9789004211872
9789004211971
9789004212022
9789004212039
9789004212046
9789004212060
9789004212077
9789004212091
9789004212114
9789004212138
9789004212145
9789004212152
9789004212176
9789004212190
9789004212206
9789004212213
9789004212220
9789004212244
9789004212299
9789004212343
9789004212367
9789004212374
9789004212381
9789004212398
9789004212404
9789004212411
9789004212428
9789004212435
9789004212442
9789004212459
9789004212466
9789004212473
9789004212480
9789004212527
9789004212534
9789004212558
9789004212572
9789004212596
9789004214156
9789004214187
9789004214224
9789004214248
9789004214262
9789004214279
9789004214286
9789004214293
9789004214309
9789004214323
9789004214347
9789004214378
9789004214385
9789004214408
9789004214415
9789004214422
9789004214446
9789004214460
9789004214484
9789004214491
9789004214507
9789004214545
9789004214576
9789004214590
9789004214668
9789004214675
9789004214842
9789004214965
9789004215153
9789004215207
9789004215238
9789004215245
9789004215252
9789004215276
9789004215344
9789004215375
9789004215405
9789004215443
9789004215450
9789004215535
9789004215573
9789004215603
9789004215634
9789004215658
9789004215672
9789004215689
9789004215986
9789004215993
9789004216006
9789004216082
9789004216099
9789004216105
9789004216150
9789004216174
9789004216518
9789004216556
9789004216563
9789004216686
9789004216709
9789004216723
9789004216730
9789004216747
9789004216761
9789004216778
9789004216792
9789004216839
9789004216945
9789004216952
9789004216969
9789004216983
9789004217010
9789004217034
9789004217041
9789004217058
9789004217171
9789004217195
9789004217218
9789004217225
9789004217232
9789004217249
9789004217256
9789004217263
9789004217270
9789004217294
9789004217300
9789004217331
9789004217362
9789004217386
9789004217409
9789004217461
9789004217478
9789004217539
9789004217546
9789004217560
9789004217577
9789004217683
9789004217690
9789004217706
9789004217737
9789004217744
9789004217782
9789004217898
9789004217928
9789004217980
9789004218055
9789004218086
9789004218109
9789004218116
9789004218130
9789004218147
9789004218161
9789004218185
9789004218192
9789004218208
9789004218222
9789004218321
9789004218338
9789004218437
9789004218444
9789004218451
9789004218482
9789004218505
9789004218529
9789004218543
9789004218567
9789004218574
9789004218581
9789004218598
9789004218635
9789004218659
9789004218666
9789004218673
9789004218703
9789004218710
9789004218734
9789004218741
9789004218765
9789004218772
9789004218789
9789004218819
9789004218840
9789004218857
9789004218895
9789004218901
9789004218932
9789004218956
9789004219007
9789004219014
9789004219021
9789004219045
9789004219069
9789004219076
9789004219113
9789004219151
9789004219212
9789004219229
9789004219281
9789004219304
9789004219311
9789004219328
9789004219380
9789004219588
9789004219595
9789004219601
9789004219618
9789004219694
9789004219700
9789004219724
9789004219809
9789004219830
9789004219878
9789004219908
9789004219960
9789004220300
9789004220393
9789004220430
9789004220546
9789004220690
9789004220805
9789004220973
9789004221000
9789004221048
9789004221079
9789004221086
9789004221116
9789004221154
9789004221161
9789004221178
9789004221239
9789004221246
9789004221260
9789004221277
9789004221284
9789004221345
9789004221369
9789004221390
9789004221420
9789004221437
9789004221444
9789004221451
9789004221468
9789004221475
9789004221482
9789004221505
9789004221512
9789004221529
9789004221543
9789004221567
9789004221581
9789004221635
9789004221673
9789004221864
9789004221871
9789004221895
9789004221901
9789004221932
9789004221956
9789004221963
9789004221970
9789004221994
9789004222014
9789004222021
9789004222038
9789004222052
9789004222069
9789004222090
9789004222113
9789004222120
9789004222137
9789004222144
9789004222168
9789004222199
9789004222205
9789004222229
9789004222236
9789004222243
9789004222250
9789004222274
9789004222298
9789004222304
9789004222311
9789004222335
9789004222359
9789004222441
9789004222489
9789004222502
9789004222526
9789004222571
9789004222601
9789004222618
9789004222625
9789004222632
9789004222649
9789004222694
9789004222755
9789004223189
9789004223349
9789004223370
9789004223387
9789004223431
9789004223455
9789004223462
9789004223493
9789004223509
9789004223523
9789004223530
9789004223554
9789004223561
9789004223578
9789004223592
9789004223615
9789004223622
9789004223639
9789004223646
9789004223660
9789004223691
9789004223721
9789004223776
9789004223806
9789004223837
9789004223868
9789004223899
9789004223905
9789004223912
9789004223929
9789004223936
9789004223943
9789004223950
9789004223967
9789004223974
9789004223998
9789004224032
9789004224063
9789004224070
9789004224100
9789004224117
9789004224124
9789004224131
9789004224186
9789004224193
9789004224247
9789004224254
9789004224278
9789004224285
9789004224308
9789004224315
9789004224346
9789004224353
9789004224377
9789004224407
9789004224414
9789004224438
9789004224568
9789004224681
9789004224933
9789004225169
9789004225176
9789004225183
9789004225190
9789004225206
9789004225213
9789004225220
9789004225251
9789004225282
9789004225299
9789004225329
9789004225336
9789004225367
9789004225398
9789004225404
9789004225411
9789004225459
9789004225473
9789004225497
9789004225503
9789004225510
9789004225527
9789004225534
9789004225572
9789004225640
9789004225657
9789004225671
9789004225718
9789004225749
9789004225800
9789004225817
9789004225824
9789004225831
9789004225848
9789004225862
9789004225886
9789004225916
9789004225978
9789004226036
9789004226067
9789004226074
9789004226098
9789004226128
9789004226135
9789004226159
9789004226173
9789004226180
9789004226203
9789004226210
9789004226258
9789004226272
9789004226289
9789004226302
9789004226319
9789004226333
9789004226340
9789004226401
9789004226470
9789004226531
9789004226555
9789004226562
9789004226616
9789004226623
9789004226630
9789004226661
9789004226678
9789004226685
9789004226715
9789004226722
9789004226739
9789004226746
9789004226753
9789004226760
9789004226777
9789004226784
9789004226791
9789004226807
9789004226814
9789004226821
9789004226838
9789004226845
9789004226852
9789004226869
9789004226876
9789004226883
9789004226890
9789004226913
9789004226920
9789004226975
9789004227026
9789004227033
9789004227040
9789004227064
9789004227088
9789004227118
9789004227149
9789004227156
9789004227170
9789004227200
9789004227231
9789004227255
9789004227262
9789004227279
9789004227286
9789004227293
9789004227309
9789004227316
9789004227323
9789004227415
9789004227422
9789004227446
9789004227477
9789004227507
9789004227514
9789004227538
9789004227545
9789004227576
9789004227675
9789004227705
9789004227798
9789004227804
9789004227828
9789004227835
9789004227842
9789004227866
9789004227873
9789004227903
9789004227910
9789004227927
9789004227934
9789004227941
9789004227958
9789004227965
9789004228030
9789004228054
9789004228078
9789004228085
9789004228108
9789004228139
9789004228146
9789004228177
9789004228184
9789004228207
9789004228214
9789004228221
9789004228238
9789004228245
9789004228269
9789004228290
9789004228306
9789004228313
9789004228351
9789004228375
9789004228399
9789004228405
9789004228412
9789004228436
9789004228450
9789004228467
9789004228474
9789004228498
9789004228504
9789004228542
9789004228573
9789004228597
9789004228658
9789004228665
9789004228689
9789004228702
9789004228733
9789004228757
9789004228764
9789004228801
9789004228825
9789004228849
9789004228863
9789004228870
9789004228887
9789004228917
9789004228924
9789004228931
9789004228962
9789004228979
9789004228986
9789004228993
9789004229006
9789004229037
9789004229044
9789004229082
9789004229105
9789004229112
9789004229129
9789004229136
9789004229150
9789004229167
9789004229181
9789004229242
9789004229266
9789004229297
9789004229310
9789004229327
9789004229341
9789004229464
9789004229471
9789004229488
9789004229525
9789004229532
9789004229563
9789004229617
9789004229624
9789004229648
9789004229662
9789004229709
9789004229785
9789004229808
9789004229822
9789004229853
9789004229891
9789004229907
9789004229921
9789004229990
9789004230033
9789004230057
9789004230088
9789004230125
9789004230132
9789004230156
9789004230170
9789004230194
9789004230200
9789004230224
9789004230262
9789004230309
9789004230354
9789004230378
9789004230385
9789004230408
9789004230415
9789004230422
9789004230507
9789004230514
9789004230521
9789004230538
9789004230552
9789004230569
9789004230583
9789004230606
9789004230613
9789004230620
9789004230644
9789004230651
9789004230668
9789004230682
9789004230767
9789004230781
9789004230927
9789004230934
9789004230958
9789004230965
9789004230972
9789004230989
9789004231009
9789004231016
9789004231023
9789004231047
9789004231054
9789004231061
9789004231078
9789004231115
9789004231122
9789004231160
9789004231177
9789004231214
9789004231290
9789004231313
9789004231337
9789004231344
9789004231375
9789004231429
9789004231436
9789004231450
9789004231542
9789004231573
9789004231580
9789004231597
9789004231610
9789004231672
9789004231689
9789004231719
9789004231726
9789004231733
9789004231740
9789004231757
9789004231764
9789004231771
9789004231788
9789004231801
9789004231818
9789004231825
9789004231832
9789004231856
9789004231863
9789004231870
9789004231887
9789004231900
9789004231917
9789004231931
9789004231955
9789004232020
9789004232037
9789004232051
9789004232105
9789004232112
9789004232136
9789004232150
9789004232174
9789004232181
9789004232228
9789004232280
9789004232303
9789004232327
9789004232358
9789004232389
9789004232419
9789004232433
9789004232457
9789004232488
9789004232587
9789004232600
9789004232648
9789004232662
9789004232761
9789004232792
9789004232839
9789004232846
9789004232860
9789004232884
9789004232891
9789004232914
9789004232945
9789004232952
9789004232976
9789004232983
9789004232990
9789004233003
9789004233034
9789004233065
9789004233072
9789004233089
9789004233102
9789004233140
9789004233171
9789004233188
9789004233232
9789004233249
9789004233287
9789004233294
9789004233300
9789004233317
9789004233331
9789004233348
9789004233355
9789004233379
9789004233386
9789004233393
9789004233416
9789004233461
9789004233478
9789004233492
9789004233508
9789004233539
9789004233546
9789004233553
9789004233560
9789004233591
9789004233607
9789004233614
9789004233652
9789004233676
9789004233683
9789004233690
9789004233713
9789004233744
9789004233782
9789004233799
9789004233812
9789004233843
9789004233850
9789004233867
9789004233881
9789004233904
9789004233928
9789004233942
9789004233966
9789004233973
9789004233980
9789004234048
9789004234055
9789004234086
9789004234109
9789004234130
9789004234147
9789004234154
9789004234161
9789004234178
9789004234185
9789004234246
9789004234260
9789004234291
9789004234345
9789004234406
9789004234413
9789004234444
9789004234543
9789004234567
9789004234598
9789004234611
9789004234628
9789004234635
9789004234642
9789004234666
9789004234673
9789004234680
9789004234697
9789004234703
9789004234710
9789004234734
9789004234741
9789004234765
9789004234772
9789004234789
9789004234833
9789004234840
9789004234857
9789004234871
9789004234918
9789004235014
9789004235038
9789004235069
9789004235076
9789004235090
9789004235144
9789004235199
9789004235243
9789004235267
9789004235274
9789004235281
9789004235304
9789004235335
9789004235342
9789004235366
9789004235380
9789004235434
9789004235441
9789004235465
9789004235557
9789004235601
9789004235625
9789004235649
9789004235687
9789004235700
9789004235748
9789004235779
9789004235786
9789004235793
9789004235816
9789004235823
9789004235878
9789004235892
9789004235908
9789004235915
9789004235922
9789004235939
9789004235946
9789004235960
9789004236011
9789004236035
9789004236042
9789004236059
9789004236066
9789004236073
9789004236080
9789004236097
9789004236134
9789004236158
9789004236202
9789004236226
9789004236233
9789004236288
9789004236295
9789004236349
9789004236370
9789004236387
9789004236417
9789004236509
9789004236516
9789004236530
9789004236578
9789004236585
9789004236622
9789004236646
9789004236660
9789004236707
9789004236714
9789004236738
9789004236745
9789004236769
9789004236783
9789004236806
9789004236820
9789004236844
9789004236899
9789004236905
9789004236936
9789004236943
9789004237001
9789004237018
9789004237063
9789004237292
9789004237575
9789004237759
9789004238169
9789004238497
9789004238602
9789004238619
9789004239531
9789004239722
9789004240278
9789004240636
9789004240681
9789004240780
9789004240797
9789004240810
9789004240827
9789004240834
9789004241695
9789004241725
9789004241824
9789004241831
9789004241848
9789004241855
9789004241886
9789004241893
9789004241909
9789004241985
9789004241992
9789004242111
9789004242173
9789004242210
9789004242234
9789004242272
9789004242289
9789004242302
9789004242326
9789004242333
9789004242340
9789004242364
9789004242784
9789004242807
9789004242814
9789004242821
9789004242845
9789004242869
9789004242876
9789004242890
9789004242906
9789004242937
9789004242951
9789004242975
9789004243026
9789004243033
9789004243057
9789004243071
9789004243095
9789004243156
9789004243163
9789004243187
9789004243224
9789004243231
9789004243248
9789004243255
9789004243279
9789004243293
9789004243316
9789004243330
9789004243354
9789004243385
9789004243392
9789004243408
9789004243422
9789004243446
9789004243460
9789004243477
9789004243491
9789004243507
9789004243552
9789004243576
9789004243590
9789004243613
9789004243620
9789004243637
9789004243644
9789004243651
9789004243668
9789004243675
9789004243699
9789004243705
9789004243736
9789004243743
9789004243750
9789004243767
9789004243774
9789004243828
9789004243859
9789004243880
9789004243897
9789004243903
9789004243927
9789004243934
9789004244146
9789004244177
9789004244207
9789004244320
9789004244337
9789004244399
9789004244412
9789004244429
9789004244436
9789004244504
9789004244511
9789004244528
9789004244535
9789004244542
9789004244573
9789004244580
9789004244610
9789004244665
9789004244702
9789004244726
9789004244788
9789004244801
9789004244818
9789004244832
9789004244849
9789004244856
9789004244863
9789004244887
9789004244894
9789004244917
9789004244931
9789004244986
9789004244993
9789004245013
9789004245037
9789004245051
9789004245099
9789004245105
9789004245167
9789004245198
9789004245204
9789004245211
9789004245235
9789004245273
9789004245297
9789004245303
9789004245310
9789004245341
9789004245358
9789004245365
9789004245396
9789004245464
9789004245471
9789004245488
9789004245495
9789004245518
9789004245525
9789004245563
9789004245570
9789004245587
9789004245594
9789004245600
9789004245631
9789004245648
9789004245679
9789004245716
9789004245747
9789004245846
9789004245884
9789004245891
9789004245914
9789004245938
9789004245945
9789004245952
9789004245969
9789004246003
9789004246027
9789004246065
9789004246072
9789004246089
9789004246133
9789004246140
9789004246164
9789004246188
9789004246218
9789004246225
9789004246232
9789004246256
9789004246263
9789004246270
9789004246287
9789004246294
9789004246300
9789004246317
9789004246331
9789004246416
9789004246454
9789004246478
9789004246485
9789004246911
9789004246966
9789004247055
9789004247741
9789004247758
9789004247765
9789004247796
9789004247802
9789004247819
9789004247826
9789004247857
9789004247871
9789004247901
9789004247918
9789004247925
9789004247932
9789004247949
9789004247956
9789004247963
9789004247970
9789004247987
9789004247994
9789004248014
9789004248021
9789004248038
9789004248045
9789004248052
9789004248106
9789004248120
9789004248175
9789004248199
9789004248205
9789004248311
9789004248335
9789004248342
9789004248359
9789004248366
9789004248373
9789004248397
9789004248403
9789004248410
9789004248427
9789004248434
9789004248458
9789004248465
9789004248533
9789004248571
9789004248595
9789004248625
9789004248762
9789004248816
9789004248823
9789004248830
9789004248847
9789004248878
9789004248885
9789004248922
9789004248946
9789004248960
9789004248984
9789004249011
9789004249042
9789004249080
9789004249103
9789004249134
9789004249165
9789004249189
9789004249196
9789004249219
9789004249233
9789004249264
9789004249271
9789004249295
9789004249370
9789004249523
9789004249530
9789004249592
9789004249608
9789004249738
9789004249769
9789004249776
9789004249783
9789004249806
9789004249820
9789004249844
9789004249868
9789004249882
9789004249905
9789004249998
9789004250000
9789004250024
9789004250031
9789004250062
9789004250079
9789004250093
9789004250109
9789004250116
9789004250123
9789004250154
9789004250161
9789004250185
9789004250192
9789004250208
9789004250246
9789004250260
9789004250284
9789004250307
9789004250314
9789004250321
9789004250352
9789004250376
9789004250406
9789004250420
9789004250437
9789004250451
9789004250468
9789004250475
9789004250482
9789004250499
9789004250512
9789004250529
9789004250543
9789004250550
9789004250567
9789004250574
9789004250604
9789004250628
9789004250635
9789004250642
9789004250659
9789004250666
9789004250673
9789004250697
9789004250710
9789004250727
9789004250734
9789004250758
9789004250772
9789004250826
9789004250840
9789004250857
9789004250888
9789004250895
9789004250918
9789004250925
9789004250932
9789004250949
9789004250963
9789004250970
9789004250987
9789004251007
9789004251014
9789004251021
9789004251045
9789004251052
9789004251069
9789004251106
9789004251120
9789004251137
9789004251168
9789004251182
9789004251205
9789004251267
9789004251328
9789004251342
9789004251359
9789004251366
9789004251373
9789004251397
9789004251489
9789004251496
9789004251502
9789004251519
9789004251533
9789004251557
9789004251588
9789004251625
9789004251663
9789004251687
9789004251694
9789004251717
9789004251731
9789004251748
9789004251755
9789004251779
9789004251786
9789004251809
9789004251854
9789004251861
9789004251885
9789004251915
9789004251922
9789004251939
9789004251946
9789004251991
9789004252011
9789004252035
9789004252059
9789004252066
9789004252080
9789004252110
9789004252127
9789004252134
9789004252158
9789004252172
9789004252202
9789004252219
9789004252233
9789004252257
9789004252264
9789004252271
9789004252301
9789004252325
9789004252356
9789004252394
9789004252400
9789004252424
9789004252431
9789004252455
9789004252516
9789004252547
9789004252578
9789004252608
9789004252653
9789004252677
9789004252684
9789004252691
9789004252714
9789004252776
9789004252790
9789004252837
9789004252844
9789004252899
9789004252912
9789004252943
9789004252967
9789004253001
9789004253025
9789004253056
9789004253087
9789004253100
9789004253124
9789004253230
9789004253261
9789004253278
9789004253285
9789004253292
9789004253308
9789004253322
9789004253360
9789004253391
9789004253421
9789004253438
9789004253544
9789004253643
9789004253896
9789004254046
9789004254060
9789004254084
9789004254107
9789004254121
9789004254145
9789004254169
9789004254176
9789004254206
9789004254213
9789004254244
9789004254268
9789004254282
9789004254299
9789004254305
9789004254336
9789004254343
9789004254367
9789004254398
9789004254411
9789004254435
9789004254459
9789004254473
9789004254480
9789004254497
9789004254510
9789004254527
9789004254541
9789004254565
9789004254572
9789004254589
9789004254619
9789004254657
9789004254664
9789004254671
9789004254688
9789004254695
9789004254725
9789004254732
9789004254749
9789004254770
9789004254787
9789004254848
9789004254886
9789004254909
9789004254916
9789004254961
9789004254978
9789004254985
9789004254992
9789004255012
9789004255043
9789004255050
9789004255098
9789004255111
9789004255135
9789004255142
9789004255159
9789004255166
9789004255173
9789004255180
9789004255197
9789004255203
9789004255234
9789004255265
9789004255272
9789004255289
9789004255319
9789004255326
9789004255340
9789004255364
9789004255388
9789004255395
9789004255418
9789004255425
9789004255470
9789004255500
9789004255524
9789004255548
9789004255562
9789004255579
9789004255609
9789004255623
9789004255647
9789004255654
9789004255661
9789004255692
9789004255760
9789004255777
9789004255784
9789004255807
9789004255821
9789004255838
9789004255852
9789004255913
9789004255944
9789004255968
9789004255982
9789004255999
9789004256019
9789004256026
9789004256040
9789004256071
9789004256095
9789004256101
9789004256132
9789004256156
9789004256170
9789004256187
9789004256224
9789004256255
9789004256279
9789004256293
9789004256316
9789004256323
9789004256330
9789004256347
9789004256378
9789004256408
9789004256415
9789004256439
9789004256453
9789004256491
9789004256538
9789004256545
9789004256576
9789004256637
9789004256651
9789004256682
9789004256699
9789004256705
9789004256767
9789004256798
9789004256828
9789004256835
9789004256859
9789004256866
9789004256873
9789004256880
9789004256897
9789004256910
9789004256927
9789004256941
9789004256972
9789004257016
9789004257047
9789004257061
9789004257085
9789004257122
9789004257191
9789004257214
9789004257221
9789004257245
9789004257276
9789004257290
9789004257306
9789004257337
9789004257344
9789004257382
9789004257429
9789004257436
9789004257443
9789004257481
9789004257504
9789004257528
9789004257542
9789004257566
9789004257627
9789004257665
9789004257689
9789004257719
9789004257733
9789004257740
9789004257757
9789004257801
9789004257825
9789004257849
9789004257870
9789004257887
9789004257900
9789004257924
9789004257931
9789004257948
9789004257962
9789004257986
9789004258013
9789004258044
9789004258099
9789004258105
9789004258136
9789004258181
9789004258198
9789004258204
9789004258228
9789004258266
9789004258280
9789004258303
9789004258310
9789004258327
9789004258334
9789004258341
9789004258365
9789004258402
9789004258433
9789004258464
9789004258495
9789004258518
9789004258532
9789004258570
9789004258617
9789004258631
9789004258648
9789004258679
9789004258686
9789004258693
9789004258716
9789004258723
9789004258730
9789004258747
9789004258754
9789004258761
9789004258778
9789004258785
9789004258792
9789004258822
9789004258860
9789004258891
9789004258921
9789004258945
9789004258976
9789004258983
9789004259003
9789004259010
9789004259034
9789004259058
9789004259072
9789004259089
9789004259102
9789004259157
9789004259201
9789004259232
9789004259249
9789004259256
9789004259270
9789004259287
9789004259294
9789004259300
9789004259362
9789004259492
9789004259508
9789004259539
9789004259584
9789004259591
9789004259607
9789004259621
9789004259652
9789004259676
9789004259690
9789004259737
9789004259829
9789004259836
9789004259843
9789004259867
9789004259881
9789004259898
9789004259904
9789004259911
9789004259928
9789004259935
9789004259942
9789004259959
9789004259973
9789004260016
9789004260023
9789004260115
9789004260139
9789004260153
9789004260191
9789004260214
9789004260252
9789004260290
9789004260313
9789004260320
9789004260344
9789004260382
9789004260399
9789004260481
9789004260504
9789004260528
9789004260535
9789004260559
9789004260610
9789004260634
9789004260689
9789004260696
9789004260702
9789004260726
9789004260740
9789004260771
9789004260795
9789004260801
9789004260825
9789004260832
9789004260856
9789004260863
9789004260948
9789004261129
9789004261136
9789004261143
9789004261174
9789004261198
9789004261211
9789004261242
9789004261266
9789004261280
9789004261334
9789004261358
9789004261396
9789004261402
9789004261457
9789004261488
9789004261501
9789004261532
9789004261563
9789004261587
9789004261600
9789004261617
9789004261631
9789004261679
9789004261709
9789004261754
9789004261785
9789004261792
9789004261808
9789004261839
9789004261860
9789004261877
9789004261907
9789004261969
9789004261983
9789004262003
9789004262027
9789004262034
9789004262058
9789004262065
9789004262133
9789004262140
9789004262171
9789004262195
9789004262218
9789004262287
9789004262294
9789004262331
9789004262386
9789004262515
9789004262584
9789004262621
9789004262652
9789004262676
9789004262706
9789004262720
9789004262744
9789004262782
9789004262836
9789004262843
9789004262898
9789004262911
9789004262942
9789004263000
9789004263024
9789004263031
9789004263086
9789004263109
9789004263130
9789004263154
9789004263192
9789004263208
9789004263253
9789004263260
9789004263307
9789004263369
9789004263376
9789004263390
9789004263406
9789004263680
9789004263697
9789004263710
9789004263727
9789004263734
9789004263765
9789004263772
9789004263840
9789004263864
9789004263871
9789004263895
9789004263949
9789004263956
9789004263970
9789004263994
9789004264021
9789004264052
9789004264076
9789004264090
9789004264106
9789004264113
9789004264120
9789004264137
9789004264144
9789004264151
9789004264168
9789004264182
9789004264205
9789004264212
9789004264328
9789004264335
9789004264397
9789004264427
9789004264441
9789004264465
9789004264472
9789004264496
9789004264519
9789004264533
9789004264564
9789004264588
9789004264601
9789004264618
9789004264625
9789004264687
9789004264694
9789004264724
9789004264748
9789004264786
9789004264809
9789004264823
9789004264847
9789004264861
9789004264892
9789004264908
9789004264922
9789004264977
9789004264984
9789004265028
9789004265035
9789004265080
9789004265097
9789004265103
9789004265134
9789004265158
9789004265172
9789004265240
9789004265264
9789004265332
9789004265363
9789004265387
9789004265394
9789004265400
9789004265417
9789004265431
9789004265455
9789004265479
9789004265493
9789004265516
9789004265523
9789004265530
9789004265547
9789004265554
9789004265578
9789004265592
9789004265615
9789004265639
9789004265677
9789004265691
9789004265707
9789004265721
9789004265745
9789004266117
9789004266261
9789004266278
9789004266315
9789004266322
9789004266346
9789004266360
9789004266391
9789004266414
9789004266445
9789004266469
9789004266476
9789004266483
9789004266513
9789004266704
9789004266711
9789004266728
9789004266759
9789004266780
9789004266803
9789004266841
9789004266865
9789004266971
9789004266988
9789004266995
9789004267039
9789004267077
9789004267114
9789004267121
9789004267138
9789004267145
9789004267152
9789004267169
9789004267176
9789004267183
9789004267190
9789004267206
9789004267213
9789004267220
9789004267398
9789004267404
9789004267435
9789004267459
9789004267497
9789004267527
9789004267534
9789004267541
9789004267558
9789004267565
9789004267572
9789004267589
9789004267596
9789004267602
9789004267619
9789004267626
9789004267633
9789004267640
9789004267657
9789004267664
9789004267671
9789004267688
9789004267695
9789004267701
9789004267718
9789004267725
9789004267732
9789004267749
9789004267756
9789004267763
9789004267770
9789004267787
9789004267817
9789004267831
9789004267855
9789004267886
9789004267893
9789004267909
9789004267916
9789004267930
9789004267954
9789004267978
9789004267992
9789004268012
9789004268029
9789004268043
9789004268050
9789004268074
9789004268081
9789004268104
9789004268128
9789004268142
9789004268159
9789004268166
9789004268203
9789004268227
9789004268234
9789004268265
9789004268296
9789004268302
9789004268326
9789004268364
9789004268371
9789004268388
9789004268418
9789004268739
9789004268753
9789004268777
9789004268791
9789004268821
9789004268838
9789004268852
9789004268883
9789004268920
9789004268975
9789004269002
9789004269026
9789004269064
9789004269071
9789004269088
9789004269095
9789004269101
9789004269125
9789004269149
9789004269163
9789004269170
9789004269187
9789004269194
9789004269200
9789004269217
9789004269231
9789004269248
9789004269262
9789004269279
9789004269286
9789004269293
9789004269309
9789004269323
9789004269330
9789004269354
9789004269361
9789004269392
9789004269408
9789004269422
9789004269439
9789004269453
9789004269460
9789004269477
9789004269484
9789004269491
9789004269521
9789004269545
9789004269569
9789004269606
9789004269613
9789004269620
9789004269637
9789004269644
9789004269675
9789004269682
9789004269699
9789004269712
9789004269750
9789004269767
9789004269774
9789004269781
9789004269798
9789004269804
9789004269811
9789004269828
9789004269941
9789004269965
9789004269989
9789004270008
9789004270015
9789004270039
9789004270091
9789004270114
9789004270138
9789004270145
9789004270176
9789004270206
9789004270237
9789004270244
9789004270251
9789004270275
9789004270282
9789004270299
9789004270312
9789004270343
9789004270350
9789004270367
9789004270374
9789004270381
9789004270398
9789004270404
9789004270411
9789004270428
9789004270497
9789004270534
9789004270541
9789004270572
9789004270589
9789004270602
9789004270619
9789004270640
9789004270688
9789004270718
9789004270770
9789004270800
9789004270817
9789004270824
9789004270879
9789004270886
9789004270930
9789004270985
9789004270992
9789004271005
9789004271043
9789004271050
9789004271098
9789004271128
9789004271142
9789004271166
9789004271197
9789004271210
9789004271227
9789004271234
9789004271258
9789004271272
9789004271289
9789004271326
9789004271357
9789004271388
9789004271395
9789004271449
9789004271463
9789004271500
9789004271548
9789004271555
9789004271593
9789004271609
9789004271678
9789004271715
9789004271746
9789004271760
9789004271784
9789004271791
9789004271838
9789004271869
9789004271883
9789004271906
9789004271913
9789004271920
9789004271937
9789004271951
9789004271968
9789004271975
9789004271982
9789004272002
9789004272019
9789004272026
9789004272033
9789004272064
9789004272071
9789004272101
9789004272118
9789004272125
9789004272156
9789004272187
9789004272194
9789004272255
9789004272279
9789004272293
9789004272309
9789004272316
9789004272330
9789004272347
9789004272392
9789004272408
9789004272422
9789004272446
9789004272453
9789004272477
9789004272514
9789004272538
9789004272552
9789004272576
9789004272590
9789004272613
9789004272637
9789004272699
9789004272705
9789004272736
9789004272743
9789004272804
9789004272828
9789004272842
9789004272880
9789004272903
9789004272927
9789004272996
9789004273023
9789004273061
9789004273139
9789004273177
9789004273207
9789004273214
9789004273238
9789004273467
9789004273641
9789004273801
9789004273825
9789004273849
9789004273900
9789004273924
9789004273979
9789004274006
9789004274044
9789004274082
9789004274105
9789004274143
9789004274150
9789004274181
9789004274198
9789004274211
9789004274235
9789004274242
9789004274280
9789004274334
9789004274358
9789004274365
9789004274372
9789004274389
9789004274396
9789004274402
9789004274426
9789004274440
9789004274488
9789004274501
9789004274525
9789004274532
9789004274563
9789004274570
9789004274600
9789004274631
9789004274655
9789004274679
9789004274716
9789004274730
9789004274747
9789004274754
9789004274778
9789004274785
9789004274792
9789004274808
9789004274815
9789004274839
9789004274846
9789004274860
9789004274914
9789004274938
9789004274969
9789004274983
9789004275010
9789004275041
9789004275072
9789004275195
9789004275201
9789004275225
9789004275232
9789004275683
9789004276192
9789004276208
9789004276246
9789004276260
9789004276352
9789004276406
9789004276437
9789004276475
9789004276482
9789004276505
9789004276529
9789004276550
9789004276581
9789004276802
9789004276826
9789004276857
9789004276871
9789004276918
9789004276925
9789004276949
9789004276956
9789004277021
9789004277038
9789004277045
9789004277069
9789004277090
9789004277168
9789004277175
9789004277182
9789004277274
9789004277281
9789004277298
9789004277335
9789004277342
9789004277359
9789004277366
9789004277373
9789004277380
9789004277403
9789004277410
9789004277427
9789004277434
9789004277441
9789004277458
9789004277465
9789004277472
9789004277489
9789004277496
9789004277502
9789004277519
9789004277526
9789004277533
9789004277540
9789004277564
9789004277571
9789004277595
9789004277601
9789004277618
9789004277656
9789004277670
9789004277748
9789004277762
9789004277786
9789004277809
9789004277823
9789004277830
9789004277854
9789004277885
9789004277892
9789004277908
9789004278141
9789004278196
9789004278219
9789004278226
9789004278233
9789004278240
9789004278257
9789004278264
9789004278295
9789004278301
9789004278318
9789004278325
9789004278370
9789004278387
9789004278394
9789004278417
9789004278462
9789004278486
9789004278509
9789004278578
9789004278615
9789004278639
9789004278660
9789004278691
9789004278745
9789004278790
9789004278820
9789004278837
9789004278868
9789004278899
9789004278912
9789004278943
9789004278967
9789004278981
9789004278998
9789004279018
9789004279032
9789004279049
9789004279063
9789004279070
9789004279117
9789004279155
9789004279216
9789004279230
9789004279254
9789004279285
9789004279292
9789004279308
9789004279322
9789004279339
9789004279360
9789004279384
9789004279414
9789004279438
9789004279483
9789004279506
9789004279520
9789004279612
9789004279643
9789004279704
9789004279711
9789004279742
9789004279766
9789004279780
9789004279797
9789004279810
9789004279827
9789004279834
9789004279858
9789004279865
9789004279889
9789004279919
9789004279933
9789004280007
9789004280076
9789004280083
9789004280113
9789004280137
9789004280168
9789004280175
9789004280212
9789004280236
9789004280243
9789004280298
9789004280311
9789004280335
9789004280373
9789004280397
9789004280410
9789004280434
9789004280441
9789004280472
9789004280489
9789004280502
9789004280533
9789004280557
9789004280571
9789004280618
9789004280625
9789004280694
9789004280748
9789004280755
9789004280779
9789004280793
9789004280809
9789004280823
9789004280830
9789004280847
9789004280854
9789004280908
9789004280915
9789004280922
9789004280939
9789004281028
9789004281059
9789004281066
9789004281080
9789004281103
9789004281141
9789004281165
9789004281189
9789004281202
9789004281233
9789004281240
9789004281264
9789004281295
9789004281318
9789004281356
9789004281370
9789004281424
9789004281431
9789004281455
9789004281486
9789004281509
9789004281585
9789004281608
9789004281639
9789004281707
9789004281721
9789004281745
9789004281776
9789004281813
9789004281837
9789004281868
9789004281936
9789004281967
9789004281981
9789004281998
9789004282025
9789004282056
9789004282070
9789004282100
9789004282117
9789004282124
9789004282131
9789004282148
9789004282179
9789004282193
9789004282216
9789004282230
9789004282247
9789004282308
9789004282339
9789004282346
9789004282353
9789004282384
9789004282391
9789004282414
9789004282421
9789004282476
9789004282490
9789004282506
9789004282513
9789004282520
9789004282544
9789004282568
9789004282605
9789004282636
9789004282650
9789004282674
9789004282681
9789004282704
9789004282742
9789004282759
9789004282780
9789004282810
9789004282834
9789004282858
9789004282865
9789004282889
9789004282896
9789004282902
9789004282926
9789004282957
9789004282971
9789004282995
9789004283015
9789004283022
9789004283039
9789004283077
9789004283091
9789004283107
9789004283121
9789004283145
9789004283169
9789004283183
9789004283190
9789004283206
9789004283220
9789004283244
9789004283251
9789004283275
9789004283299
9789004283305
9789004283312
9789004283329
9789004283336
9789004283343
9789004283374
9789004283404
9789004283435
9789004283527
9789004283558
9789004283619
9789004283633
9789004283657
9789004283671
9789004283688
9789004283695
9789004283718
9789004283732
9789004283794
9789004283800
9789004283824
9789004283848
9789004283886
9789004283916
9789004283947
9789004283985
9789004284029
9789004284050
9789004284074
9789004284098
9789004284111
9789004284159
9789004284166
9789004284227
9789004284241
9789004284272
9789004284357
9789004284371
9789004284395
9789004284401
9789004284425
9789004284463
9789004284470
9789004284487
9789004284517
9789004284548
9789004284562
9789004284586
9789004284609
9789004284623
9789004284630
9789004284654
9789004284692
9789004284746
9789004284777
9789004284845
9789004284883
9789004284906
9789004284913
9789004284944
9789004284968
9789004284999
9789004285019
9789004285033
9789004285040
9789004285064
9789004285118
9789004285132
9789004285149
9789004285170
9789004285187
9789004285194
9789004285231
9789004285255
9789004285316
9789004285330
9789004285354
9789004285378
9789004285392
9789004285408
9789004285439
9789004285446
9789004285460
9789004285491
9789004285507
9789004285514
9789004285521
9789004285538
9789004285613
9789004285637
9789004285750
9789004286603
9789004286702
9789004286795
9789004287334
9789004287358
9789004287495
9789004287532
9789004287556
9789004287563
9789004287587
9789004287594
9789004287617
9789004287631
9789004287679
9789004287716
9789004287723
9789004287730
9789004287761
9789004287839
9789004287877
9789004287938
9789004287976
9789004287983
9789004287990
9789004288003
9789004288010
9789004288027
9789004288041
9789004288072
9789004288089
9789004288102
9789004288133
9789004288140
9789004288188
9789004288195
9789004288218
9789004288232
9789004288256
9789004288287
9789004288300
9789004288324
9789004288331
9789004288362
9789004288386
9789004288393
9789004288416
9789004288430
9789004288454
9789004288478
9789004288485
9789004288515
9789004288560
9789004288584
9789004288621
9789004288645
9789004288669
9789004288676
9789004288683
9789004288751
9789004288768
9789004288782
9789004288805
9789004288812
9789004288836
9789004288843
9789004288898
9789004288904
9789004288911
9789004289024
9789004289055
9789004289093
9789004289116
9789004289130
9789004289147
9789004289178
9789004289192
9789004289208
9789004289215
9789004289239
9789004289246
9789004289260
9789004289291
9789004289321
9789004289338
9789004289369
9789004289376
9789004289383
9789004289567
9789004289604
9789004289628
9789004289666
9789004289727
9789004289741
9789004289772
9789004289796
9789004289802
9789004289833
9789004289888
9789004289901
9789004289918
9789004289925
9789004289949
9789004289956
9789004289994
9789004290051
9789004290129
9789004290136
9789004290150
9789004290174
9789004290181
9789004290204
9789004290235
9789004290259
9789004290297
9789004290303
9789004290327
9789004290341
9789004290358
9789004290389
9789004290433
9789004290440
9789004290457
9789004290464
9789004290471
9789004290495
9789004290518
9789004290532
9789004290556
9789004290570
9789004290587
9789004290600
9789004290617
9789004290709
9789004290716
9789004290730
9789004290754
9789004290761
9789004290778
9789004290853
9789004290860
9789004290891
9789004290907
9789004290921
9789004290938
9789004290945
9789004290976
9789004290983
9789004291010
9789004291034
9789004291041
9789004291065
9789004291096
9789004291126
9789004291140
9789004291300
9789004291386
9789004291409
9789004291423
9789004291447
9789004291492
9789004291515
9789004291539
9789004291546
9789004291577
9789004291591
9789004291607
9789004291638
9789004291652
9789004291676
9789004291751
9789004291768
9789004291799
9789004291805
9789004291836
9789004291843
9789004291867
9789004291881
9789004291928
9789004292024
9789004292031
9789004292048
9789004292079
9789004292093
9789004292109
9789004292130
9789004292154
9789004292178
9789004292185
9789004292192
9789004292208
9789004292239
9789004292260
9789004292277
9789004292284
9789004292291
9789004292369
9789004292406
9789004292413
9789004292420
9789004292444
9789004292451
9789004292482
9789004292505
9789004292512
9789004292543
9789004292642
9789004292659
9789004292680
9789004292703
9789004292710
9789004292734
9789004292758
9789004292765
9789004292796
9789004292819
9789004292833
9789004292871
9789004292901
9789004292918
9789004292925
9789004292956
9789004292963
9789004292970
9789004292994
9789004293014
9789004293052
9789004293076
9789004293083
9789004293120
9789004293151
9789004293168
9789004293175
9789004293182
9789004293205
9789004293229
9789004293267
9789004293298
9789004293304
9789004293359
9789004293366
9789004293373
9789004293397
9789004293403
9789004293410
9789004293441
9789004293465
9789004293472
9789004293519
9789004293533
9789004293557
9789004293564
9789004293571
9789004293588
9789004293595
9789004293601
9789004293618
9789004293656
9789004293663
9789004293700
9789004293748
9789004293779
9789004294271
9789004294295
9789004294318
9789004294325
9789004294356
9789004294363
9789004294387
9789004294400
9789004294431
9789004294479
9789004294493
9789004294509
9789004294516
9789004294547
9789004294561
9789004294608
9789004294639
9789004294691
9789004294707
9789004294936
9789004295025
9789004295049
9789004295254
9789004295384
9789004295582
9789004296015
9789004296022
9789004296046
9789004296053
9789004296206
9789004296299
9789004296343
9789004296381
9789004296572
9789004296589
9789004296596
9789004296633
9789004296756
9789004296763
9789004296770
9789004296794
9789004296817
9789004296831
9789004296886
9789004296954
9789004297012
9789004297098
9789004297159
9789004297203
9789004297227
9789004297234
9789004297241
9789004297265
9789004297272
9789004297296
9789004297333
9789004297371
9789004297425
9789004297456
9789004297470
9789004297487
9789004297500
9789004297531
9789004297555
9789004297562
9789004297616
9789004297630
9789004297647
9789004297661
9789004297685
9789004297708
9789004297739
9789004297753
9789004297814
9789004297838
9789004297852
9789004297869
9789004297920
9789004297951
9789004297968
9789004297982
9789004298002
9789004298019
9789004298033
9789004298040
9789004298101
9789004298118
9789004298149
9789004298200
9789004298224
9789004298231
9789004298255
9789004298279
9789004298293
9789004298330
9789004298347
9789004298361
9789004298385
9789004298392
9789004298439
9789004298453
9789004298477
9789004298491
9789004298521
9789004298545
9789004298590
9789004298613
9789004298620
9789004298644
9789004298668
9789004298675
9789004298699
9789004298705
9789004298736
9789004298743
9789004298828
9789004298835
9789004298842
9789004298859
9789004298897
9789004298903
9789004298958
9789004298965
9789004298972
9789004298989
9789004298996
9789004299030
9789004299092
9789004299146
9789004299160
9789004299184
9789004299214
9789004299221
9789004299238
9789004299252
9789004299290
9789004299306
9789004299429
9789004299443
9789004299450
9789004299474
9789004299481
9789004299504
9789004299542
9789004299566
9789004299573
9789004299603
9789004299627
9789004299641
9789004299658
9789004299719
9789004299726
9789004299733
9789004299740
9789004299764
9789004299771
9789004299801
9789004299856
9789004299863
9789004299887
9789004299900
9789004299917
9789004299948
9789004299955
9789004299962
9789004299986
9789004300033
9789004300040
9789004300118
9789004300125
9789004300149
9789004300163
9789004300170
9789004300187
9789004300217
9789004300248
9789004300262
9789004300309
9789004300415
9789004300446
9789004300460
9789004300484
9789004300507
9789004300545
9789004300552
9789004300583
9789004300606
9789004300644
9789004300675
9789004300705
9789004300729
9789004300743
9789004300828
9789004300842
9789004300866
9789004300880
9789004300903
9789004300910
9789004300958
9789004300972
9789004300996
9789004301009
9789004301023
9789004301030
9789004301054
9789004301061
9789004301085
9789004301092
9789004301122
9789004301146
9789004301160
9789004301177
9789004301184
9789004301214
9789004301238
9789004301245
9789004301252
9789004301269
9789004301290
9789004301313
9789004301382
9789004301528
9789004301559
9789004301597
9789004301641
9789004301719
9789004301733
9789004301740
9789004301764
9789004301771
9789004301825
9789004301832
9789004301887
9789004301900
9789004301924
9789004301948
9789004301962
9789004301986
9789004302006
9789004302013
9789004302020
9789004302037
9789004302051
9789004302099
9789004302112
9789004302136
9789004302167
9789004302242
9789004302259
9789004302297
9789004302310
9789004302334
9789004302372
9789004302402
9789004302419
9789004302440
9789004302464
9789004302495
9789004302501
9789004302525
9789004302556
9789004302570
9789004302594
9789004302624
9789004302631
9789004302648
9789004302686
9789004302693
9789004302709
9789004302716
9789004302785
9789004302808
9789004302822
9789004302846
9789004302860
9789004302891
9789004302907
9789004302921
9789004302938
9789004302952
9789004302990
9789004303003
9789004303027
9789004303041
9789004303065
9789004303096
9789004303119
9789004303133
9789004303157
9789004303171
9789004303195
9789004303201
9789004303225
9789004303294
9789004303492
9789004303515
9789004303706
9789004303720
9789004303843
9789004303966
9789004304000
9789004304024
9789004304048
9789004304062
9789004304079
9789004304116
9789004304147
9789004304161
9789004304253
9789004304284
9789004304291
9789004304321
9789004304345
9789004304369
9789004304383
9789004304413
9789004304420
9789004304444
9789004304468
9789004304482
9789004304505
9789004304536
9789004304574
9789004304581
9789004304604
9789004304659
9789004304697
9789004304734
9789004304741
9789004304772
9789004304819
9789004304826
9789004304833
9789004304857
9789004304888
9789004304901
9789004304918
9789004304932
9789004305076
9789004305083
9789004305090
9789004305113
9789004305120
9789004305137
9789004305168
9789004305182
9789004305199
9789004305212
9789004305229
9789004305236
9789004305243
9789004305281
9789004305298
9789004305328
9789004305359
9789004305366
9789004305397
9789004305410
9789004305427
9789004305441
9789004305458
9789004305489
9789004305502
9789004305519
9789004305533
9789004305557
9789004305588
9789004305601
9789004305625
9789004305632
9789004305656
9789004305670
9789004305694
9789004305700
9789004305731
9789004305748
9789004305755
9789004305762
9789004305779
9789004305786
9789004305823
9789004305847
9789004305908
9789004305915
9789004305939
9789004305953
9789004305960
9789004305991
9789004306028
9789004306035
9789004306066
9789004306097
9789004306127
9789004306134
9789004306141
9789004306172
9789004306196
9789004306202
9789004306233
9789004306271
9789004306295
9789004306318
9789004306325
9789004306356
9789004306370
9789004306417
9789004306479
9789004306486
9789004306516
9789004306530
9789004306547
9789004306554
9789004306561
9789004306578
9789004306585
9789004306615
9789004306622
9789004306646
9789004306684
9789004306691
9789004306721
9789004306769
9789004306790
9789004306820
9789004306837
9789004306844
9789004306912
9789004306943
9789004306950
9789004306974
9789004306981
9789004307018
9789004307025
9789004307063
9789004307070
9789004307117
9789004307131
9789004307261
9789004307308
9789004307322
9789004307346
9789004307360
9789004307384
9789004307414
9789004307452
9789004307476
9789004307520
9789004307544
9789004307575
9789004307636
9789004307681
9789004307711
9789004307735
9789004307773
9789004307797
9789004307810
9789004307827
9789004307858
9789004307872
9789004307896
9789004307902
9789004307926
9789004307933
9789004307957
9789004307971
9789004308008
9789004308022
9789004308039
9789004308046
9789004308077
9789004308084
9789004308121
9789004308145
9789004308169
9789004308183
9789004308190
9789004308206
9789004308213
9789004308244
9789004308336
9789004308404
9789004308411
9789004308435
9789004308480
9789004308497
9789004308503
9789004308596
9789004308626
9789004308657
9789004308671
9789004308695
9789004308718
9789004308725
9789004308749
9789004308763
9789004308787
9789004308831
9789004308855
9789004308879
9789004308893
9789004308916
9789004308930
9789004308978
9789004308985
9789004309029
9789004309043
9789004309067
9789004309098
9789004309104
9789004309128
9789004309135
9789004309159
9789004309166
9789004309173
9789004309210
9789004309258
9789004309265
9789004309289
9789004309296
9789004309319
9789004309333
9789004309357
9789004309371
9789004309388
9789004309401
9789004309418
9789004309548
9789004309562
9789004309593
9789004309616
9789004309630
9789004309654
9789004309678
9789004309715
9789004309722
9789004309791
9789004309890
9789004309913
9789004309920
9789004309944
9789004309951
9789004309975
9789004309999
9789004310025
9789004310063
9789004310087
9789004310094
9789004310117
9789004310131
9789004310179
9789004310223
9789004310261
9789004310285
9789004310292
9789004310308
9789004310322
9789004310353
9789004310360
9789004310391
9789004310407
9789004310421
9789004310445
9789004310469
9789004310490
9789004310575
9789004310612
9789004310636
9789004310650
9789004310674
9789004310728
9789004310735
9789004310759
9789004310766
9789004310773
9789004310797
9789004310810
9789004310834
9789004310858
9789004310872
9789004310902
9789004310957
9789004311008
9789004311039
9789004311060
9789004311084
9789004311114
9789004311183
9789004311190
9789004311220
9789004311251
9789004311268
9789004311275
9789004311282
9789004311305
9789004311312
9789004311329
9789004311374
9789004311381
9789004311398
9789004311428
9789004311435
9789004311466
9789004311480
9789004311503
9789004311510
9789004311534
9789004311541
9789004311565
9789004311572
9789004311596
9789004311626
9789004311633
9789004311664
9789004311688
9789004311701
9789004311718
9789004311725
9789004311732
9789004311756
9789004311794
9789004311817
9789004311831
9789004311855
9789004311862
9789004311879
9789004311909
9789004311916
9789004311978
9789004311985
9789004311992
9789004312005
9789004312012
9789004312036
9789004312050
9789004312081
9789004312104
9789004312128
9789004312159
9789004312210
9789004312227
9789004312241
9789004312258
9789004312265
9789004312272
9789004312289
9789004312296
9789004312333
9789004312357
9789004312364
9789004312395
9789004312418
9789004312470
9789004312609
9789004312630
9789004312661
9789004312685
9789004312692
9789004312777
9789004313316
9789004313347
9789004313361
9789004313385
9789004313392
9789004313422
9789004313439
9789004313453
9789004313484
9789004313514
9789004313569
9789004313583
9789004313620
9789004313644
9789004313651
9789004313668
9789004313705
9789004313729
9789004313767
9789004313774
9789004313798
9789004313811
9789004313859
9789004313873
9789004313897
9789004313941
9789004314009
9789004314092
9789004314115
9789004314139
9789004314177
9789004314245
9789004314283
9789004314290
9789004314382
9789004314429
9789004314443
9789004314450
9789004314511
9789004314566
9789004314573
9789004314597
9789004314627
9789004314658
9789004314665
9789004314672
9789004314696
9789004314733
9789004314764
9789004314788
9789004314795
9789004314818
9789004314856
9789004314870
9789004314887
9789004314917
9789004314962
9789004314979
9789004315006
9789004315013
9789004315198
9789004315228
9789004315297
9789004315334
9789004315365
9789004315372
9789004315419
9789004315426
9789004315433
9789004315440
9789004315457
9789004315471
9789004315488
9789004315532
9789004315587
9789004315617
9789004315624
9789004315648
9789004315679
9789004315730
9789004315747
9789004315785
9789004315808
9789004315822
9789004315846
9789004315860
9789004315945
9789004316003
9789004316010
9789004316027
9789004316034
9789004316058
9789004316065
9789004316089
9789004316119
9789004316133
9789004316157
9789004316171
9789004316188
9789004316195
9789004316249
9789004316270
9789004316287
9789004316294
9789004316324
9789004316331
9789004316348
9789004316362
9789004316379
9789004316409
9789004316430
9789004316447
9789004316461
9789004316492
9789004316515
9789004316546
9789004316577
9789004316584
9789004316614
9789004316669
9789004316676
9789004316683
9789004316706
9789004317000
9789004317222
9789004317253
9789004317260
9789004317277
9789004317284
9789004317291
9789004317307
9789004317321
9789004317369
9789004317383
9789004317406
9789004317444
9789004317482
9789004317505
9789004317536
9789004317550
9789004317871
9789004317888
9789004318298
9789004318304
9789004318366
9789004318410
9789004318526
9789004318540
9789004318809
9789004319103
9789004319110
9789004319134
9789004319158
9789004319189
9789004319202
9789004319226
9789004319240
9789004319264
9789004319271
9789004319325
9789004319332
9789004319363
9789004319387
9789004319554
9789004319615
9789004319646
9789004319660
9789004319684
9789004319707
9789004319721
9789004319738
9789004319745
9789004319769
9789004319783
9789004319813
9789004320246
9789004320277
9789004320291
9789004320789
9789004320949
9789004321212
9789004321229
9789004321236
9789004321250
9789004321274
9789004321298
9789004321311
9789004321403
9789004321410
9789004321427
9789004321441
9789004321465
9789004321472
9789004321489
9789004321533
9789004321557
9789004321564
9789004321595
9789004321601
9789004321625
9789004321632
9789004321656
9789004321724
9789004321731
9789004321755
9789004321779
9789004321793
9789004321816
9789004321847
9789004321854
9789004321861
9789004321892
9789004321939
9789004321977
9789004321984
9789004322004
9789004322028
9789004322042
9789004322066
9789004322103
9789004322110
9789004322264
9789004322349
9789004322370
9789004322394
9789004322455
9789004322462
9789004322479
9789004322486
9789004322509
9789004322523
9789004322530
9789004322592
9789004322608
9789004322660
9789004322684
9789004322691
9789004322721
9789004322745
9789004322752
9789004322769
9789004322776
9789004322790
9789004322820
9789004322837
9789004322851
9789004322905
9789004322912
9789004322936
9789004322950
9789004322974
9789004322981
9789004323032
9789004323063
9789004323148
9789004323162
9789004323179
9789004323193
9789004323216
9789004323247
9789004323278
9789004323308
9789004323346
9789004323377
9789004323391
9789004323407
9789004323414
9789004323452
9789004323469
9789004323520
9789004323544
9789004323568
9789004323582
9789004323599
9789004323629
9789004323636
9789004323650
9789004323698
9789004323704
9789004323711
9789004323742
9789004323759
9789004323766
9789004323780
9789004323803
9789004323827
9789004323896
9789004323933
9789004323957
9789004323988
9789004324008
9789004324046
9789004324091
9789004324169
9789004324176
9789004324183
9789004324213
9789004324237
9789004324268
9789004324312
9789004324336
9789004324343
9789004324367
9789004324381
9789004324411
9789004324428
9789004324435
9789004324473
9789004324527
9789004324534
9789004324565
9789004324596
9789004324619
9789004324640
9789004324671
9789004324701
9789004324732
9789004324756
9789004324800
9789004324817
9789004324848
9789004324855
9789004324879
9789004324893
9789004324916
9789004324923
9789004324947
9789004324954
9789004324978
9789004324992
9789004325012
9789004325029
9789004325036
9789004325043
9789004325067
9789004325111
9789004325128
9789004325166
9789004325296
9789004325357
9789004325371
9789004325395
9789004325418
9789004325449
9789004325456
9789004325500
9789004325524
9789004325586
9789004325593
9789004325609
9789004325616
9789004325647
9789004325654
9789004325661
9789004325685
9789004325692
9789004325708
9789004325715
9789004325791
9789004325845
9789004325869
9789004325876
9789004325890
9789004325913
9789004325920
9789004325944
9789004326033
9789004326088
9789004326101
9789004326118
9789004326132
9789004326149
9789004326170
9789004326187
9789004326200
9789004326231
9789004326286
9789004326293
9789004326316
9789004326354
9789004326378
9789004326415
9789004326439
9789004326453
9789004326460
9789004326477
9789004326491
9789004326545
9789004326569
9789004326583
9789004326590
9789004326606
9789004326613
9789004326644
9789004326668
9789004326682
9789004326712
9789004326774
9789004326781
9789004326798
9789004326811
9789004326835
9789004326842
9789004326927
9789004326941
9789004326958
9789004327108
9789004327146
9789004327160
9789004327184
9789004327207
9789004327306
9789004327313
9789004327559
9789004327580
9789004327771
9789004328129
9789004328143
9789004328365
9789004328389
9789004328396
9789004328419
9789004328433
9789004328457
9789004328501
9789004328594
9789004328662
9789004328686
9789004328716
9789004328723
9789004328754
9789004328808
9789004328822
9789004328853
9789004328891
9789004328976
9789004328990
9789004329287
9789004329300
9789004329560
9789004329577
9789004329584
9789004329614
9789004329638
9789004329676
9789004329690
9789004329744
9789004329751
9789004329782
9789004329959
9789004329997
9789004330047
9789004330177
9789004330191
9789004330252
9789004330276
9789004330344
9789004330375
9789004330474
9789004330481
9789004330580
9789004330610
9789004330627
9789004330641
9789004330665
9789004330719
9789004330740
9789004330788
9789004330801
9789004330894
9789004330917
9789004331150
9789004331174
9789004331228
9789004331235
9789004331297
9789004331327
9789004331341
9789004331358
9789004331396
9789004331501
9789004331525
9789004331549
9789004331587
9789004331617
9789004331655
9789004331679
9789004331730
9789004331761
9789004331907
9789004332065
9789004332072
9789004332096
9789004332102
9789004332140
9789004332171
9789004332188
9789004332225
9789004332249
9789004332256
9789004332270
9789004332294
9789004332300
9789004332379
9789004332522
9789004332942
9789004333116
9789004333130
9789004333161
9789004333178
9789004333260
9789004334144
9789004334502
9789004334540
9789004334588
9789004334649
9789004334687
9789004334731
9789004334779
9789004334878
9789004334892
9789004334915
9789004334939
9789004334946
9789004334977
9789004334984
9789004335035
9789004335059
9789004335073
9789004335097
9789004335110
9789004335127
9789004335158
9789004335189
9789004335240
9789004335264
9789004335295
9789004335394
9789004335417
9789004335431
9789004335455
9789004335479
9789004335509
9789004335516
9789004335554
9789004335608
9789004335752
9789004335769
9789004335776
9789004335844
9789004335943
9789004335974
9789004336025
9789004336049
9789004336056
9789004336070
9789004336162
9789004336186
9789004336209
9789004336216
9789004336247
9789004336254
9789004336322
9789004336407
9789004336421
9789004336438
9789004336445
9789004336544
9789004336605
9789004336643
9789004336667
9789004336735
9789004336742
9789004336810
9789004336926
9789004337015
9789004337046
9789004337107
9789004337114
9789004337138
9789004337152
9789004337190
9789004337374
9789004337381
9789004337428
9789004337442
9789004337480
9789004337503
9789004337565
9789004337671
9789004337718
9789004337756
9789004337817
9789004337893
9789004337923
9789004337954
9789004337985
9789004337992
9789004338029
9789004338036
9789004338050
9789004338067
9789004338098
9789004338111
9789004338197
9789004338333
9789004338357
9789004338371
9789004338418
9789004338432
9789004338456
9789004338500
9789004338531
9789004338593
9789004338692
9789004339057
9789004339101
9789004339125
9789004339187
9789004339392
9789004339439
9789004339446
9789004339477
9789004339507
9789004339538
9789004339545
9789004339576
9789004339699
9789004339828
9789004339866
9789004339910
9789004339934
9789004339972
9789004339989
9789004340008
9789004340039
9789004340053
9789004340213
9789004340275
9789004340435
9789004340442
9789004340497
9789004340510
9789004340565
9789004340657
9789004340862
9789004340886
9789004340923
9789004341012
9789004341043
9789004341050
9789004341074
9789004341081
9789004341104
9789004341135
9789004341173
9789004341180
9789004341272
9789004341296
9789004341333
9789004341357
9789004341463
9789004341548
9789004341562
9789004341593
9789004341678
9789004341715
9789004341814
9789004341821
9789004341838
9789004341968
9789004342057
9789004342231
9789004342354
9789004342422
9789004342460
9789004342736
9789004342873
9789010560797
9789012120678
9789020004991
9789020005141
9789020005158
9789020005400
9789020005783
9789020005844
9789020116670
9789020119107
9789020127669
9789020700275
9789020700282
9789020702200
9789020702378
9789020702613
9789020702705
9789020702972
9789020703061
9789020703115
9789020703153
9789020703467
9789020703740
9789020704013
9789020704198
9789020704587
9789020704600
9789020704631
9789020704730
9789020704747
9789020704761
9789020704792
9789020704907
9789020705515
9789020705577
9789020705874
9789020706253
9789020706260
9789020706277
9789020706284
9789020706307
9789020706338
9789020706345
9789020706376
9789020706383
9789020706468
9789020706475
9789020706529
9789020706536
9789020706574
9789020706741
9789020706857
9789020706871
9789020706888
9789020706895
9789020706925
9789020706932
9789020707069
9789020707137
9789020707144
9789020707168
9789020707175
9789020707199
9789020707212
9789020707274
9789020707298
9789020707311
9789020707328
9789020707441
9789020707489
9789020707533
9789020707557
9789020707601
9789020707649
9789020707656
9789020707724
9789020707779
9789020707793
9789020707915
9789020708547
9789020708554
9789020708639
9789020708769
9789020732801
9789020732979
9789020733020
9789020905557
9789020916249
9789020926538
9789020929478
9789020943627
9789020946376
9789020956399
9789020957662
9789020961461
9789020965315
9789020965674
9789020968293
9789020969634
9789020974799
9789020976014
9789020976984
9789020977370
9789020977516
9789020977707
9789020978575
9789020979268
9789020982947
9789020983487
9789020983647
9789020983951
9789020985979
9789020986822
9789020986839
9789020987171
9789020987416
9789020987836
9789020987843
9789020990201
9789020990935
9789020991017
9789020991574
9789020992137
9789020992151
9789020993455
9789020994933
9789020995985
9789020995992
9789020996074
9789020996128
9789020996272
9789020996579
9789020997101
9789020997842
9789020998498
9789020998573
9789020998658
9789020998979
9789020999365
9789021138480
9789021138534
9789021138923
9789021138947
9789021139562
9789021139586
9789021260624
9789021891118
9789022202739
9789022202760
9789022202777
9789022202784
9789022202791
9789023210702
9789023214366
9789023215035
9789023215134
9789023220367
9789023221753
9789023222828
9789023223627
9789023223818
9789023224044
9789023224907
9789023225461
9789023225720
9789023225942
9789023226536
9789023227137
9789023227380
9789023229131
9789023230915
9789023230939
9789023232551
9789023232605
9789023232612
9789023232629
9789023233671
9789023233817
9789023234319
9789023234449
9789023235095
9789023236566
9789023236573
9789023237129
9789023237136
9789023237143
9789023237150
9789023237631
9789023238157
9789023238409
9789023238805
9789023239093
9789023239178
9789023239369
9789023239734
9789023239758
9789023239789
9789023239857
9789023240174
9789023240693
9789023240716
9789023240723
9789023240747
9789023240778
9789023241331
9789023241782
9789023241942
9789023242222
9789023242406
9789023729013
9789023729020
9789023729136
9789023729143
9789023729150
9789023729174
9789023729259
9789023906544
9789023908623
9789023917823
9789023920168
9789023967569
9789024230471
9789024230570
9789024230679
9789024230778
9789024230976
9789024231270
9789024232079
9789024232178
9789024232475
9789024233076
9789024234257
9789024249268
9789024250202
9789024250509
9789024251797
9789024253333
9789024254422
9789024263554
9789024700073
9789024700097
9789024700158
9789024700318
9789024700417
9789024700424
9789024700431
9789024700448
9789024700455
9789024700462
9789024700479
9789024700561
9789024700608
9789024700615
9789024700677
9789024700684
9789024700707
9789024700721
9789024700769
9789024700806
9789024700813
9789024700905
9789024701049
9789024701070
9789024701100
9789024701148
9789024701186
9789024701216
9789024701278
9789024701353
9789024701483
9789024701506
9789024701643
9789024701797
9789024701803
9789024701810
9789024701827
9789024701841
9789024701858
9789024701865
9789024701872
9789024701889
9789024701896
9789024701919
9789024701926
9789024701933
9789024701940
9789024701957
9789024701964
9789024701988
9789024702008
9789024702015
9789024702022
9789024702053
9789024702084
9789024702091
9789024702107
9789024702114
9789024702121
9789024702145
9789024702183
9789024702190
9789024702213
9789024702220
9789024702251
9789024702268
9789024702275
9789024702282
9789024702305
9789024702367
9789024702374
9789024702398
9789024702411
9789024702442
9789024702459
9789024702466
9789024702473
9789024702480
9789024702497
9789024702503
9789024702510
9789024702527
9789024702541
9789024702565
9789024702589
9789024702596
9789024702602
9789024702626
9789024702640
9789024702657
9789024702671
9789024702688
9789024702701
9789024702718
9789024702732
9789024702749
9789024702770
9789024702787
9789024702794
9789024702817
9789024702824
9789024702831
9789024702848
9789024702855
9789024702862
9789024702879
9789024702886
9789024702893
9789024702909
9789024702916
9789024702923
9789024702930
9789024702954
9789024703036
9789024703159
9789024703166
9789024703173
9789024703333
9789024703449
9789024703821
9789024703876
9789024703999
9789024704002
9789024704101
9789024704552
9789024704590
9789024704606
9789024704613
9789024704620
9789024704637
9789024704644
9789024704651
9789024704668
9789024704675
9789024704682
9789024704699
9789024705054
9789024705061
9789024705078
9789024705085
9789024705092
9789024705115
9789024705122
9789024705146
9789024705177
9789024705184
9789024705528
9789024705610
9789024706228
9789024706235
9789024706242
9789024706259
9789024706341
9789024706358
9789024706365
9789024706396
9789024706570
9789024706587
9789024706594
9789024706600
9789024706716
9789024706990
9789024707799
9789024707812
9789024708222
9789024709229
9789024709236
9789024709267
9789024709274
9789024709281
9789024709298
9789024709304
9789024709458
9789024709465
9789024709472
9789024709489
9789024709496
9789024709502
9789024709519
9789024709526
9789024709533
9789024709540
9789024711109
9789024711161
9789024711697
9789024711703
9789024711758
9789024711833
9789024711840
9789024711857
9789024711871
9789024711888
9789024711895
9789024711901
9789024711932
9789024711949
9789024711963
9789024711970
9789024712014
9789024712021
9789024712038
9789024712045
9789024712052
9789024712168
9789024712175
9789024712182
9789024712205
9789024712786
9789024712793
9789024712823
9789024712830
9789024712847
9789024712854
9789024712892
9789024712908
9789024712915
9789024712922
9789024712939
9789024712960
9789024712984
9789024712991
9789024713011
9789024713028
9789024713035
9789024713042
9789024713066
9789024713073
9789024713080
9789024713097
9789024713103
9789024713134
9789024713141
9789024713158
9789024713165
9789024713172
9789024713189
9789024713196
9789024713219
9789024713226
9789024713257
9789024713295
9789024713325
9789024713332
9789024713349
9789024713356
9789024713363
9789024713370
9789024713387
9789024713394
9789024713400
9789024713462
9789024713479
9789024713493
9789024713509
9789024713530
9789024713547
9789024713554
9789024714520
9789024714568
9789024714582
9789024714599
9789024714605
9789024714896
9789024714902
9789024714919
9789024714940
9789024714964
9789024714988
9789024715039
9789024715046
9789024715077
9789024715084
9789024715091
9789024715107
9789024715176
9789024715183
9789024715220
9789024715237
9789024715244
9789024715251
9789024715268
9789024715282
9789024715305
9789024715312
9789024715329
9789024715336
9789024715343
9789024715350
9789024715367
9789024715381
9789024715398
9789024715404
9789024715411
9789024715428
9789024715435
9789024715459
9789024715466
9789024715473
9789024715480
9789024715497
9789024715503
9789024715510
9789024715527
9789024715534
9789024715541
9789024715558
9789024715572
9789024715589
9789024715619
9789024715633
9789024715640
9789024715657
9789024715664
9789024715671
9789024715749
9789024715763
9789024715770
9789024715787
9789024715794
9789024715800
9789024715817
9789024715824
9789024715848
9789024715855
9789024715879
9789024715886
9789024715893
9789024715916
9789024715923
9789024715930
9789024715947
9789024715954
9789024715961
9789024715978
9789024715985
9789024715992
9789024716005
9789024716043
9789024716067
9789024716104
9789024716128
9789024716135
9789024716142
9789024716197
9789024716203
9789024716272
9789024716302
9789024716319
9789024716326
9789024716333
9789024716340
9789024716357
9789024716388
9789024716395
9789024716432
9789024716449
9789024716456
9789024716470
9789024716487
9789024716500
9789024716524
9789024716531
9789024716555
9789024716562
9789024716579
9789024716593
9789024716609
9789024716616
9789024716630
9789024716654
9789024716678
9789024716692
9789024716708
9789024716722
9789024716739
9789024716746
9789024716753
9789024716777
9789024716784
9789024716791
9789024716845
9789024716869
9789024716913
9789024716920
9789024716937
9789024716944
9789024716951
9789024716968
9789024716975
9789024716982
9789024717019
9789024717026
9789024717033
9789024717064
9789024717088
9789024717095
9789024717118
9789024717125
9789024717132
9789024717149
9789024717170
9789024717187
9789024717194
9789024717224
9789024717231
9789024717248
9789024717255
9789024717262
9789024717279
9789024717323
9789024717330
9789024717354
9789024717361
9789024717378
9789024717385
9789024717392
9789024717408
9789024717439
9789024717446
9789024717453
9789024717491
9789024717507
9789024717514
9789024717538
9789024717583
9789024717606
9789024717613
9789024717620
9789024717644
9789024717668
9789024717699
9789024717705
9789024717729
9789024717736
9789024717743
9789024717750
9789024717767
9789024717774
9789024717828
9789024717835
9789024717842
9789024717859
9789024717873
9789024717897
9789024717934
9789024717941
9789024717958
9789024717965
9789024717972
9789024718016
9789024718054
9789024718061
9789024718177
9789024718191
9789024718207
9789024718221
9789024718238
9789024718283
9789024718368
9789024718382
9789024718412
9789024718429
9789024718443
9789024718450
9789024718467
9789024718474
9789024718481
9789024718498
9789024718511
9789024718528
9789024718597
9789024718603
9789024718634
9789024718658
9789024718696
9789024718733
9789024718764
9789024718801
9789024718900
9789024718924
9789024718948
9789024718955
9789024718962
9789024718993
9789024719006
9789024719013
9789024719037
9789024719044
9789024719075
9789024719136
9789024719143
9789024719150
9789024719211
9789024719228
9789024719242
9789024719259
9789024719266
9789024719280
9789024719310
9789024719327
9789024719341
9789024719365
9789024719372
9789024719389
9789024719396
9789024719419
9789024719426
9789024719471
9789024719488
9789024719501
9789024719518
9789024719631
9789024719655
9789024719693
9789024719709
9789024719716
9789024719723
9789024719747
9789024719754
9789024719761
9789024719778
9789024719785
9789024719792
9789024719808
9789024719938
9789024719952
9789024719990
9789024720002
9789024720033
9789024720040
9789024720064
9789024720071
9789024720088
9789024720118
9789024720187
9789024720200
9789024720224
9789024720231
9789024720248
9789024720279
9789024720286
9789024720309
9789024720330
9789024720354
9789024720392
9789024720415
9789024720446
9789024720484
9789024720521
9789024720552
9789024720569
9789024720576
9789024720590
9789024720606
9789024720613
9789024720620
9789024720637
9789024720668
9789024720675
9789024720682
9789024720705
9789024720743
9789024720781
9789024720804
9789024720828
9789024720835
9789024720910
9789024720927
9789024720934
9789024720958
9789024720965
9789024720996
9789024721009
9789024721023
9789024721030
9789024721054
9789024721078
9789024721092
9789024721108
9789024721115
9789024721122
9789024721146
9789024721153
9789024721160
9789024721191
9789024721207
9789024721214
9789024721238
9789024721245
9789024721252
9789024721290
9789024721306
9789024721344
9789024721351
9789024721368
9789024721405
9789024721467
9789024721474
9789024721481
9789024721504
9789024721535
9789024721559
9789024721573
9789024721597
9789024721610
9789024721634
9789024721689
9789024721702
9789024721726
9789024721740
9789024721955
9789024721962
9789024721979
9789024721986
9789024721993
9789024722020
9789024722051
9789024722075
9789024722082
9789024722099
9789024722105
9789024722112
9789024722129
9789024722150
9789024722174
9789024722204
9789024722242
9789024722259
9789024722273
9789024722280
9789024722303
9789024722341
9789024722396
9789024722426
9789024722433
9789024722457
9789024722648
9789024722693
9789024722716
9789024722723
9789024722730
9789024722792
9789024722808
9789024722815
9789024722839
9789024722846
9789024722884
9789024722891
9789024722907
9789024722914
9789024722921
9789024722952
9789024722983
9789024723027
9789024723034
9789024723089
9789024723140
9789024723157
9789024723164
9789024723201
9789024723249
9789024723263
9789024723584
9789024723591
9789024723607
9789024723621
9789024723652
9789024723690
9789024723706
9789024723713
9789024723720
9789024723737
9789024723744
9789024723751
9789024723775
9789024723782
9789024723799
9789024723805
9789024723812
9789024723829
9789024723836
9789024723850
9789024723867
9789024723898
9789024723904
9789024723911
9789024723928
9789024723942
9789024723959
9789024723966
9789024723973
9789024724017
9789024724031
9789024724048
9789024724062
9789024724079
9789024724086
9789024724093
9789024724116
9789024724130
9789024724147
9789024724154
9789024724178
9789024724192
9789024724215
9789024724222
9789024724239
9789024724437
9789024724529
9789024724543
9789024724550
9789024724574
9789024724581
9789024724611
9789024724628
9789024724642
9789024724680
9789024724703
9789024724710
9789024724727
9789024724734
9789024724741
9789024724758
9789024724789
9789024724796
9789024724802
9789024724819
9789024724826
9789024724857
9789024724864
9789024724871
9789024724888
9789024724895
9789024724901
9789024724918
9789024724925
9789024724932
9789024724956
9789024724963
9789024724970
9789024725007
9789024725021
9789024725038
9789024725045
9789024725052
9789024725069
9789024725076
9789024725083
9789024725106
9789024725113
9789024725120
9789024725137
9789024725144
9789024725151
9789024725168
9789024725175
9789024725182
9789024725199
9789024725205
9789024725212
9789024725229
9789024725236
9789024725267
9789024725274
9789024725298
9789024725304
9789024725311
9789024725328
9789024725335
9789024725342
9789024725359
9789024725366
9789024725441
9789024725496
9789024725533
9789024725571
9789024725588
9789024725595
9789024725625
9789024725687
9789024725694
9789024725748
9789024725755
9789024725762
9789024725779
9789024725809
9789024725816
9789024725847
9789024725861
9789024725892
9789024725915
9789024725939
9789024725977
9789024725984
9789024725991
9789024726028
9789024726035
9789024726042
9789024726066
9789024726073
9789024726103
9789024726141
9789024726189
9789024726196
9789024726202
9789024726233
9789024726240
9789024726257
9789024726264
9789024726271
9789024726295
9789024726325
9789024726332
9789024726349
9789024726363
9789024726370
9789024726387
9789024726394
9789024726400
9789024726417
9789024726424
9789024726448
9789024726455
9789024726486
9789024726493
9789024726554
9789024726561
9789024726608
9789024726622
9789024726653
9789024726660
9789024726677
9789024726691
9789024726721
9789024726790
9789024726806
9789024726813
9789024726820
9789024726837
9789024726868
9789024726875
9789024726905
9789024726912
9789024726929
9789024726950
9789024726981
9789024726998
9789024727018
9789024727025
9789024727032
9789024727063
9789024727070
9789024727087
9789024727094
9789024727100
9789024727117
9789024727124
9789024727131
9789024727148
9789024727155
9789024727179
9789024727186
9789024727193
9789024727209
9789024727223
9789024727247
9789024727254
9789024727261
9789024727292
9789024727322
9789024727339
9789024727421
9789024727452
9789024727483
9789024727520
9789024727544
9789024727551
9789024727568
9789024727575
9789024727599
9789024727612
9789024727629
9789024727643
9789024727650
9789024727698
9789024727728
9789024727773
9789024727780
9789024727797
9789024727827
9789024727834
9789024727841
9789024727865
9789024727872
9789024727896
9789024727926
9789024727940
9789024727964
9789024727971
9789024727988
9789024727995
9789024728008
9789024728084
9789024728138
9789024728152
9789024728169
9789024728176
9789024728183
9789024728206
9789024728213
9789024728220
9789024728237
9789024728244
9789024728251
9789024728268
9789024728275
9789024728299
9789024728305
9789024728312
9789024728329
9789024728336
9789024728343
9789024728367
9789024728374
9789024728435
9789024728442
9789024728459
9789024728466
9789024728473
9789024728480
9789024728497
9789024728503
9789024728527
9789024728534
9789024728541
9789024728558
9789024728565
9789024728572
9789024728589
9789024728596
9789024728602
9789024728619
9789024728626
9789024728664
9789024728688
9789024728695
9789024728701
9789024728749
9789024728756
9789024728770
9789024728787
9789024728794
9789024728817
9789024728831
9789024728848
9789024728855
9789024728862
9789024728893
9789024728916
9789024728923
9789024728930
9789024728947
9789024729012
9789024729036
9789024729043
9789024729050
9789024729067
9789024729074
9789024729081
9789024729098
9789024729128
9789024729135
9789024729166
9789024729173
9789024729227
9789024729234
9789024729241
9789024729258
9789024729326
9789024729340
9789024729357
9789024729388
9789024729395
9789024729418
9789024729432
9789024729470
9789024729487
9789024729494
9789024729517
9789024729548
9789024729586
9789024729593
9789024729609
9789024729616
9789024729623
9789024729630
9789024729647
9789024729661
9789024729685
9789024729708
9789024729715
9789024729739
9789024729760
9789024729777
9789024729784
9789024729814
9789024729838
9789024729876
9789024729883
9789024729906
9789024729913
9789024729920
9789024729944
9789024729951
9789024729968
9789024729975
9789024729982
9789024730001
9789024730117
9789024730124
9789024730131
9789024730155
9789024730162
9789024730186
9789024730193
9789024730445
9789024730469
9789024730506
9789024730513
9789024730520
9789024730537
9789024730551
9789024730575
9789024730599
9789024730612
9789024730650
9789024730667
9789024730674
9789024730681
9789024730698
9789024730704
9789024730728
9789024730766
9789024730834
9789024730841
9789024730858
9789024730889
9789024730896
9789024730902
9789024730926
9789024730933
9789024730940
9789024730957
9789024730964
9789024730988
9789024730995
9789024731008
9789024731015
9789024731022
9789024731039
9789024731091
9789024731114
9789024731121
9789024731138
9789024731145
9789024731152
9789024731176
9789024731183
9789024731190
9789024731206
9789024731213
9789024731220
9789024731237
9789024731244
9789024731268
9789024731275
9789024731282
9789024731312
9789024731367
9789024731374
9789024731398
9789024731404
9789024731411
9789024731428
9789024731435
9789024731442
9789024731459
9789024731466
9789024731473
9789024731497
9789024731503
9789024731510
9789024731527
9789024731534
9789024731541
9789024731558
9789024731565
9789024731589
9789024731596
9789024731602
9789024731626
9789024731640
9789024731657
9789024731664
9789024731671
9789024731763
9789024731770
9789024731794
9789024731800
9789024731817
9789024731824
9789024731831
9789024731848
9789024731855
9789024731862
9789024731909
9789024731916
9789024731947
9789024731954
9789024731961
9789024731978
9789024731985
9789024732005
9789024732012
9789024732029
9789024732036
9789024732043
9789024732050
9789024732067
9789024732074
9789024732098
9789024732142
9789024732166
9789024732180
9789024732197
9789024732203
9789024732234
9789024732241
9789024732258
9789024732265
9789024732289
9789024732296
9789024732319
9789024732326
9789024732333
9789024732340
9789024732364
9789024732371
9789024732388
9789024732395
9789024732401
9789024732432
9789024732449
9789024732456
9789024732463
9789024732487
9789024732494
9789024732517
9789024732531
9789024732555
9789024732562
9789024732579
9789024732586
9789024732593
9789024732609
9789024732623
9789024732630
9789024732647
9789024732654
9789024732692
9789024732708
9789024732715
9789024732722
9789024732746
9789024732753
9789024732760
9789024732777
9789024732784
9789024732791
9789024732814
9789024732821
9789024732838
9789024732845
9789024732869
9789024732876
9789024732883
9789024732906
9789024732913
9789024732920
9789024732937
9789024732944
9789024732975
9789024732999
9789024733002
9789024733019
9789024733033
9789024733057
9789024733088
9789024733095
9789024733101
9789024733118
9789024733125
9789024733149
9789024733156
9789024733170
9789024733194
9789024733217
9789024733224
9789024733231
9789024733279
9789024733293
9789024733309
9789024733316
9789024733330
9789024733347
9789024733354
9789024733361
9789024733385
9789024733392
9789024733408
9789024733422
9789024733446
9789024733453
9789024733460
9789024733477
9789024733484
9789024733491
9789024733538
9789024733545
9789024733569
9789024733576
9789024733590
9789024733606
9789024733613
9789024733620
9789024733668
9789024733675
9789024733682
9789024733699
9789024733712
9789024733729
9789024733736
9789024733750
9789024733767
9789024733774
9789024733781
9789024733798
9789024733804
9789024733811
9789024733828
9789024733835
9789024733842
9789024733859
9789024733866
9789024733873
9789024733880
9789024733897
9789024733903
9789024733910
9789024733927
9789024733941
9789024733958
9789024733965
9789024733989
9789024734009
9789024734061
9789024734085
9789024734092
9789024734108
9789024734115
9789024734139
9789024734146
9789024734153
9789024734160
9789024734177
9789024734184
9789024734191
9789024734207
9789024734221
9789024734238
9789024734245
9789024734252
9789024734269
9789024734276
9789024734283
9789024734290
9789024734306
9789024734313
9789024734320
9789024734337
9789024734344
9789024734351
9789024734368
9789024734382
9789024734399
9789024734405
9789024734412
9789024734443
9789024734467
9789024734474
9789024734481
9789024734498
9789024734542
9789024734559
9789024734566
9789024734597
9789024734603
9789024734634
9789024734665
9789024734719
9789024734726
9789024734740
9789024734757
9789024734764
9789024734788
9789024734795
9789024734801
9789024734818
9789024734825
9789024734832
9789024734849
9789024734856
9789024734863
9789024734870
9789024734887
9789024734894
9789024734900
9789024734924
9789024734931
9789024734948
9789024734955
9789024734979
9789024734986
9789024734993
9789024735006
9789024735013
9789024735020
9789024735044
9789024735051
9789024735082
9789024735099
9789024735105
9789024735112
9789024735129
9789024735143
9789024735150
9789024735174
9789024735181
9789024735198
9789024735204
9789024735211
9789024735235
9789024735259
9789024735266
9789024735273
9789024735327
9789024735334
9789024735358
9789024735365
9789024735372
9789024735389
9789024735396
9789024735402
9789024735426
9789024735433
9789024735464
9789024735525
9789024735532
9789024735556
9789024735563
9789024735570
9789024735587
9789024735594
9789024735617
9789024735624
9789024735648
9789024735655
9789024735662
9789024735686
9789024735693
9789024735716
9789024735723
9789024735730
9789024735747
9789024735754
9789024735778
9789024735785
9789024735792
9789024735808
9789024735822
9789024735846
9789024735860
9789024735891
9789024735907
9789024735938
9789024735945
9789024735952
9789024735969
9789024735983
9789024736003
9789024736010
9789024736034
9789024736065
9789024736096
9789024736102
9789024736119
9789024736126
9789024736133
9789024736140
9789024736157
9789024736171
9789024736201
9789024736218
9789024736225
9789024736232
9789024736249
9789024736256
9789024736263
9789024736270
9789024736300
9789024736355
9789024736362
9789024736386
9789024736393
9789024736409
9789024736416
9789024736423
9789024736430
9789024736447
9789024736454
9789024736461
9789024736515
9789024736522
9789024736539
9789024736546
9789024736553
9789024736560
9789024736584
9789024736591
9789024736607
9789024736614
9789024736621
9789024736638
9789024736652
9789024736683
9789024736713
9789024736737
9789024736744
9789024736782
9789024736799
9789024736805
9789024736836
9789024736843
9789024736850
9789024736881
9789024736928
9789024736935
9789024736942
9789024736959
9789024736966
9789024736973
9789024736980
9789024736997
9789024737000
9789024737031
9789024737062
9789024737079
9789024737086
9789024737093
9789024737109
9789024737123
9789024737130
9789024737147
9789024737192
9789024737208
9789024737222
9789024737239
9789024737253
9789024737260
9789024737277
9789024737284
9789024737291
9789024737314
9789024737321
9789024737338
9789024737345
9789024737352
9789024737420
9789024737444
9789024737499
9789024737512
9789024737536
9789024737581
9789024737673
9789024737680
9789024737697
9789024737703
9789024737710
9789024737765
9789024737772
9789024737819
9789024737826
9789024737833
9789024737871
9789024737888
9789024737895
9789024737901
9789024737925
9789024737932
9789024737949
9789024737963
9789024737970
9789024737987
9789024750047
9789024750054
9789024750061
9789024750078
9789024750085
9789024750108
9789024750115
9789024750139
9789024750146
9789024750160
9789024750177
9789024750184
9789024750207
9789024750214
9789024750221
9789024750238
9789024750245
9789024750252
9789024750269
9789024750283
9789024750290
9789024750306
9789024750313
9789024750320
9789024750337
9789024750351
9789024750368
9789024750375
9789024750382
9789024750399
9789024750405
9789024750412
9789024750429
9789024750443
9789024750450
9789024750474
9789024750481
9789024750498
9789024750504
9789024750511
9789024750528
9789024750542
9789024750610
9789024750627
9789024750641
9789024750726
9789024750733
9789024750757
9789024750764
9789024750771
9789024750795
9789024750801
9789024750856
9789024750863
9789024750870
9789024750894
9789024750900
9789024750917
9789024750924
9789024750955
9789024751013
9789024751020
9789024751051
9789024751068
9789024751112
9789024751129
9789024751136
9789024751143
9789024751150
9789024751167
9789024751174
9789024751181
9789024751204
9789024751228
9789024751235
9789024751242
9789024751259
9789024751273
9789024751280
9789024751297
9789024751303
9789024751327
9789024751334
9789024751341
9789024751358
9789024751365
9789024751389
9789024751396
9789024751402
9789024751426
9789024751471
9789024751495
9789024751532
9789024751556
9789024751563
9789024751570
9789024751587
9789024751730
9789024751747
9789024761708
9789024761746
9789024761753
9789024761784
9789024761791
9789024761821
9789024761852
9789024761876
9789024780129
9789024780518
9789024780563
9789024780754
9789024790036
9789024790098
9789024790197
9789024790777
9789024790944
9789024791415
9789024799602
9789024799787
9789026321856
9789026500404
9789026500411
9789026500428
9789026500435
9789026500442
9789026500459
9789026500466
9789026501579
9789026502347
9789026503924
9789026504617
9789026508127
9789026508981
9789026509698
9789026509889
9789026509896
9789026510083
9789026511486
9789026512278
9789026512308
9789026512384
9789026512506
9789026512599
9789026512629
9789026512766
9789026512834
9789026512971
9789026513121
9789026513329
9789026513473
9789026513480
9789026513770
9789026513800
9789026513909
9789026514500
9789026514562
9789026514722
9789026514739
9789026514814
9789026514821
9789026514999
9789026515149
9789026515248
9789026515255
9789026515262
9789026515286
9789026515392
9789026515408
9789026515439
9789026515446
9789026515460
9789026515477
9789026515491
9789026515507
9789026515569
9789026515583
9789026516276
9789026516290
9789026516313
9789026516351
9789026518096
9789026518102
9789026518126
9789026518157
9789026518201
9789026518218
9789026518232
9789026518256
9789026518263
9789026518300
9789026518317
9789026518447
9789026518454
9789026518478
9789026518515
9789026518522
9789026518553
9789026518577
9789026518584
9789026518591
9789026518614
9789026518621
9789026518683
9789026518706
9789026519215
9789026519239
9789026519291
9789026519314
9789026519321
9789026519338
9789026519369
9789026519376
9789026519383
9789026519406
9789026519420
9789026519437
9789026519482
9789026519512
9789026519529
9789026519536
9789026519543
9789026519550
9789026519604
9789026519611
9789026519628
9789026519635
9789026519642
9789026519659
9789026519666
9789026519673
9789026519680
9789026519697
9789026519727
9789026519734
9789026519741
9789026605765
9789026804427
9789026806155
9789026806698
9789026807190
9789026807343
9789026807749
9789026808449
9789026809231
9789026809514
9789026809699
9789026809798
9789026810688
9789026810961
9789026811524
9789026811661
9789026824036
9789027116321
9789027201096
9789027201324
9789027201331
9789027201348
9789027206602
9789027206947
9789027206978
9789027206985
9789027210456
9789027212481
9789027223418
9789027226907
9789027239877
9789027240576
9789027242716
9789027243751
9789027244550
9789027246721
9789027256768
9789027256782
9789027258366
9789027259455
9789027259486
9789027700018
9789027700032
9789027700049
9789027700056
9789027700063
9789027700070
9789027700087
9789027700094
9789027700124
9789027700131
9789027700148
9789027700155
9789027700162
9789027700179
9789027700186
9789027700193
9789027700209
9789027700216
9789027700230
9789027700247
9789027700254
9789027700278
9789027700285
9789027700292
9789027700308
9789027700315
9789027700322
9789027700339
9789027700360
9789027700377
9789027700384
9789027700391
9789027700407
9789027700414
9789027700438
9789027700445
9789027700452
9789027700469
9789027700476
9789027700483
9789027700490
9789027700506
9789027700513
9789027700520
9789027700537
9789027700544
9789027700568
9789027700582
9789027700599
9789027700605
9789027700612
9789027700629
9789027700643
9789027700650
9789027700674
9789027700681
9789027700698
9789027700704
9789027700711
9789027700728
9789027700735
9789027700742
9789027700766
9789027700773
9789027700780
9789027700797
9789027700803
9789027700810
9789027700827
9789027700834
9789027700841
9789027700858
9789027700865
9789027700872
9789027700889
9789027700896
9789027700902
9789027700919
9789027700926
9789027700940
9789027700957
9789027701008
9789027701022
9789027701039
9789027701053
9789027701060
9789027701077
9789027701091
9789027701107
9789027701114
9789027701138
9789027701145
9789027701152
9789027701169
9789027701176
9789027701183
9789027701206
9789027701213
9789027701220
9789027701251
9789027701282
9789027701299
9789027701305
9789027701312
9789027701329
9789027701336
9789027701343
9789027701350
9789027701374
9789027701398
9789027701404
9789027701411
9789027701428
9789027701480
9789027701497
9789027701510
9789027701527
9789027701534
9789027701541
9789027701558
9789027701565
9789027701572
9789027701589
9789027701596
9789027701602
9789027701619
9789027701626
9789027701657
9789027701688
9789027701701
9789027701718
9789027701725
9789027701732
9789027701749
9789027701756
9789027701763
9789027701770
9789027701787
9789027701794
9789027701800
9789027701817
9789027701824
9789027701831
9789027701848
9789027701855
9789027701862
9789027701879
9789027701886
9789027701893
9789027701909
9789027701916
9789027701923
9789027701930
9789027701947
9789027701961
9789027701978
9789027701992
9789027702005
9789027702012
9789027702029
9789027702036
9789027702043
9789027702050
9789027702074
9789027702081
9789027702104
9789027702111
9789027702128
9789027702135
9789027702142
9789027702173
9789027702180
9789027702197
9789027702234
9789027702258
9789027702265
9789027702272
9789027702289
9789027702296
9789027702302
9789027702319
9789027702326
9789027702333
9789027702340
9789027702357
9789027702364
9789027702371
9789027702388
9789027702395
9789027702401
9789027702418
9789027702425
9789027702432
9789027702463
9789027702487
9789027702494
9789027702500
9789027702517
9789027702524
9789027702531
9789027702586
9789027702593
9789027702609
9789027702616
9789027702623
9789027702630
9789027702647
9789027702661
9789027702685
9789027702692
9789027702708
9789027702715
9789027702722
9789027702739
9789027702746
9789027702753
9789027702760
9789027702784
9789027702791
9789027702807
9789027702814
9789027702821
9789027702838
9789027702845
9789027702869
9789027702876
9789027702883
9789027702890
9789027702906
9789027702913
9789027702920
9789027702937
9789027702944
9789027702951
9789027702968
9789027703019
9789027703033
9789027703040
9789027703057
9789027703064
9789027703071
9789027703088
9789027703095
9789027703101
9789027703118
9789027703125
9789027703149
9789027703156
9789027703163
9789027703170
9789027703187
9789027703194
9789027703200
9789027703217
9789027703224
9789027703231
9789027703248
9789027703255
9789027703262
9789027703316
9789027703330
9789027703347
9789027703354
9789027703378
9789027703385
9789027703392
9789027703408
9789027703415
9789027703439
9789027703446
9789027703453
9789027703477
9789027703484
9789027703514
9789027703521
9789027703538
9789027703545
9789027703552
9789027703576
9789027703583
9789027703606
9789027703613
9789027703620
9789027703651
9789027703668
9789027703675
9789027703682
9789027703699
9789027703729
9789027703750
9789027703767
9789027703774
9789027703781
9789027703798
9789027703804
9789027703811
9789027703828
9789027703835
9789027703859
9789027703866
9789027703873
9789027703897
9789027703903
9789027703910
9789027703927
9789027703934
9789027703941
9789027703958
9789027703965
9789027704009
9789027704023
9789027704030
9789027704047
9789027704054
9789027704061
9789027704078
9789027704085
9789027704092
9789027704108
9789027704115
9789027704122
9789027704139
9789027704146
9789027704153
9789027704160
9789027704177
9789027704184
9789027704191
9789027704207
9789027704214
9789027704221
9789027704238
9789027704245
9789027704252
9789027704269
9789027704276
9789027704283
9789027704290
9789027704306
9789027704313
9789027704320
9789027704337
9789027704344
9789027704351
9789027704368
9789027704375
9789027704382
9789027704399
9789027704405
9789027704443
9789027704450
9789027704467
9789027704474
9789027704498
9789027704504
9789027704511
9789027704528
9789027704535
9789027704542
9789027704566
9789027704573
9789027704580
9789027704597
9789027704603
9789027704610
9789027704627
9789027704634
9789027704641
9789027704658
9789027704665
9789027704672
9789027704689
9789027704702
9789027704719
9789027704726
9789027704733
9789027704740
9789027704757
9789027704771
9789027704788
9789027704795
9789027704801
9789027704818
9789027704825
9789027704832
9789027704849
9789027704863
9789027704894
9789027704900
9789027704917
9789027704931
9789027704948
9789027704979
9789027704986
9789027704993
9789027705006
9789027705013
9789027705020
9789027705037
9789027705044
9789027705051
9789027705068
9789027705075
9789027705082
9789027705099
9789027705105
9789027705112
9789027705129
9789027705136
9789027705143
9789027705167
9789027705181
9789027705204
9789027705228
9789027705235
9789027705259
9789027705266
9789027705273
9789027705280
9789027705310
9789027705327
9789027705365
9789027705372
9789027705389
9789027705396
9789027705402
9789027705419
9789027705426
9789027705433
9789027705488
9789027705495
9789027705501
9789027705518
9789027705525
9789027705549
9789027705563
9789027705570
9789027705594
9789027705600
9789027705617
9789027705631
9789027705648
9789027705662
9789027705679
9789027705686
9789027705709
9789027705716
9789027705723
9789027705730
9789027705747
9789027705754
9789027705761
9789027705778
9789027705785
9789027705792
9789027705808
9789027705815
9789027705822
9789027705839
9789027705846
9789027705853
9789027705860
9789027705877
9789027705884
9789027705907
9789027705914
9789027705921
9789027705938
9789027705952
9789027705969
9789027705976
9789027705983
9789027705990
9789027706003
9789027706010
9789027706027
9789027706034
9789027706041
9789027706058
9789027706065
9789027706072
9789027706089
9789027706126
9789027706133
9789027706164
9789027706171
9789027706188
9789027706195
9789027706201
9789027706218
9789027706225
9789027706232
9789027706249
9789027706256
9789027706263
9789027706270
9789027706287
9789027706294
9789027706300
9789027706317
9789027706324
9789027706348
9789027706362
9789027706379
9789027706386
9789027706423
9789027706430
9789027706447
9789027706454
9789027706461
9789027706485
9789027706492
9789027706508
9789027706515
9789027706522
9789027706539
9789027706546
9789027706553
9789027706560
9789027706577
9789027706584
9789027706591
9789027706607
9789027706614
9789027706621
9789027706638
9789027706645
9789027706652
9789027706669
9789027706690
9789027706720
9789027706744
9789027706751
9789027706768
9789027706782
9789027706799
9789027706805
9789027706812
9789027706829
9789027706836
9789027706867
9789027706874
9789027706881
9789027706898
9789027706904
9789027706928
9789027706935
9789027706959
9789027706966
9789027706973
9789027706980
9789027706997
9789027707000
9789027707017
9789027707024
9789027707048
9789027707055
9789027707079
9789027707093
9789027707109
9789027707116
9789027707123
9789027707130
9789027707147
9789027707178
9789027707215
9789027707239
9789027707246
9789027707253
9789027707260
9789027707277
9789027707345
9789027707352
9789027707369
9789027707376
9789027707383
9789027707390
9789027707406
9789027707413
9789027707444
9789027707451
9789027707468
9789027707475
9789027707482
9789027707499
9789027707505
9789027707512
9789027707529
9789027707536
9789027707543
9789027707598
9789027707604
9789027707611
9789027707628
9789027707635
9789027707659
9789027707666
9789027707680
9789027707703
9789027707727
9789027707734
9789027707741
9789027707758
9789027707765
9789027707789
9789027707796
9789027707819
9789027707826
9789027707840
9789027707857
9789027707864
9789027707871
9789027707888
9789027707895
9789027707901
9789027707918
9789027707925
9789027707932
9789027707956
9789027707963
9789027707970
9789027707994
9789027708007
9789027708021
9789027708038
9789027708069
9789027708076
9789027708083
9789027708090
9789027708106
9789027708113
9789027708144
9789027708151
9789027708168
9789027708175
9789027708182
9789027708199
9789027708205
9789027708229
9789027708243
9789027708250
9789027708267
9789027708274
9789027708281
9789027708298
9789027708304
9789027708311
9789027708328
9789027708335
9789027708342
9789027708359
9789027708366
9789027708397
9789027708403
9789027708427
9789027708441
9789027708458
9789027708465
9789027708472
9789027708489
9789027708496
9789027708502
9789027708519
9789027708533
9789027708540
9789027708557
9789027708595
9789027708601
9789027708625
9789027708632
9789027708656
9789027708663
9789027708670
9789027708694
9789027708700
9789027708717
9789027708724
9789027708731
9789027708762
9789027708779
9789027708786
9789027708793
9789027708809
9789027708816
9789027708823
9789027708830
9789027708847
9789027708854
9789027708861
9789027708878
9789027708885
9789027708892
9789027708908
9789027708915
9789027708922
9789027708939
9789027708946
9789027708953
9789027708960
9789027708977
9789027708984
9789027708991
9789027709004
9789027709011
9789027709028
9789027709035
9789027709042
9789027709059
9789027709066
9789027709080
9789027709097
9789027709103
9789027709127
9789027709134
9789027709141
9789027709158
9789027709165
9789027709172
9789027709189
9789027709196
9789027709202
9789027709219
9789027709226
9789027709233
9789027709240
9789027709257
9789027709264
9789027709271
9789027709288
9789027709295
9789027709301
9789027709318
9789027709325
9789027709332
9789027709349
9789027709356
9789027709363
9789027709370
9789027709394
9789027709400
9789027709417
9789027709424
9789027709448
9789027709455
9789027709462
9789027709479
9789027709486
9789027709493
9789027709509
9789027709516
9789027709523
9789027709530
9789027709547
9789027709554
9789027709561
9789027709578
9789027709585
9789027709608
9789027709615
9789027709622
9789027709639
9789027709646
9789027709653
9789027709660
9789027709677
9789027709684
9789027709691
9789027709707
9789027709714
9789027709721
9789027709738
9789027709752
9789027709769
9789027709776
9789027709783
9789027709790
9789027709806
9789027709813
9789027709820
9789027709837
9789027709844
9789027709868
9789027709875
9789027709882
9789027709899
9789027709905
9789027709929
9789027709936
9789027709943
9789027709950
9789027709974
9789027709981
9789027709998
9789027710000
9789027710017
9789027710024
9789027710031
9789027710048
9789027710055
9789027710062
9789027710079
9789027710086
9789027710093
9789027710109
9789027710116
9789027710123
9789027710130
9789027710147
9789027710154
9789027710161
9789027710185
9789027710192
9789027710208
9789027710215
9789027710222
9789027710239
9789027710246
9789027710253
9789027710260
9789027710277
9789027710284
9789027710291
9789027710314
9789027710321
9789027710345
9789027710352
9789027710376
9789027710383
9789027710390
9789027710406
9789027710413
9789027710420
9789027710437
9789027710444
9789027710451
9789027710468
9789027710475
9789027710482
9789027710499
9789027710512
9789027710529
9789027710536
9789027710550
9789027710574
9789027710581
9789027710598
9789027710604
9789027710611
9789027710628
9789027710635
9789027710659
9789027710666
9789027710673
9789027710680
9789027710697
9789027710703
9789027710710
9789027710727
9789027710734
9789027710741
9789027710758
9789027710765
9789027710772
9789027710789
9789027710796
9789027710819
9789027710826
9789027710833
9789027710840
9789027710857
9789027710864
9789027710871
9789027710901
9789027710918
9789027710925
9789027710949
9789027710956
9789027710963
9789027710970
9789027710987
9789027710994
9789027711021
9789027711038
9789027711045
9789027711052
9789027711069
9789027711083
9789027711090
9789027711106
9789027711113
9789027711120
9789027711144
9789027711151
9789027711168
9789027711175
9789027711182
9789027711199
9789027711205
9789027711212
9789027711229
9789027711236
9789027711243
9789027711250
9789027711267
9789027711274
9789027711281
9789027711298
9789027711304
9789027711311
9789027711328
9789027711335
9789027711342
9789027711359
9789027711366
9789027711373
9789027711380
9789027711397
9789027711403
9789027711410
9789027711427
9789027711434
9789027711441
9789027711458
9789027711465
9789027711472
9789027711489
9789027711496
9789027711502
9789027711519
9789027711526
9789027711533
9789027711540
9789027711557
9789027711571
9789027711588
9789027711595
9789027711601
9789027711625
9789027711632
9789027711649
9789027711656
9789027711663
9789027711670
9789027711687
9789027711717
9789027711724
9789027711731
9789027711748
9789027711755
9789027711779
9789027711793
9789027711809
9789027711816
9789027711823
9789027711830
9789027711847
9789027711861
9789027711878
9789027711885
9789027711892
9789027711908
9789027711922
9789027711946
9789027711953
9789027711960
9789027711977
9789027711984
9789027711991
9789027712011
9789027712028
9789027712035
9789027712042
9789027712059
9789027712066
9789027712073
9789027712080
9789027712097
9789027712103
9789027712110
9789027712127
9789027712134
9789027712141
9789027712158
9789027712172
9789027712189
9789027712196
9789027712202
9789027712219
9789027712226
9789027712233
9789027712240
9789027712257
9789027712264
9789027712271
9789027712288
9789027712295
9789027712301
9789027712318
9789027712325
9789027712332
9789027712349
9789027712356
9789027712363
9789027712387
9789027712394
9789027712400
9789027712417
9789027712424
9789027712431
9789027712448
9789027712462
9789027712479
9789027712486
9789027712493
9789027712509
9789027712516
9789027712523
9789027712530
9789027712547
9789027712554
9789027712561
9789027712578
9789027712585
9789027712592
9789027712608
9789027712615
9789027712622
9789027712646
9789027712660
9789027712677
9789027712684
9789027712691
9789027712707
9789027712714
9789027712721
9789027712738
9789027712745
9789027712752
9789027712769
9789027712776
9789027712783
9789027712790
9789027712806
9789027712813
9789027712820
9789027712837
9789027712844
9789027712851
9789027712868
9789027712875
9789027712882
9789027712899
9789027712905
9789027712929
9789027712936
9789027712943
9789027712950
9789027712967
9789027712974
9789027712981
9789027712998
9789027713001
9789027713025
9789027713032
9789027713049
9789027713063
9789027713070
9789027713087
9789027713094
9789027713124
9789027713131
9789027713148
9789027713155
9789027713179
9789027713186
9789027713193
9789027713209
9789027713216
9789027713223
9789027713230
9789027713247
9789027713254
9789027713261
9789027713278
9789027713285
9789027713308
9789027713322
9789027713339
9789027713346
9789027713353
9789027713360
9789027713377
9789027713391
9789027713407
9789027713421
9789027713438
9789027713445
9789027713452
9789027713476
9789027713483
9789027713490
9789027713506
9789027713513
9789027713520
9789027713537
9789027713544
9789027713551
9789027713568
9789027713575
9789027713582
9789027713599
9789027713605
9789027713612
9789027713636
9789027713643
9789027713667
9789027713674
9789027713681
9789027713698
9789027713704
9789027713711
9789027713728
9789027713735
9789027713759
9789027713766
9789027713773
9789027713780
9789027713797
9789027713803
9789027713810
9789027713834
9789027713841
9789027713865
9789027713872
9789027713889
9789027713896
9789027713902
9789027713919
9789027713926
9789027713933
9789027713957
9789027713964
9789027713971
9789027713988
9789027714008
9789027714015
9789027714022
9789027714039
9789027714046
9789027714053
9789027714060
9789027714077
9789027714084
9789027714091
9789027714107
9789027714114
9789027714121
9789027714138
9789027714145
9789027714152
9789027714169
9789027714176
9789027714183
9789027714190
9789027714206
9789027714220
9789027714237
9789027714244
9789027714251
9789027714268
9789027714275
9789027714282
9789027714299
9789027714305
9789027714312
9789027714329
9789027714336
9789027714343
9789027714350
9789027714367
9789027714374
9789027714398
9789027714404
9789027714411
9789027714428
9789027714435
9789027714442
9789027714466
9789027714473
9789027714497
9789027714503
9789027714510
9789027714527
9789027714534
9789027714541
9789027714558
9789027714589
9789027714596
9789027714602
9789027714619
9789027714626
9789027714633
9789027714640
9789027714657
9789027714664
9789027714671
9789027714688
9789027714695
9789027714701
9789027714718
9789027714725
9789027714732
9789027714749
9789027714756
9789027714763
9789027714770
9789027714787
9789027714794
9789027714800
9789027714817
9789027714824
9789027714831
9789027714848
9789027714855
9789027714879
9789027714886
9789027714893
9789027714909
9789027714916
9789027714923
9789027714954
9789027714978
9789027714985
9789027714992
9789027715005
9789027715012
9789027715029
9789027715036
9789027715043
9789027715050
9789027715067
9789027715074
9789027715081
9789027715098
9789027715104
9789027715111
9789027715135
9789027715142
9789027715159
9789027715166
9789027715173
9789027715180
9789027715197
9789027715203
9789027715210
9789027715227
9789027715234
9789027715241
9789027715258
9789027715265
9789027715272
9789027715289
9789027715296
9789027715302
9789027715319
9789027715333
9789027715357
9789027715364
9789027715371
9789027715388
9789027715395
9789027715401
9789027715418
9789027715432
9789027715449
9789027715463
9789027715470
9789027715487
9789027715494
9789027715500
9789027715524
9789027715531
9789027715548
9789027715555
9789027715562
9789027715579
9789027715586
9789027715593
9789027715609
9789027715616
9789027715623
9789027715630
9789027715647
9789027715654
9789027715661
9789027715678
9789027715685
9789027715692
9789027715708
9789027715715
9789027715722
9789027715739
9789027715746
9789027715753
9789027715760
9789027715777
9789027715784
9789027715791
9789027715807
9789027715814
9789027715821
9789027715838
9789027715845
9789027715852
9789027715869
9789027715876
9789027715883
9789027715890
9789027715906
9789027715913
9789027715920
9789027715937
9789027715944
9789027715951
9789027715968
9789027715975
9789027715982
9789027715999
9789027716002
9789027716019
9789027716026
9789027716033
9789027716071
9789027716088
9789027716095
9789027716101
9789027716125
9789027716132
9789027716149
9789027716156
9789027716163
9789027716170
9789027716187
9789027716194
9789027716200
9789027716217
9789027716224
9789027716231
9789027716248
9789027716255
9789027716262
9789027716279
9789027716286
9789027716293
9789027716309
9789027716316
9789027716323
9789027716330
9789027716347
9789027716354
9789027716361
9789027716378
9789027716385
9789027716392
9789027716408
9789027716415
9789027716422
9789027716439
9789027716446
9789027716453
9789027716460
9789027716477
9789027716484
9789027716491
9789027716507
9789027716514
9789027716521
9789027716538
9789027716545
9789027716552
9789027716569
9789027716576
9789027716590
9789027716606
9789027716613
9789027716620
9789027716637
9789027716644
9789027716651
9789027716668
9789027716675
9789027716682
9789027716699
9789027716705
9789027716712
9789027716729
9789027716736
9789027716743
9789027716750
9789027716767
9789027716781
9789027716798
9789027716804
9789027716811
9789027716828
9789027716835
9789027716842
9789027716859
9789027716866
9789027716880
9789027716910
9789027716927
9789027716934
9789027716965
9789027716972
9789027716989
9789027716996
9789027717009
9789027717016
9789027717023
9789027717030
9789027717047
9789027717054
9789027717061
9789027717078
9789027717085
9789027717092
9789027717108
9789027717115
9789027717122
9789027717146
9789027717153
9789027717160
9789027717191
9789027717214
9789027717221
9789027717238
9789027717245
9789027717252
9789027717269
9789027717276
9789027717283
9789027717290
9789027717313
9789027717320
9789027717344
9789027717351
9789027717368
9789027717375
9789027717382
9789027717399
9789027717405
9789027717412
9789027717429
9789027717436
9789027717443
9789027717450
9789027717481
9789027717498
9789027717504
9789027717511
9789027717528
9789027717535
9789027717542
9789027717559
9789027717566
9789027717573
9789027717580
9789027717597
9789027717603
9789027717610
9789027717627
9789027717634
9789027717641
9789027717658
9789027717665
9789027717689
9789027717696
9789027717702
9789027717719
9789027717726
9789027717733
9789027717740
9789027717757
9789027717764
9789027717788
9789027717795
9789027717801
9789027717818
9789027717825
9789027717832
9789027717849
9789027717863
9789027717870
9789027717887
9789027717894
9789027717900
9789027717917
9789027717924
9789027717931
9789027717948
9789027717962
9789027717979
9789027717986
9789027717993
9789027718006
9789027718013
9789027718020
9789027718037
9789027718044
9789027718051
9789027718068
9789027718075
9789027718082
9789027718099
9789027718105
9789027718112
9789027718129
9789027718136
9789027718150
9789027718167
9789027718174
9789027718181
9789027718198
9789027718204
9789027718211
9789027718242
9789027718259
9789027718266
9789027718273
9789027718280
9789027718297
9789027718303
9789027718310
9789027718327
9789027718334
9789027718341
9789027718358
9789027718372
9789027718389
9789027718396
9789027718402
9789027718419
9789027718433
9789027718440
9789027718457
9789027718464
9789027718471
9789027718488
9789027718495
9789027718501
9789027718518
9789027718532
9789027718556
9789027718563
9789027718570
9789027718587
9789027718594
9789027718600
9789027718624
9789027718631
9789027718648
9789027718655
9789027718662
9789027718679
9789027718686
9789027718693
9789027718709
9789027718716
9789027718723
9789027718730
9789027718747
9789027718754
9789027718778
9789027718785
9789027718792
9789027718808
9789027718815
9789027718822
9789027718839
9789027718846
9789027718860
9789027718877
9789027718891
9789027718921
9789027718938
9789027718945
9789027718952
9789027718969
9789027718983
9789027719003
9789027719010
9789027719027
9789027719034
9789027719058
9789027719065
9789027719072
9789027719089
9789027719096
9789027719119
9789027719126
9789027719133
9789027719140
9789027719157
9789027719171
9789027719188
9789027719195
9789027719201
9789027719218
9789027719232
9789027719256
9789027719263
9789027719270
9789027719287
9789027719294
9789027719300
9789027719348
9789027719355
9789027719362
9789027719379
9789027719393
9789027719409
9789027719416
9789027719423
9789027719430
9789027719447
9789027719454
9789027719461
9789027719478
9789027719485
9789027719492
9789027719508
9789027719515
9789027719539
9789027719553
9789027719577
9789027719607
9789027719614
9789027719621
9789027719638
9789027719652
9789027719669
9789027719676
9789027719683
9789027719690
9789027719706
9789027719713
9789027719737
9789027719744
9789027719751
9789027719768
9789027719775
9789027719812
9789027719829
9789027720016
9789027720023
9789027720030
9789027720047
9789027720054
9789027720061
9789027720078
9789027720085
9789027720092
9789027720108
9789027720139
9789027720146
9789027720153
9789027720160
9789027720177
9789027720184
9789027720207
9789027720214
9789027720221
9789027720238
9789027720245
9789027720252
9789027720276
9789027720382
9789027720399
9789027720405
9789027720412
9789027720429
9789027720436
9789027720467
9789027720474
9789027720481
9789027720498
9789027720504
9789027720511
9789027720528
9789027720535
9789027720542
9789027720559
9789027720566
9789027720573
9789027720580
9789027720603
9789027720610
9789027720627
9789027720634
9789027720641
9789027720658
9789027720665
9789027720672
9789027720689
9789027720696
9789027720719
9789027720726
9789027720733
9789027720740
9789027720757
9789027720764
9789027720771
9789027720788
9789027720795
9789027720801
9789027720818
9789027720832
9789027720849
9789027720856
9789027720887
9789027720894
9789027720924
9789027720931
9789027720948
9789027720955
9789027720962
9789027720979
9789027720986
9789027721013
9789027721020
9789027721037
9789027721044
9789027721051
9789027721068
9789027721075
9789027721082
9789027721105
9789027721112
9789027721129
9789027721136
9789027721143
9789027721150
9789027721167
9789027721174
9789027721181
9789027721198
9789027721204
9789027721228
9789027721235
9789027721242
9789027721259
9789027721266
9789027721273
9789027721280
9789027721297
9789027721303
9789027721310
9789027721334
9789027721358
9789027721365
9789027721372
9789027721389
9789027721396
9789027721402
9789027721419
9789027721426
9789027721440
9789027721457
9789027721464
9789027721471
9789027721495
9789027721501
9789027721518
9789027721525
9789027721532
9789027721549
9789027721556
9789027721563
9789027721570
9789027721587
9789027721594
9789027721600
9789027721617
9789027721624
9789027721631
9789027721648
9789027721655
9789027721662
9789027721679
9789027721686
9789027721693
9789027721709
9789027721716
9789027721723
9789027721730
9789027721747
9789027721754
9789027721761
9789027721778
9789027721785
9789027721792
9789027721808
9789027721815
9789027721822
9789027721839
9789027721846
9789027721853
9789027721860
9789027721877
9789027721884
9789027721891
9789027721907
9789027721914
9789027721921
9789027721938
9789027721945
9789027721952
9789027721969
9789027721976
9789027721983
9789027721990
9789027722003
9789027722010
9789027722027
9789027722034
9789027722041
9789027722058
9789027722065
9789027722072
9789027722089
9789027722096
9789027722102
9789027722119
9789027722126
9789027722133
9789027722140
9789027722188
9789027722195
9789027722201
9789027722218
9789027722232
9789027722249
9789027722256
9789027722270
9789027722287
9789027722294
9789027722317
9789027722324
9789027722331
9789027722355
9789027722362
9789027722379
9789027722386
9789027722409
9789027722423
9789027722430
9789027722447
9789027722454
9789027722461
9789027722478
9789027722492
9789027722515
9789027722539
9789027722546
9789027722553
9789027722577
9789027722584
9789027722591
9789027722607
9789027722614
9789027722621
9789027722638
9789027722645
9789027722669
9789027722676
9789027722683
9789027722690
9789027722706
9789027722713
9789027722720
9789027722737
9789027722744
9789027722751
9789027722768
9789027722775
9789027722782
9789027722812
9789027722836
9789027722850
9789027722867
9789027722874
9789027722904
9789027722911
9789027722935
9789027722942
9789027722959
9789027722966
9789027722973
9789027722980
9789027723000
9789027723017
9789027723024
9789027723031
9789027723048
9789027723055
9789027723062
9789027723079
9789027723086
9789027723109
9789027723116
9789027723123
9789027723130
9789027723147
9789027723154
9789027723161
9789027723178
9789027723185
9789027723192
9789027723208
9789027723215
9789027723222
9789027723246
9789027723253
9789027723260
9789027723277
9789027723284
9789027723291
9789027723307
9789027723321
9789027723338
9789027723345
9789027723352
9789027723369
9789027723376
9789027723383
9789027723390
9789027723406
9789027723413
9789027723420
9789027723437
9789027723444
9789027723451
9789027723468
9789027723499
9789027723505
9789027723512
9789027723529
9789027723536
9789027723543
9789027723567
9789027723574
9789027723598
9789027723604
9789027723611
9789027723628
9789027723635
9789027723642
9789027723659
9789027723680
9789027723697
9789027723703
9789027723710
9789027723758
9789027723765
9789027723772
9789027723789
9789027723796
9789027723802
9789027723819
9789027723826
9789027723833
9789027723840
9789027723857
9789027723864
9789027723888
9789027723895
9789027723901
9789027723918
9789027723925
9789027723932
9789027723949
9789027723956
9789027723963
9789027723970
9789027723987
9789027723994
9789027724007
9789027724014
9789027724021
9789027724038
9789027724052
9789027724069
9789027724083
9789027724090
9789027724106
9789027724113
9789027724120
9789027724137
9789027724144
9789027724168
9789027724175
9789027724182
9789027724199
9789027724205
9789027724212
9789027724229
9789027724236
9789027724243
9789027724267
9789027724274
9789027724281
9789027724298
9789027724304
9789027724311
9789027724328
9789027724335
9789027724342
9789027724359
9789027724366
9789027724373
9789027724380
9789027724397
9789027724403
9789027724410
9789027724434
9789027724441
9789027724465
9789027724472
9789027724489
9789027724496
9789027724502
9789027724519
9789027724526
9789027724533
9789027724540
9789027724557
9789027724564
9789027724571
9789027724588
9789027724595
9789027724601
9789027724618
9789027724625
9789027724632
9789027724649
9789027724656
9789027724663
9789027724670
9789027724687
9789027724694
9789027724700
9789027724724
9789027724731
9789027724748
9789027724755
9789027724762
9789027724779
9789027724786
9789027724793
9789027724809
9789027724823
9789027724830
9789027724847
9789027724854
9789027724861
9789027724878
9789027724885
9789027724892
9789027724922
9789027724953
9789027724960
9789027724984
9789027725011
9789027725028
9789027725059
9789027725066
9789027725073
9789027725080
9789027725103
9789027725110
9789027725127
9789027725134
9789027725141
9789027725158
9789027725165
9789027725172
9789027725189
9789027725196
9789027725202
9789027725219
9789027725226
9789027725233
9789027725240
9789027725257
9789027725264
9789027725271
9789027725288
9789027725295
9789027725318
9789027725325
9789027725332
9789027725356
9789027725363
9789027725370
9789027725387
9789027725394
9789027725400
9789027725417
9789027725424
9789027725448
9789027725455
9789027725462
9789027725479
9789027725486
9789027725493
9789027725509
9789027725516
9789027725523
9789027725530
9789027725547
9789027725554
9789027725561
9789027725578
9789027725585
9789027725592
9789027725615
9789027725622
9789027725639
9789027725646
9789027725653
9789027725660
9789027725677
9789027725684
9789027725691
9789027725707
9789027725714
9789027725721
9789027725738
9789027725745
9789027725752
9789027725769
9789027725776
9789027725790
9789027725806
9789027725813
9789027725820
9789027725837
9789027725844
9789027725851
9789027725868
9789027725875
9789027725899
9789027725905
9789027725912
9789027725929
9789027725936
9789027725943
9789027725950
9789027725967
9789027725974
9789027725981
9789027725998
9789027726001
9789027726018
9789027726025
9789027726032
9789027726049
9789027726056
9789027726070
9789027726087
9789027726094
9789027726100
9789027726117
9789027726124
9789027726131
9789027726148
9789027726155
9789027726162
9789027726179
9789027726186
9789027726193
9789027726209
9789027726230
9789027726247
9789027726261
9789027726278
9789027726285
9789027726292
9789027726308
9789027726315
9789027726322
9789027726339
9789027726346
9789027726353
9789027726360
9789027726377
9789027726384
9789027726391
9789027726407
9789027726414
9789027726438
9789027726445
9789027726452
9789027726476
9789027726483
9789027726490
9789027726506
9789027726513
9789027726520
9789027726537
9789027726544
9789027726551
9789027726568
9789027726575
9789027726582
9789027726599
9789027726605
9789027726612
9789027726629
9789027726636
9789027726650
9789027726667
9789027726681
9789027726698
9789027726704
9789027726711
9789027726728
9789027726735
9789027726742
9789027726766
9789027726773
9789027726780
9789027726797
9789027726803
9789027726810
9789027726827
9789027726858
9789027726865
9789027726872
9789027726889
9789027726896
9789027726902
9789027726940
9789027726957
9789027726964
9789027726971
9789027726988
9789027726995
9789027727015
9789027727022
9789027727039
9789027727046
9789027727053
9789027727060
9789027727077
9789027727084
9789027727091
9789027727107
9789027727114
9789027727121
9789027727138
9789027727145
9789027727152
9789027727169
9789027727176
9789027727190
9789027727206
9789027727213
9789027727220
9789027727244
9789027727251
9789027727268
9789027727282
9789027727299
9789027727305
9789027727312
9789027727329
9789027727336
9789027727350
9789027727367
9789027727374
9789027727381
9789027727398
9789027727404
9789027727428
9789027727435
9789027727442
9789027727459
9789027727466
9789027727473
9789027727480
9789027727497
9789027727503
9789027727527
9789027727534
9789027727541
9789027727558
9789027727565
9789027727572
9789027727589
9789027727602
9789027727619
9789027727626
9789027727633
9789027727640
9789027727657
9789027727664
9789027727671
9789027727688
9789027727695
9789027727701
9789027727718
9789027727725
9789027727732
9789027727749
9789027727756
9789027727770
9789027727787
9789027727794
9789027727800
9789027727817
9789027727824
9789027727831
9789027727848
9789027727855
9789027727862
9789027727879
9789027727886
9789027727893
9789027727909
9789027727916
9789027727923
9789027727930
9789027727947
9789027727954
9789027727961
9789027727978
9789027727985
9789027727992
9789027728005
9789027728012
9789027728029
9789027728036
9789027728043
9789027728050
9789027728067
9789027728074
9789027728081
9789027728098
9789027728104
9789027728111
9789027728128
9789027728135
9789027728142
9789027728173
9789027728180
9789027728197
9789027728203
9789027728210
9789027728227
9789027728234
9789027728241
9789027728265
9789027728272
9789027728296
9789027728302
9789027728319
9789027728326
9789027728333
9789027728340
9789027728357
9789027728364
9789027728371
9789027728388
9789027728395
9789027728401
9789027790040
9789027790057
9789027790217
9789027790224
9789027790231
9789027790262
9789027790309
9789027790330
9789027790347
9789027790392
9789027790422
9789027790439
9789027790446
9789027790453
9789027790477
9789027790484
9789027790507
9789027790538
9789027790545
9789027790552
9789027790569
9789027790576
9789027790736
9789027790859
9789027790866
9789027790873
9789027790880
9789027790897
9789027790903
9789027790910
9789027790927
9789027790934
9789027790941
9789027790958
9789027790965
9789027790972
9789027790989
9789027790996
9789027791009
9789027791016
9789027791023
9789027791030
9789027791047
9789027791054
9789027791061
9789027791078
9789027791085
9789027791092
9789027791108
9789027791115
9789027791122
9789027791139
9789027791146
9789027791153
9789027791160
9789027791177
9789027791184
9789027791191
9789027791207
9789027791214
9789027791221
9789027791238
9789027791245
9789027791252
9789027791269
9789027791276
9789027791283
9789027791290
9789027791306
9789027791313
9789027791320
9789027791337
9789027791344
9789027791351
9789027791368
9789027791375
9789027791382
9789027791399
9789027791405
9789027791412
9789027791429
9789027791436
9789027791443
9789027791450
9789027791467
9789027791474
9789027904508
9789027905123
9789027905192
9789027906694
9789027907004
9789027907011
9789027907073
9789027907110
9789027907172
9789027907196
9789027907226
9789027907271
9789027907295
9789027907349
9789027907370
9789027907431
9789027907448
9789027910622
9789027912442
9789027915283
9789027915528
9789027915597
9789027915610
9789027916006
9789027916020
9789027916136
9789027916259
9789027917140
9789027917584
9789027917676
9789027917898
9789027918413
9789027918437
9789027918444
9789027918451
9789027918482
9789027918499
9789027918512
9789027919151
9789027919175
9789027919199
9789027919694
9789027920034
9789027920072
9789027920485
9789027921031
9789027921055
9789027921147
9789027921734
9789027921758
9789027922397
9789027922991
9789027923103
9789027923233
9789027923240
9789027923288
9789027923585
9789027923943
9789027924070
9789027924179
9789027924285
9789027924308
9789027924322
9789027924353
9789027924452
9789027924490
9789027924667
9789027924803
9789027924865
9789027924896
9789027924957
9789027924988
9789027925077
9789027925350
9789027926302
9789027926593
9789027926685
9789027926739
9789027926807
9789027926821
9789027926838
9789027926890
9789027927088
9789027927095
9789027927170
9789027927200
9789027927248
9789027927255
9789027930026
9789027930040
9789027930071
9789027930095
9789027930200
9789027930231
9789027930262
9789027930293
9789027930316
9789027930385
9789027930422
9789027930453
9789027930491
9789027930606
9789027930699
9789027930712
9789027930774
9789027930798
9789027930811
9789027930897
9789027930903
9789027930965
9789027930989
9789027931047
9789027931061
9789027931160
9789027931207
9789027931221
9789027931283
9789027931344
9789027931436
9789027931481
9789027931559
9789027931566
9789027931603
9789027931641
9789027931696
9789027931702
9789027931740
9789027931801
9789027931870
9789027931917
9789027932051
9789027932112
9789027932198
9789027932211
9789027932228
9789027932273
9789027932396
9789027932426
9789027932495
9789027932501
9789027932518
9789027932525
9789027932587
9789027932594
9789027932600
9789027932662
9789027932686
9789027932754
9789027932778
9789027932792
9789027932938
9789027933041
9789027933096
9789027933133
9789027933195
9789027933232
9789027933249
9789027933256
9789027933294
9789027933454
9789027933478
9789027933485
9789027933492
9789027933522
9789027933584
9789027933591
9789027933645
9789027933676
9789027933751
9789027933812
9789027933836
9789027933942
9789027933997
9789027934093
9789027934130
9789027934239
9789027934314
9789027934437
9789027934475
9789027934482
9789027934611
9789027934734
9789027934819
9789027934833
9789027934895
9789027934918
9789027934949
9789027939432
9789027962270
9789027962843
9789027968821
9789027969132
9789027971678
9789027972286
9789027972859
9789027975010
9789027975096
9789027975102
9789027975201
9789027975225
9789027975300
9789027975317
9789027975393
9789027975423
9789027975492
9789027975508
9789027975522
9789027975577
9789027975607
9789027975621
9789027975676
9789027975690
9789027975799
9789027975805
9789027975898
9789027975904
9789027975911
9789027975997
9789027976000
9789027976017
9789027976024
9789027976048
9789027976062
9789027976093
9789027976109
9789027976123
9789027976192
9789027976208
9789027976222
9789027976239
9789027976291
9789027976307
9789027976376
9789027976390
9789027976406
9789027976475
9789027976499
9789027976505
9789027976512
9789027976598
9789027976604
9789027976697
9789027976703
9789027976802
9789027976819
9789027976864
9789027976901
9789027976994
9789027977007
9789027977052
9789027977069
9789027977106
9789027977113
9789027977144
9789027977168
9789027977175
9789027977205
9789027977274
9789027977298
9789027977304
9789027977366
9789027977373
9789027977397
9789027977403
9789027977410
9789027977434
9789027977441
9789027977472
9789027977496
9789027977502
9789027977564
9789027977588
9789027977595
9789027977601
9789027977625
9789027977649
9789027977694
9789027977700
9789027977748
9789027977762
9789027977779
9789027977793
9789027977809
9789027977823
9789027977892
9789027977908
9789027977915
9789027977984
9789027977991
9789027978004
9789027978097
9789027978103
9789027978110
9789027978141
9789027978202
9789027978288
9789027978295
9789027978301
9789027978349
9789027978363
9789027978400
9789027978448
9789027978493
9789027978509
9789027978592
9789027978608
9789027978646
9789027978660
9789027978691
9789027978707
9789027978769
9789027978783
9789027978790
9789027978806
9789027978868
9789027978899
9789027978905
9789027978967
9789027978998
9789027979001
9789027979025
9789027979032
9789027979049
9789027979063
9789027979094
9789027979100
9789027979162
9789027979186
9789027979193
9789027979209
9789027979261
9789027979278
9789027979292
9789027979322
9789027979360
9789027979391
9789027979407
9789027979438
9789027979469
9789027979490
9789027979582
9789027979599
9789027979698
9789027979711
9789027979773
9789027979797
9789027979872
9789027979933
9789027979971
9789028600072
9789028600157
9789028600171
9789028600256
9789028600355
9789028600362
9789028600386
9789028600454
9789028600461
9789028600508
9789028600522
9789028600546
9789028600614
9789028600652
9789028600669
9789028600751
9789028600775
9789028600867
9789028600928
9789028600959
9789028600973
9789028601048
9789028601062
9789028601161
9789028601185
9789028601369
9789028601444
9789028601451
9789028601567
9789028601581
9789028601680
9789028601871
9789028602052
9789028602076
9789028602106
9789028602311
9789028602335
9789028602366
9789028602410
9789028602441
9789028602496
9789028602526
9789028602533
9789028602540
9789028602618
9789028602717
9789028602793
9789028602861
9789028602892
9789028602915
9789028603011
9789028603110
9789028603141
9789028603509
9789028603523
9789028603592
9789028603684
9789028603820
9789028603905
9789028603929
9789028603936
9789028604025
9789028604049
9789028604124
9789028604162
9789028604179
9789028604193
9789028604209
9789028604223
9789028604247
9789028604261
9789028604278
9789028604322
9789028604360
9789028604377
9789028604384
9789028604421
9789028604445
9789028604452
9789028604520
9789028604537
9789028604551
9789028604599
9789028604629
9789028604728
9789028604742
9789028604759
9789028604797
9789028604827
9789028604865
9789028604926
9789028604957
9789028605008
9789028605022
9789028605060
9789028605091
9789028605121
9789028605152
9789028605220
9789028605251
9789028605305
9789028605329
9789028605350
9789028605381
9789028605428
9789028605435
9789028605497
9789028605527
9789028605534
9789028605626
9789028605633
9789028605695
9789028605725
9789028605732
9789028605787
9789028605800
9789028605824
9789028605886
9789028605909
9789028605923
9789028606005
9789028606029
9789028606036
9789028606050
9789028606067
9789028606128
9789028606227
9789028606302
9789028606326
9789028606333
9789028606401
9789028606425
9789028606432
9789028606524
9789028606623
9789028606692
9789028606722
9789028606821
9789028606883
9789028606906
9789028606920
9789028606975
9789028606999
9789028607026
9789028607125
9789028607194
9789028607224
9789028607293
9789028607309
9789028607323
9789028607422
9789028607521
9789028607583
9789028607590
9789028607606
9789028607620
9789028607729
9789028607804
9789028607828
9789028607927
9789028608023
9789028608085
9789028608122
9789028608221
9789028608320
9789028608429
9789028608528
9789028608603
9789028608627
9789028608726
9789028608801
9789028608825
9789028608900
9789028608924
9789028608986
9789028609006
9789028609020
9789028609129
9789028609228
9789028609303
9789028609327
9789028609402
9789028609426
9789028609501
9789028609525
9789028609624
9789028609709
9789028609723
9789028609808
9789028609822
9789028609884
9789028609907
9789028609921
9789028609983
9789028610026
9789028610088
9789028610125
9789028610187
9789028610200
9789028610224
9789028610286
9789028610309
9789028610323
9789028610422
9789028610521
9789028610620
9789028610729
9789028610828
9789028610927
9789028611023
9789028611122
9789028611221
9789028611320
9789028611429
9789028611528
9789028611627
9789028611726
9789028611825
9789028611924
9789028612020
9789028612129
9789028612228
9789028612327
9789028612426
9789028612525
9789028612624
9789028612723
9789028612822
9789028612921
9789028613027
9789028613126
9789028613225
9789028613324
9789028613423
9789028613522
9789028613621
9789028613720
9789028613829
9789028613928
9789028614024
9789028614123
9789028614222
9789028614321
9789028614420
9789028614529
9789028614628
9789028614727
9789028614826
9789028614925
9789028615021
9789028615120
9789028615229
9789028615328
9789028615427
9789028615526
9789028615625
9789028615724
9789028615823
9789028615922
9789028616028
9789028616127
9789028616226
9789028616325
9789028616424
9789028616523
9789028616622
9789028616721
9789028622319
9789028626416
9789028626515
9789028626614
9789028626911
9789028627215
9789028627314
9789028627710
9789028627819
9789028627918
9789028628519
9789028629417
9789029801010
9789029801027
9789029803007
9789029807005
9789029817004
9789029830010
9789029870177
9789031130023
9789031130047
9789031130221
9789031200894
9789031200993
9789031201037
9789031201662
9789031201679
9789031306688
9789031306947
9789031309931
9789031310098
9789031311378
9789031311521
9789031311866
9789031311934
9789031312283
9789031313150
9789031313419
9789031313983
9789031314805
9789031315291
9789031315680
9789031316205
9789031316861
9789031316922
9789031317080
9789031317097
9789031317912
9789031317929
9789031318247
9789031318490
9789031319626
9789031319886
9789031320165
9789031320325
9789031320349
9789031320424
9789031320943
9789031321032
9789031321254
9789031321377
9789031321490
9789031321759
9789031321841
9789031322015
9789031322022
9789031322299
9789031322732
9789031322756
9789031324330
9789031324453
9789031324477
9789031324804
9789031325009
9789031325245
9789031325429
9789031325627
9789031325719
9789031325764
9789031325771
9789031325788
9789031325818
9789031325894
9789031325917
9789031325924
9789031325931
9789031326761
9789031327430
9789031327454
9789031327690
9789031327805
9789031328147
9789031328154
9789031328161
9789031328192
9789031328444
9789031328451
9789031328536
9789031328543
9789031328550
9789031328666
9789031328758
9789031328789
9789031328901
9789031329014
9789031329427
9789031329489
9789031329502
9789031329601
9789031329625
9789031329670
9789031329786
9789031329939
9789031329946
9789031330010
9789031330249
9789031330324
9789031330423
9789031330591
9789031330607
9789031330744
9789031330928
9789031331215
9789031331222
9789031331246
9789031331314
9789031331512
9789031331536
9789031331598
9789031331680
9789031331703
9789031331901
9789031332007
9789031332120
9789031332144
9789031332175
9789031332229
9789031332304
9789031332632
9789031332694
9789031332823
9789031332878
9789031332991
9789031333035
9789031333134
9789031333738
9789031333899
9789031333943
9789031333950
9789031334131
9789031334155
9789031334216
9789031334308
9789031334537
9789031334605
9789031334889
9789031335169
9789031335183
9789031335206
9789031335220
9789031335244
9789031335282
9789031335305
9789031335329
9789031335367
9789031335640
9789031335671
9789031335770
9789031335831
9789031335848
9789031335862
9789031336036
9789031336074
9789031336173
9789031336180
9789031336326
9789031336340
9789031336388
9789031336401
9789031336418
9789031336494
9789031336500
9789031336524
9789031336531
9789031336548
9789031336579
9789031336913
9789031336975
9789031337170
9789031337255
9789031337477
9789031337484
9789031337699
9789031337743
9789031337927
9789031337934
9789031337965
9789031338177
9789031338207
9789031338221
9789031338238
9789031338245
9789031338269
9789031338276
9789031338368
9789031338412
9789031338467
9789031338474
9789031338740
9789031338757
9789031338870
9789031338924
9789031338979
9789031338993
9789031339051
9789031339105
9789031339235
9789031339433
9789031339471
9789031339662
9789031339785
9789031339853
9789031340002
9789031340040
9789031340101
9789031340316
9789031340545
9789031340743
9789031340774
9789031340828
9789031340897
9789031340989
9789031341245
9789031341443
9789031341542
9789031341559
9789031341566
9789031341832
9789031342075
9789031342082
9789031342167
9789031342327
9789031342402
9789031342457
9789031342518
9789031342556
9789031342600
9789031342648
9789031342655
9789031342792
9789031342822
9789031342884
9789031342952
9789031343188
9789031343195
9789031343324
9789031343355
9789031343362
9789031343393
9789031343409
9789031343461
9789031343492
9789031343515
9789031343560
9789031343607
9789031343690
9789031343744
9789031343751
9789031343775
9789031343799
9789031343812
9789031343881
9789031343904
9789031344093
9789031344406
9789031344468
9789031344543
9789031344567
9789031344574
9789031344581
9789031344604
9789031344611
9789031344659
9789031344666
9789031344710
9789031344796
9789031344826
9789031344840
9789031344932
9789031344987
9789031344994
9789031345014
9789031345083
9789031345106
9789031345175
9789031345182
9789031345205
9789031345212
9789031345274
9789031345281
9789031345403
9789031345441
9789031345656
9789031345670
9789031345717
9789031345731
9789031345755
9789031345779
9789031345786
9789031345830
9789031345847
9789031345885
9789031345892
9789031346059
9789031346134
9789031346158
9789031346165
9789031346172
9789031346219
9789031346240
9789031346257
9789031346301
9789031346325
9789031346349
9789031346356
9789031346370
9789031346400
9789031346417
9789031346455
9789031346462
9789031346530
9789031346547
9789031346554
9789031346585
9789031346622
9789031346639
9789031346646
9789031346653
9789031346677
9789031346684
9789031346790
9789031346806
9789031346813
9789031346820
9789031346851
9789031346899
9789031347032
9789031347209
9789031347254
9789031347261
9789031347278
9789031347285
9789031347308
9789031347322
9789031347339
9789031347346
9789031347377
9789031347407
9789031347414
9789031347452
9789031347476
9789031347490
9789031347520
9789031347537
9789031347636
9789031347674
9789031347711
9789031347742
9789031347766
9789031347780
9789031347957
9789031348008
9789031348039
9789031348121
9789031348220
9789031348251
9789031348268
9789031348275
9789031348329
9789031348398
9789031348473
9789031348497
9789031348589
9789031348626
9789031348640
9789031348657
9789031348664
9789031348671
9789031348749
9789031348763
9789031348800
9789031348817
9789031348893
9789031348909
9789031348916
9789031348930
9789031348947
9789031348961
9789031348978
9789031349326
9789031349340
9789031349357
9789031349371
9789031349449
9789031349487
9789031349494
9789031349500
9789031349517
9789031349531
9789031349548
9789031349654
9789031349678
9789031349692
9789031349739
9789031349746
9789031349876
9789031349906
9789031349975
9789031349982
9789031350063
9789031350087
9789031350094
9789031350148
9789031350179
9789031350223
9789031350247
9789031350254
9789031350339
9789031350360
9789031350377
9789031350384
9789031350391
9789031350407
9789031350414
9789031350421
9789031350438
9789031350445
9789031350452
9789031350476
9789031350490
9789031350513
9789031350520
9789031350575
9789031350582
9789031350599
9789031350605
9789031350681
9789031350698
9789031350728
9789031350735
9789031350834
9789031350841
9789031350940
9789031350964
9789031350995
9789031351084
9789031351107
9789031351169
9789031351176
9789031351220
9789031351237
9789031351282
9789031351299
9789031351329
9789031351428
9789031351435
9789031351459
9789031351527
9789031351541
9789031351565
9789031351589
9789031351596
9789031351619
9789031351640
9789031351657
9789031351664
9789031351701
9789031351718
9789031351749
9789031351770
9789031351787
9789031351800
9789031351855
9789031351862
9789031351879
9789031351930
9789031351961
9789031352012
9789031352029
9789031352043
9789031352050
9789031352067
9789031352104
9789031352142
9789031352159
9789031352173
9789031352197
9789031352203
9789031352210
9789031352234
9789031352241
9789031352258
9789031352272
9789031352289
9789031352296
9789031352302
9789031352333
9789031352340
9789031352388
9789031352418
9789031352449
9789031352456
9789031352463
9789031352470
9789031352487
9789031352494
9789031352500
9789031352517
9789031352524
9789031352531
9789031352548
9789031352555
9789031352562
9789031352630
9789031352661
9789031352715
9789031352722
9789031352739
9789031352883
9789031352890
9789031352906
9789031352944
9789031352968
9789031352975
9789031352982
9789031353033
9789031353040
9789031353057
9789031353064
9789031353088
9789031353095
9789031353101
9789031353118
9789031353125
9789031353149
9789031353156
9789031353224
9789031353231
9789031353248
9789031353262
9789031353279
9789031353286
9789031353323
9789031353361
9789031353385
9789031353392
9789031353460
9789031353538
9789031353729
9789031353774
9789031354290
9789031354429
9789031354504
9789031354962
9789031355044
9789031355075
9789031355433
9789031355440
9789031358922
9789031358939
9789031359042
9789031360086
9789031360093
9789031360109
9789031360123
9789031360130
9789031360192
9789031360208
9789031360215
9789031360321
9789031360352
9789031360475
9789031360482
9789031360512
9789031360598
9789031360796
9789031360857
9789031360864
9789031360895
9789031360918
9789031361069
9789031361120
9789031361175
9789031361267
9789031361298
9789031361380
9789031361427
9789031361434
9789031361465
9789031361502
9789031361519
9789031361526
9789031361564
9789031361571
9789031361595
9789031361601
9789031361618
9789031361625
9789031361663
9789031361694
9789031361717
9789031361724
9789031361786
9789031361809
9789031361816
9789031361823
9789031361878
9789031361885
9789031361892
9789031361908
9789031361915
9789031361922
9789031361939
9789031361946
9789031361953
9789031361960
9789031362004
9789031362011
9789031362059
9789031362066
9789031362165
9789031362240
9789031362257
9789031362288
9789031362295
9789031362301
9789031362318
9789031362370
9789031362387
9789031362400
9789031362424
9789031362516
9789031362523
9789031362547
9789031362721
9789031362745
9789031362837
9789031363247
9789031363254
9789031363315
9789031363322
9789031363384
9789031363414
9789031364459
9789031364473
9789031364497
9789031364527
9789031364534
9789031364718
9789031364732
9789031364756
9789031368730
9789031368754
9789031368785
9789031368815
9789031369218
9789031369270
9789031369416
9789031369614
9789031370139
9789031371990
9789031372027
9789031372058
9789031372089
9789031372225
9789031372348
9789031372379
9789031372409
9789031372430
9789031372461
9789031372683
9789031372690
9789031373000
9789031373048
9789031373277
9789031373512
9789031373536
9789031373550
9789031373574
9789031373697
9789031373710
9789031373765
9789031373789
9789031374250
9789031374274
9789031374304
9789031374328
9789031374397
9789031374519
9789031374717
9789031374731
9789031374755
9789031374779
9789031374793
9789031374816
9789031374946
9789031375158
9789031375172
9789031375219
9789031375233
9789031375356
9789031375790
9789031375837
9789031376001
9789031376070
9789031376094
9789031376117
9789031376230
9789031376292
9789031376315
9789031376339
9789031376353
9789031376377
9789031376391
9789031376476
9789031376490
9789031376513
9789031376544
9789031376568
9789031376575
9789031376605
9789031376629
9789031376643
9789031376667
9789031376681
9789031376728
9789031376735
9789031376773
9789031376803
9789031376902
9789031376919
9789031376933
9789031376940
9789031376964
9789031376988
9789031377008
9789031377022
9789031377046
9789031377060
9789031377084
9789031377107
9789031377121
9789031377145
9789031377169
9789031377176
9789031377190
9789031377220
9789031377251
9789031377503
9789031377541
9789031377565
9789031377589
9789031377602
9789031377640
9789031377664
9789031377671
9789031377695
9789031377718
9789031377732
9789031377756
9789031377794
9789031377824
9789031377848
9789031377862
9789031377886
9789031377909
9789031377923
9789031377947
9789031378012
9789031378036
9789031378098
9789031378159
9789031378197
9789031378210
9789031378319
9789031378333
9789031378357
9789031378371
9789031378395
9789031378418
9789031378432
9789031378470
9789031378494
9789031378715
9789031378739
9789031378845
9789031378869
9789031378883
9789031378906
9789031378920
9789031378944
9789031378968
9789031378982
9789031379002
9789031379026
9789031379040
9789031379064
9789031379071
9789031379101
9789031379125
9789031379149
9789031379163
9789031379187
9789031379200
9789031379224
9789031379248
9789031379262
9789031379286
9789031379415
9789031379491
9789031379514
9789031379675
9789031379804
9789031379842
9789031379866
9789031379880
9789031380077
9789031380664
9789031380688
9789031380701
9789031380787
9789031381104
9789031381203
9789031381227
9789031381296
9789031381524
9789031381678
9789031381708
9789031381821
9789031381852
9789031381883
9789031381913
9789031381944
9789031381975
9789031382033
9789031382156
9789031382248
9789031382279
9789031382309
9789031382354
9789031382385
9789031382446
9789031382514
9789031382545
9789031382606
9789031382637
9789031382668
9789031382699
9789031382729
9789031382828
9789031382880
9789031382910
9789031382941
9789031383061
9789031383092
9789031383252
9789031383313
9789031383344
9789031383443
9789031383559
9789031383603
9789031383764
9789031383863
9789031383955
9789031383979
9789031383993
9789031384013
9789031384235
9789031384525
9789031384570
9789031384594
9789031384655
9789031385423
9789031385485
9789031385522
9789031385560
9789031385621
9789031385645
9789031385683
9789031385751
9789031385775
9789031385799
9789031385843
9789031385867
9789031385881
9789031385904
9789031385928
9789031385942
9789031385966
9789031385980
9789031386024
9789031386116
9789031386185
9789031386222
9789031386307
9789031386352
9789031386567
9789031386604
9789031386673
9789031386703
9789031386741
9789031386833
9789031386857
9789031386871
9789031386895
9789031386956
9789031386994
9789031387014
9789031387083
9789031387168
9789031387281
9789031387304
9789031387328
9789031387380
9789031387427
9789031387472
9789031387496
9789031387557
9789031387571
9789031387595
9789031387618
9789031387649
9789031387687
9789031387816
9789031387991
9789031388172
9789031388219
9789031388233
9789031388257
9789031388288
9789031388400
9789031388424
9789031388462
9789031388486
9789031388547
9789031388660
9789031388707
9789031388912
9789031388974
9789031389018
9789031389049
9789031389131
9789031389155
9789031389209
9789031389346
9789031389490
9789031389681
9789031389704
9789031389742
9789031389940
9789031390021
9789031390229
9789031390298
9789031390311
9789031390533
9789031390557
9789031390656
9789031390717
9789031390816
9789031390847
9789031390861
9789031391233
9789031391264
9789031391288
9789031391349
9789031391387
9789031391424
9789031391448
9789031391462
9789031391486
9789031391523
9789031391547
9789031391561
9789031391585
9789031391608
9789031391622
9789031391639
9789031391653
9789031391677
9789031391707
9789031391745
9789031391769
9789031391806
9789031391820
9789031391844
9789031391868
9789031391882
9789031391905
9789031391929
9789031391943
9789031391967
9789031391981
9789031392049
9789031392063
9789031392100
9789031392124
9789031392223
9789031392247
9789031392261
9789031392285
9789031392308
9789031392322
9789031392629
9789031392643
9789031392667
9789031394111
9789031394203
9789031394227
9789031394241
9789031397419
9789031397457
9789031397471
9789031397495
9789031397518
9789031397532
9789031397556
9789031397969
9789031398003
9789031398027
9789031398041
9789031398065
9789031398089
9789031398102
9789031398249
9789031398263
9789031398317
9789031398355
9789031398416
9789031398461
9789031398485
9789031398539
9789031398553
9789031398584
9789031398621
9789031398645
9789031398683
9789031398744
9789031398768
9789031398812
9789031398836
9789031398898
9789031398911
9789031398935
9789031398973
9789031399017
9789031399031
9789031399055
9789031399093
9789031399116
9789031399147
9789031399192
9789031399215
9789031399239
9789031399253
9789031399277
9789031399376
9789031399406
9789031399420
9789031399475
9789031399512
9789031399536
9789031399550
9789031399574
9789031399598
9789031399628
9789031399642
9789031399666
9789031399703
9789031399727
9789031399741
9789031399789
9789031399826
9789031399840
9789031399888
9789031399901
9789031399994
9789031904938
9789033476266
9789036100328
9789036100359
9789036195072
9789036196369
9789036618878
9789036758857
9789036784290
9789036800228
9789036802277
9789036802291
9789036802321
9789036802345
9789036802369
9789036802383
9789036802413
9789036802475
9789036802512
9789036802536
9789036802574
9789036802598
9789036802642
9789036802666
9789036802680
9789036802765
9789036802826
9789036802840
9789036802864
9789036802901
9789036802925
9789036802949
9789036802987
9789036803007
9789036803021
9789036803045
9789036803069
9789036803236
9789036803274
9789036803298
9789036803311
9789036803335
9789036803373
9789036803397
9789036803410
9789036803434
9789036803458
9789036803472
9789036803496
9789036803533
9789036803557
9789036803595
9789036803618
9789036803632
9789036803656
9789036803670
9789036803724
9789036803748
9789036803762
9789036803786
9789036803809
9789036803823
9789036803847
9789036803861
9789036804004
9789036804080
9789036804165
9789036804189
9789036804202
9789036804226
9789036804264
9789036804288
9789036804301
9789036804325
9789036804356
9789036804370
9789036804394
9789036804417
9789036804462
9789036804486
9789036804523
9789036804547
9789036804585
9789036804646
9789036804684
9789036804707
9789036804721
9789036804806
9789036804820
9789036804844
9789036804868
9789036804882
9789036804905
9789036804929
9789036804943
9789036804967
9789036805018
9789036805117
9789036805131
9789036805155
9789036805193
9789036805278
9789036805292
9789036805414
9789036805438
9789036805452
9789036805476
9789036805537
9789036805551
9789036805599
9789036805612
9789036805674
9789036805698
9789036805735
9789036805759
9789036805797
9789036805810
9789036805834
9789036805872
9789036805896
9789036805919
9789036805933
9789036805957
9789036805988
9789036806022
9789036806046
9789036806077
9789036806091
9789036806138
9789036806176
9789036806213
9789036806251
9789036806275
9789036806343
9789036806367
9789036806381
9789036806404
9789036806442
9789036806480
9789036806527
9789036806589
9789036806602
9789036806626
9789036806695
9789036806718
9789036806862
9789036806886
9789036806909
9789036806923
9789036806947
9789036806961
9789036806985
9789036807005
9789036807029
9789036807043
9789036807067
9789036807081
9789036807128
9789036807197
9789036807241
9789036807265
9789036807401
9789036807425
9789036807449
9789036807463
9789036807487
9789036807500
9789036807517
9789036807531
9789036807562
9789036807586
9789036807609
9789036807616
9789036807630
9789036807654
9789036807678
9789036807685
9789036807715
9789036807890
9789036807913
9789036807937
9789036808194
9789036808231
9789036808255
9789036808279
9789036808293
9789036808316
9789036808330
9789036808354
9789036808378
9789036808392
9789036808415
9789036808439
9789036808453
9789036808477
9789036808491
9789036808514
9789036808521
9789036808545
9789036808569
9789036808583
9789036808620
9789036808644
9789036808668
9789036808682
9789036808705
9789036808743
9789036808767
9789036808781
9789036808804
9789036808828
9789036808842
9789036808866
9789036808903
9789036808927
9789036808972
9789036808996
9789036809016
9789036809030
9789036809047
9789036809061
9789036809092
9789036809115
9789036809139
9789036809160
9789036809207
9789036809245
9789036809269
9789036809283
9789036809320
9789036809344
9789036809382
9789036809399
9789036809443
9789036809467
9789036809481
9789036809504
9789036809528
9789036809542
9789036809566
9789036809580
9789036809603
9789036809627
9789036809641
9789036809658
9789036809672
9789036809696
9789036809719
9789036809733
9789036809757
9789036809771
9789036809795
9789036809818
9789036809832
9789036809887
9789036809900
9789036810005
9789036810029
9789036810043
9789036810067
9789036810104
9789036810128
9789036810166
9789036810180
9789036810227
9789036810241
9789036810296
9789036810319
9789036810333
9789036810357
9789036810371
9789036810401
9789036810425
9789036810449
9789036810463
9789036810487
9789036810500
9789036810524
9789036810555
9789036810593
9789036810616
9789036810630
9789036810654
9789036810678
9789036810685
9789036810708
9789036810722
9789036810746
9789036810760
9789036810814
9789036810838
9789036810890
9789036810913
9789036810937
9789036810982
9789036811019
9789036811033
9789036811057
9789036811088
9789036811101
9789036811125
9789036811149
9789036811163
9789036811187
9789036811217
9789036811224
9789036811248
9789036811262
9789036811286
9789036811309
9789036811323
9789036811385
9789036811453
9789036811460
9789036811484
9789036811507
9789036811521
9789036811545
9789036811552
9789036811576
9789036811583
9789036811620
9789036811644
9789036811668
9789036811682
9789036811705
9789036811729
9789036811743
9789036811828
9789036811880
9789036811972
9789036811996
9789036812030
9789036812085
9789036812115
9789036812153
9789036812177
9789036812191
9789036812214
9789036812238
9789036812252
9789036812276
9789036812290
9789036812313
9789036812337
9789036812351
9789036812375
9789036812399
9789036812412
9789036812429
9789036812443
9789036812467
9789036812511
9789036812535
9789036812542
9789036812566
9789036812580
9789036812603
9789036812627
9789036812641
9789036812665
9789036812689
9789036812702
9789036812726
9789036812757
9789036812771
9789036812795
9789036812818
9789036812832
9789036812856
9789036812887
9789036812900
9789036812979
9789036812993
9789036813013
9789036813037
9789036813051
9789036813075
9789036813099
9789036813136
9789036813150
9789036813198
9789036813211
9789036813259
9789036813273
9789036813334
9789036813358
9789036813372
9789036813396
9789036813419
9789036813433
9789036813457
9789036813471
9789036813495
9789036813518
9789036813556
9789036813570
9789036813594
9789036813631
9789036813655
9789036813679
9789036813693
9789036813730
9789036813754
9789036813778
9789036813792
9789036813815
9789036813839
9789036813853
9789036813877
9789036813891
9789036813914
9789036813938
9789036813952
9789036813976
9789036814010
9789036814034
9789036814041
9789036814065
9789036814072
9789036814102
9789036814126
9789036814133
9789036814195
9789036814232
9789036814256
9789036814270
9789036814294
9789036814317
9789036814331
9789036814355
9789036814379
9789036814393
9789036814416
9789036814485
9789036814508
9789036814522
9789036814546
9789036814560
9789036814584
9789036814621
9789036814645
9789036814669
9789036814683
9789036814706
9789036814720
9789036814744
9789036814768
9789036814805
9789036814843
9789036814867
9789036814881
9789036814904
9789036814942
9789036814966
9789036815048
9789036815062
9789036815161
9789036815208
9789036815215
9789036815253
9789036815291
9789036815314
9789036815338
9789036815406
9789036815420
9789036815444
9789036815468
9789036815529
9789036815550
9789036815673
9789036815758
9789036815772
9789036815796
9789036815833
9789036815871
9789036815895
9789036815970
9789036816052
9789036816083
9789036816304
9789036816328
9789036816427
9789036816458
9789036816489
9789036816496
9789036816519
9789036816533
9789036816557
9789036816571
9789036816618
9789036816632
9789036816663
9789036816694
9789036816724
9789036816755
9789036816809
9789036816830
9789036816861
9789036816885
9789036816908
9789036816953
9789036816991
9789036817035
9789036817059
9789036817073
9789036817097
9789036817110
9789036817134
9789036817158
9789036817165
9789036817189
9789036817226
9789036817233
9789036817257
9789036817271
9789036817288
9789036817295
9789036817318
9789036817332
9789036817387
9789036817400
9789036817431
9789036817455
9789036817479
9789036817493
9789036817516
9789036817530
9789037600117
9789037700497
9789037700626
9789037700824
9789037701838
9789037702118
9789037702156
9789037702170
9789037702187
9789037702712
9789037703023
9789037703030
9789037703450
9789037703801
9789037703863
9789037703924
9789037704662
9789037704723
9789037704877
9789037705454
9789037705522
9789037705539
9789037705690
9789037705805
9789037705843
9789037706055
9789037706062
9789037706499
9789037706505
9789037706802
9789037706819
9789037706994
9789037707410
9789037707717
9789037707755
9789037707861
9789038210575
9789038210827
9789038215310
9789038215358
9789038215624
9789038217222
9789038218267
9789038218724
9789038218915
9789038220031
9789038220147
9789038220154
9789038221021
9789038221038
9789038222202
9789038222547
9789038224046
9789038224824
9789038225258
9789038225265
9789038225395
9789038225685
9789038225968
9789038225975
9789038226231
9789038637761
9789038923888
9789038924151
9789039000021
9789039000038
9789039000045
9789039000113
9789039000137
9789039000144
9789039000151
9789039000168
9789039000229
9789039000236
9789039000243
9789039000250
9789039000311
9789039000410
9789039000427
9789039000434
9789039000441
9789039000458
9789039000465
9789039000472
9789039000489
9789039000496
9789039000618
9789039000632
9789039001011
9789039001042
9789039001059
9789039001110
9789039001127
9789039001134
9789039001165
9789039001240
9789039001318
9789039001325
9789039001332
9789039001349
9789039001431
9789039001516
9789039001615
9789039001738
9789039001813
9789039001912
9789039002018
9789039002025
9789039002032
9789039002049
9789039002056
9789039002070
9789039002094
9789039002117
9789039002124
9789039002131
9789039002155
9789039002216
9789039002223
9789039002230
9789039002247
9789039002414
9789039002421
9789039002513
9789039002629
9789039002711
9789039002728
9789039002735
9789039003015
9789039004012
9789039004029
9789039004036
9789039004043
9789039004128
9789039004210
9789039004319
9789039004418
9789039004616
9789039005118
9789039005200
9789039005316
9789039006016
9789039006115
9789040003585
9789040003608
9789040003615
9789040007149
9789040007286
9789040007385
9789040076831
9789040077241
9789040077678
9789040078019
9789040078071
9789040078088
9789040078118
9789040081637
9789040082221
9789040082580
9789040082955
9789040082993
9789040083488
9789040083877
9789040084188
9789040084300
9789040085208
9789040085581
9789040085895
9789040089091
9789040089688
9789040090523
9789040090813
9789040091094
9789040094682
9789040096037
9789040096679
9789040714818
9789040717550
9789040720734
9789040722851
9789040722974
9789040723179
9789040725517
9789040725609
9789040725708
9789040725838
9789040725937
9789040725975
9789040726217
9789041100085
9789041100153
9789041100269
9789041100290
9789041100306
9789041100320
9789041100337
9789041100344
9789041100351
9789041100375
9789041100382
9789041100412
9789041100429
9789041100436
9789041100467
9789041100634
9789041100641
9789041100658
9789041100689
9789041100702
9789041100719
9789041100726
9789041100733
9789041100740
9789041100771
9789041100795
9789041100801
9789041100832
9789041100849
9789041100856
9789041100863
9789041100870
9789041100887
9789041100894
9789041100900
9789041100917
9789041100931
9789041100948
9789041100962
9789041100986
9789041100993
9789041101006
9789041101020
9789041101037
9789041101044
9789041101051
9789041101068
9789041101075
9789041101105
9789041101112
9789041101129
9789041101136
9789041101150
9789041101181
9789041101198
9789041101204
9789041101228
9789041101235
9789041101242
9789041101259
9789041101273
9789041101297
9789041101303
9789041101310
9789041101334
9789041101341
9789041101389
9789041101396
9789041101419
9789041101426
9789041101433
9789041101440
9789041101457
9789041101464
9789041101488
9789041101495
9789041101501
9789041101518
9789041101525
9789041101532
9789041101549
9789041101556
9789041101563
9789041101570
9789041101587
9789041101594
9789041101617
9789041101624
9789041101648
9789041101655
9789041101662
9789041101686
9789041101693
9789041101709
9789041101730
9789041101747
9789041101761
9789041101778
9789041101822
9789041101846
9789041101860
9789041101877
9789041101907
9789041101921
9789041101938
9789041101945
9789041101952
9789041101969
9789041101983
9789041102003
9789041102010
9789041102027
9789041102041
9789041102058
9789041102065
9789041102072
9789041102089
9789041102102
9789041102119
9789041102126
9789041102171
9789041102201
9789041102232
9789041102249
9789041102263
9789041102270
9789041102294
9789041102300
9789041102317
9789041102324
9789041102355
9789041102362
9789041102379
9789041102409
9789041102416
9789041102430
9789041102447
9789041102454
9789041102461
9789041102478
9789041102485
9789041102539
9789041102546
9789041102553
9789041102560
9789041102577
9789041102584
9789041102591
9789041102607
9789041102614
9789041102621
9789041102638
9789041102652
9789041102669
9789041102676
9789041102683
9789041102690
9789041102706
9789041102713
9789041102737
9789041102744
9789041102751
9789041102782
9789041102799
9789041102805
9789041102829
9789041102836
9789041102850
9789041102867
9789041102881
9789041102904
9789041102911
9789041102935
9789041102966
9789041102973
9789041102980
9789041102997
9789041103024
9789041103062
9789041103079
9789041103086
9789041103093
9789041103109
9789041103116
9789041103123
9789041103147
9789041103161
9789041103178
9789041103185
9789041103192
9789041103208
9789041103222
9789041103246
9789041103253
9789041103260
9789041103338
9789041103345
9789041103376
9789041103406
9789041103413
9789041103420
9789041103444
9789041103451
9789041103468
9789041103475
9789041103482
9789041103505
9789041103543
9789041103550
9789041103567
9789041103574
9789041103598
9789041103604
9789041103611
9789041103628
9789041103642
9789041103659
9789041103673
9789041103703
9789041103727
9789041103758
9789041103772
9789041103802
9789041103819
9789041103826
9789041103840
9789041103857
9789041103888
9789041103895
9789041103901
9789041103932
9789041103949
9789041103970
9789041103987
9789041103994
9789041104014
9789041104021
9789041104076
9789041104090
9789041104113
9789041104120
9789041104137
9789041104144
9789041104168
9789041104175
9789041104182
9789041104199
9789041104205
9789041104212
9789041104236
9789041104243
9789041104304
9789041104328
9789041104335
9789041104359
9789041104373
9789041104397
9789041104403
9789041104410
9789041104434
9789041104441
9789041104458
9789041104465
9789041104472
9789041104489
9789041104526
9789041104533
9789041104540
9789041104557
9789041104571
9789041104588
9789041104595
9789041104601
9789041104618
9789041104625
9789041104656
9789041104663
9789041104670
9789041104687
9789041104694
9789041104717
9789041104724
9789041104748
9789041104755
9789041104762
9789041104779
9789041104809
9789041104823
9789041104830
9789041104861
9789041104885
9789041104892
9789041104908
9789041104922
9789041104960
9789041104977
9789041104984
9789041104991
9789041105004
9789041105011
9789041105028
9789041105035
9789041105042
9789041105059
9789041105066
9789041105073
9789041105110
9789041105127
9789041105134
9789041105141
9789041105165
9789041105172
9789041105189
9789041105196
9789041105202
9789041105219
9789041105233
9789041105240
9789041105264
9789041105271
9789041105295
9789041105301
9789041105318
9789041105325
9789041105332
9789041105349
9789041105363
9789041105370
9789041105387
9789041105394
9789041105400
9789041105424
9789041105431
9789041105448
9789041105462
9789041105486
9789041105554
9789041105578
9789041105585
9789041105608
9789041105639
9789041105646
9789041105660
9789041105677
9789041105691
9789041105707
9789041105714
9789041105745
9789041105752
9789041105769
9789041105783
9789041105813
9789041105820
9789041105837
9789041105851
9789041105882
9789041105905
9789041105929
9789041105936
9789041105943
9789041105974
9789041105998
9789041106001
9789041106025
9789041106063
9789041106070
9789041106117
9789041106131
9789041106155
9789041106179
9789041106186
9789041106216
9789041106247
9789041106254
9789041106278
9789041106285
9789041106322
9789041106346
9789041106353
9789041106360
9789041106377
9789041106407
9789041106414
9789041106438
9789041106452
9789041106469
9789041106476
9789041106490
9789041106520
9789041106575
9789041106599
9789041106612
9789041106674
9789041106728
9789041106759
9789041106803
9789041106841
9789041106858
9789041106865
9789041106933
9789041106940
9789041106988
9789041106995
9789041107008
9789041107015
9789041107022
9789041107039
9789041107046
9789041107053
9789041107060
9789041107091
9789041107121
9789041107145
9789041107183
9789041107190
9789041107213
9789041107220
9789041107237
9789041107244
9789041107268
9789041107282
9789041107299
9789041107329
9789041107336
9789041107367
9789041107374
9789041107381
9789041107404
9789041107435
9789041107442
9789041107473
9789041107480
9789041107497
9789041107503
9789041107756
9789041108517
9789041108531
9789041108555
9789041108579
9789041108609
9789041108623
9789041108630
9789041108647
9789041108654
9789041108661
9789041108678
9789041108685
9789041108715
9789041108722
9789041108753
9789041108777
9789041108784
9789041108807
9789041108838
9789041108845
9789041108869
9789041108883
9789041108913
9789041108968
9789041108982
9789041108999
9789041109026
9789041109064
9789041109071
9789041109095
9789041109132
9789041109156
9789041109187
9789041109194
9789041109217
9789041109255
9789041109262
9789041109286
9789041109293
9789041109309
9789041109323
9789041109330
9789041109385
9789041109392
9789041109408
9789041109415
9789041109439
9789041109460
9789041109484
9789041109491
9789041109507
9789041109545
9789041109644
9789041109668
9789041109675
9789041109682
9789041109712
9789041109736
9789041109774
9789041109804
9789041109835
9789041109873
9789041109903
9789041109927
9789041109934
9789041109989
9789041109996
9789041110008
9789041110015
9789041110046
9789041110053
9789041110060
9789041110077
9789041110091
9789041110114
9789041110121
9789041110138
9789041110152
9789041110169
9789041110183
9789041110190
9789041110206
9789041110213
9789041110220
9789041110244
9789041110251
9789041110275
9789041110282
9789041110299
9789041110305
9789041110343
9789041110367
9789041110374
9789041110381
9789041110398
9789041110404
9789041110442
9789041110459
9789041110466
9789041110473
9789041110541
9789041110558
9789041110565
9789041110589
9789041110602
9789041110619
9789041110626
9789041110633
9789041110640
9789041110657
9789041110664
9789041110671
9789041110688
9789041110695
9789041110701
9789041110732
9789041110749
9789041110756
9789041110763
9789041110800
9789041110824
9789041110831
9789041110855
9789041110862
9789041110879
9789041110886
9789041110893
9789041110916
9789041110923
9789041110954
9789041110961
9789041110985
9789041110992
9789041111005
9789041111036
9789041111050
9789041111098
9789041111104
9789041111111
9789041111128
9789041111135
9789041111159
9789041111166
9789041111197
9789041111227
9789041111234
9789041111241
9789041111258
9789041111265
9789041111272
9789041111289
9789041111296
9789041111302
9789041111319
9789041111357
9789041111364
9789041111371
9789041111388
9789041111395
9789041111401
9789041111418
9789041111425
9789041111432
9789041111449
9789041111456
9789041111463
9789041111470
9789041111487
9789041111500
9789041111517
9789041111524
9789041111531
9789041111548
9789041111555
9789041111562
9789041111609
9789041111616
9789041111623
9789041111654
9789041111661
9789041111678
9789041111685
9789041111692
9789041111722
9789041111760
9789041111784
9789041111791
9789041111807
9789041111814
9789041111821
9789041111845
9789041111852
9789041111890
9789041111913
9789041111937
9789041111944
9789041111975
9789041111982
9789041112002
9789041112033
9789041112040
9789041112057
9789041112088
9789041112101
9789041112125
9789041112132
9789041112149
9789041112156
9789041112170
9789041112187
9789041112194
9789041112217
9789041112224
9789041112231
9789041112255
9789041112279
9789041112286
9789041112293
9789041112316
9789041112330
9789041112347
9789041112354
9789041112361
9789041112378
9789041112385
9789041112392
9789041112408
9789041112415
9789041112422
9789041112446
9789041112453
9789041112460
9789041112477
9789041112484
9789041112491
9789041112507
9789041112514
9789041112521
9789041112538
9789041112545
9789041112569
9789041112620
9789041112637
9789041112644
9789041112651
9789041112668
9789041112682
9789041112699
9789041112705
9789041112736
9789041112743
9789041112750
9789041112774
9789041112781
9789041112798
9789041112804
9789041112811
9789041112859
9789041112880
9789041112897
9789041112910
9789041112927
9789041112934
9789041112958
9789041112972
9789041112989
9789041113009
9789041113016
9789041113047
9789041113054
9789041113061
9789041113078
9789041113092
9789041113108
9789041113115
9789041113139
9789041113146
9789041113153
9789041113160
9789041113177
9789041113184
9789041113191
9789041113207
9789041113214
9789041113221
9789041113238
9789041113283
9789041113290
9789041113313
9789041113320
9789041113337
9789041113351
9789041113368
9789041113375
9789041113412
9789041113429
9789041113436
9789041113443
9789041113450
9789041113467
9789041113481
9789041113498
9789041113504
9789041113528
9789041113535
9789041113542
9789041113559
9789041113566
9789041113580
9789041113597
9789041113603
9789041113627
9789041113634
9789041113641
9789041113658
9789041113672
9789041113689
9789041113696
9789041113702
9789041113719
9789041113726
9789041113757
9789041113764
9789041113771
9789041113788
9789041113795
9789041113818
9789041113825
9789041113832
9789041113863
9789041113870
9789041113887
9789041113900
9789041113924
9789041113931
9789041113948
9789041113955
9789041113962
9789041113979
9789041113986
9789041113993
9789041114006
9789041114013
9789041114020
9789041114037
9789041114044
9789041114068
9789041114075
9789041114082
9789041114099
9789041114105
9789041114112
9789041114129
9789041114136
9789041114150
9789041114181
9789041114204
9789041114211
9789041114235
9789041114242
9789041114266
9789041114273
9789041114310
9789041114327
9789041114334
9789041114341
9789041114358
9789041114365
9789041114389
9789041114396
9789041114402
9789041114426
9789041114471
9789041114488
9789041114501
9789041114518
9789041114525
9789041114563
9789041114587
9789041114631
9789041114662
9789041114679
9789041114693
9789041114709
9789041114716
9789041114723
9789041114747
9789041114761
9789041114778
9789041114785
9789041114792
9789041114808
9789041114815
9789041114822
9789041114846
9789041114853
9789041114860
9789041114877
9789041114884
9789041114891
9789041114907
9789041114914
9789041114921
9789041114938
9789041114945
9789041114952
9789041114983
9789041114990
9789041115003
9789041115010
9789041115027
9789041115034
9789041115041
9789041115058
9789041115089
9789041115102
9789041115171
9789041115188
9789041115218
9789041115225
9789041115232
9789041115256
9789041115263
9789041115270
9789041115300
9789041115324
9789041115331
9789041115348
9789041115355
9789041115362
9789041115379
9789041115386
9789041115393
9789041115409
9789041115416
9789041115423
9789041115430
9789041115461
9789041115485
9789041115508
9789041115515
9789041115522
9789041115539
9789041115553
9789041115584
9789041115607
9789041115614
9789041115621
9789041115638
9789041115645
9789041115713
9789041115720
9789041115751
9789041115768
9789041115775
9789041115782
9789041115799
9789041115805
9789041115812
9789041115829
9789041115836
9789041115850
9789041115867
9789041115874
9789041115881
9789041115904
9789041115911
9789041115935
9789041115942
9789041115959
9789041115980
9789041116000
9789041116017
9789041116024
9789041116048
9789041116055
9789041116062
9789041116079
9789041116086
9789041116093
9789041116109
9789041116116
9789041116123
9789041116147
9789041116154
9789041116185
9789041116192
9789041116208
9789041116222
9789041116239
9789041116246
9789041116260
9789041116277
9789041116291
9789041116307
9789041116314
9789041116338
9789041116383
9789041116390
9789041116406
9789041116413
9789041116437
9789041116444
9789041116451
9789041116475
9789041116482
9789041116499
9789041116505
9789041116512
9789041116529
9789041116536
9789041116543
9789041116550
9789041116567
9789041116574
9789041116598
9789041116604
9789041116611
9789041116628
9789041116642
9789041116659
9789041116666
9789041116680
9789041116697
9789041116703
9789041116710
9789041116727
9789041116734
9789041116741
9789041116758
9789041116765
9789041116772
9789041116789
9789041116796
9789041116802
9789041116819
9789041116826
9789041116857
9789041116895
9789041116918
9789041116925
9789041116949
9789041116956
9789041116963
9789041116970
9789041116987
9789041117014
9789041117021
9789041117045
9789041117052
9789041117076
9789041117090
9789041117106
9789041117113
9789041117120
9789041117137
9789041117144
9789041117151
9789041117175
9789041117182
9789041117199
9789041117205
9789041117229
9789041117236
9789041117243
9789041117267
9789041117281
9789041117298
9789041117304
9789041117311
9789041117328
9789041117335
9789041117342
9789041117359
9789041117366
9789041117373
9789041117397
9789041117403
9789041117410
9789041117427
9789041117434
9789041117465
9789041117472
9789041117489
9789041117496
9789041117502
9789041117519
9789041117526
9789041117533
9789041117540
9789041117571
9789041117588
9789041117595
9789041117601
9789041117618
9789041117625
9789041117632
9789041117649
9789041117663
9789041117670
9789041117687
9789041117694
9789041117700
9789041117717
9789041117724
9789041117731
9789041117748
9789041117755
9789041117762
9789041117786
9789041117793
9789041117809
9789041117816
9789041117830
9789041117861
9789041117878
9789041117892
9789041117908
9789041117915
9789041117922
9789041117953
9789041117960
9789041117991
9789041118004
9789041118011
9789041118028
9789041118059
9789041118066
9789041118110
9789041118127
9789041118134
9789041118158
9789041118165
9789041118172
9789041118189
9789041118196
9789041118202
9789041118219
9789041118226
9789041118233
9789041118240
9789041118264
9789041118271
9789041118325
9789041118332
9789041118349
9789041118356
9789041118363
9789041118387
9789041118400
9789041118417
9789041118431
9789041118448
9789041118455
9789041118479
9789041118493
9789041118509
9789041118516
9789041118523
9789041118530
9789041118547
9789041118554
9789041118561
9789041118578
9789041118585
9789041118592
9789041118608
9789041118615
9789041118622
9789041118639
9789041118646
9789041118660
9789041118677
9789041118707
9789041118714
9789041118721
9789041118738
9789041118745
9789041118752
9789041118769
9789041118783
9789041118790
9789041118806
9789041118813
9789041118820
9789041118837
9789041118844
9789041118851
9789041118868
9789041118875
9789041118882
9789041118899
9789041118905
9789041118929
9789041118936
9789041118950
9789041118967
9789041118974
9789041118981
9789041119018
9789041119049
9789041119056
9789041119070
9789041119087
9789041119094
9789041119100
9789041119117
9789041119124
9789041119148
9789041119162
9789041119179
9789041119193
9789041119209
9789041119216
9789041119223
9789041119230
9789041119254
9789041119261
9789041119315
9789041119322
9789041119339
9789041119353
9789041119360
9789041119377
9789041119414
9789041119421
9789041119469
9789041119476
9789041119483
9789041119490
9789041119506
9789041119513
9789041119520
9789041119537
9789041119544
9789041119568
9789041119575
9789041119582
9789041119599
9789041119605
9789041119612
9789041119629
9789041119643
9789041119650
9789041119667
9789041119674
9789041119681
9789041119698
9789041119711
9789041119728
9789041119742
9789041119759
9789041119766
9789041119773
9789041119780
9789041119797
9789041119803
9789041119810
9789041119827
9789041119834
9789041119865
9789041119872
9789041119902
9789041119919
9789041119926
9789041119940
9789041119957
9789041119964
9789041119971
9789041119988
9789041120007
9789041120014
9789041120021
9789041120038
9789041120083
9789041120090
9789041120106
9789041120113
9789041120120
9789041120137
9789041120144
9789041120151
9789041120168
9789041120212
9789041120229
9789041120250
9789041120267
9789041120274
9789041120281
9789041120298
9789041120304
9789041120311
9789041120540
9789041120564
9789041120571
9789041120588
9789041120601
9789041120618
9789041120632
9789041120649
9789041120663
9789041120670
9789041120687
9789041120694
9789041120717
9789041120816
9789041120854
9789041120878
9789041120892
9789041120984
9789041121004
9789041121066
9789041121103
9789041121127
9789041121141
9789041121165
9789041121172
9789041121240
9789041121288
9789041121295
9789041121318
9789041121332
9789041121356
9789041121370
9789041121417
9789041121462
9789041121486
9789041121516
9789041121585
9789041121592
9789041121608
9789041121639
9789041121653
9789041121660
9789041121769
9789041121776
9789041121813
9789041121851
9789041121882
9789041121905
9789041121912
9789041121929
9789041121943
9789041121998
9789041122001
9789041122018
9789041122025
9789041122032
9789041122063
9789041122070
9789041122117
9789041122124
9789041122131
9789041122148
9789041122162
9789041122179
9789041122193
9789041122209
9789041122216
9789041122223
9789041122230
9789041122247
9789041122261
9789041122278
9789041122285
9789041122308
9789041122315
9789041122322
9789041122339
9789041122346
9789041122360
9789041122384
9789041122391
9789041122414
9789041122476
9789041122490
9789041122506
9789041122513
9789041122520
9789041122537
9789041122568
9789041122575
9789041122599
9789041122605
9789041122612
9789041122650
9789041122667
9789041122674
9789041122681
9789041122728
9789041122735
9789041122759
9789041122766
9789041122797
9789041122810
9789041122827
9789041122841
9789041122858
9789041122865
9789041122872
9789041122889
9789041122926
9789041122933
9789041122964
9789041122988
9789041123015
9789041123039
9789041123046
9789041123053
9789041123060
9789041123077
9789041123107
9789041123121
9789041123152
9789041123183
9789041123190
9789041123206
9789041123220
9789041123237
9789041123251
9789041123268
9789041123275
9789041123282
9789041123299
9789041123305
9789041123312
9789041123374
9789041123381
9789041123398
9789041123404
9789041123411
9789041123428
9789041123442
9789041123459
9789041123473
9789041123480
9789041123497
9789041123510
9789041123527
9789041123534
9789041123565
9789041123619
9789041123626
9789041123633
9789041123640
9789041123664
9789041123688
9789041123695
9789041123701
9789041123718
9789041123725
9789041123756
9789041123763
9789041123770
9789041123787
9789041123800
9789041123817
9789041123855
9789041123879
9789041123886
9789041123893
9789041123930
9789041123954
9789041123985
9789041123992
9789041124029
9789041124036
9789041124043
9789041124050
9789041124074
9789041124104
9789041124142
9789041124166
9789041124197
9789041124203
9789041124210
9789041124227
9789041124234
9789041124258
9789041124265
9789041124272
9789041124289
9789041124302
9789041124319
9789041124326
9789041124333
9789041124357
9789041124364
9789041124371
9789041124395
9789041124401
9789041124425
9789041124456
9789041124463
9789041124470
9789041124487
9789041124500
9789041124517
9789041124524
9789041124531
9789041124555
9789041124562
9789041124609
9789041124616
9789041124623
9789041124630
9789041124647
9789041124661
9789041124685
9789041124692
9789041124708
9789041124715
9789041124722
9789041124739
9789041124760
9789041124777
9789041124784
9789041124791
9789041124845
9789041124852
9789041124883
9789041124906
9789041124913
9789041124920
9789041124944
9789041124951
9789041124968
9789041124982
9789041125002
9789041125019
9789041125026
9789041125033
9789041125057
9789041125095
9789041125101
9789041125149
9789041125156
9789041125170
9789041125194
9789041125224
9789041125248
9789041125255
9789041125293
9789041125309
9789041125316
9789041125323
9789041125330
9789041125354
9789041125361
9789041125378
9789041125408
9789041125415
9789041125422
9789041125439
9789041125446
9789041125453
9789041125460
9789041125477
9789041125491
9789041125507
9789041125538
9789041125576
9789041125583
9789041125590
9789041125606
9789041125644
9789041125675
9789041125682
9789041125699
9789041125705
9789041125712
9789041125729
9789041125736
9789041125743
9789041125750
9789041125774
9789041125781
9789041125835
9789041125842
9789041125873
9789041125880
9789041125903
9789041125910
9789041125927
9789041125934
9789041125941
9789041125965
9789041125972
9789041126009
9789041126047
9789041126054
9789041126061
9789041126078
9789041126085
9789041126108
9789041126139
9789041126146
9789041126153
9789041126160
9789041126177
9789041126184
9789041126207
9789041126238
9789041126252
9789041126269
9789041126276
9789041126290
9789041126306
9789041126313
9789041126320
9789041126368
9789041126399
9789041126405
9789041126412
9789041126429
9789041126436
9789041126443
9789041126450
9789041126467
9789041126474
9789041126481
9789041126504
9789041126528
9789041126566
9789041126573
9789041126580
9789041126597
9789041126603
9789041126610
9789041126627
9789041126641
9789041126658
9789041126665
9789041126672
9789041126689
9789041126696
9789041126719
9789041126726
9789041126740
9789041126818
9789041126825
9789041126849
9789041126856
9789041126863
9789041126870
9789041126887
9789041126894
9789041126900
9789041126917
9789041126924
9789041126948
9789041126962
9789041126979
9789041126986
9789041126993
9789041127006
9789041127013
9789041127020
9789041127037
9789041127044
9789041127051
9789041127068
9789041127082
9789041127105
9789041127112
9789041127129
9789041127136
9789041127150
9789041127174
9789041127204
9789041127211
9789041127228
9789041127235
9789041127259
9789041127266
9789041127303
9789041127310
9789041127341
9789041127358
9789041127365
9789041127426
9789041127440
9789041127457
9789041127464
9789041127495
9789041127518
9789041127532
9789041127549
9789041127556
9789041127600
9789041127617
9789041127631
9789041127648
9789041127655
9789041127686
9789041127693
9789041127709
9789041127716
9789041127747
9789041127785
9789041127839
9789041127853
9789041127877
9789041127907
9789041127914
9789041127921
9789041127938
9789041127952
9789041127976
9789041128003
9789041128010
9789041128027
9789041128065
9789041128072
9789041128096
9789041128119
9789041128126
9789041128157
9789041128164
9789041128171
9789041128195
9789041128218
9789041128225
9789041128249
9789041128256
9789041128270
9789041128287
9789041128294
9789041128317
9789041128324
9789041128355
9789041128379
9789041128393
9789041128409
9789041128423
9789041128430
9789041128508
9789041128522
9789041128539
9789041128546
9789041128560
9789041128577
9789041128584
9789041128607
9789041128621
9789041128638
9789041128645
9789041128652
9789041128669
9789041128683
9789041128690
9789041128706
9789041128720
9789041128737
9789041128751
9789041128768
9789041128775
9789041128799
9789041128805
9789041128812
9789041131157
9789041131164
9789041131171
9789041131188
9789041131195
9789041131201
9789041131256
9789041131263
9789041131287
9789041131300
9789041131317
9789041131324
9789041131331
9789041131348
9789041131362
9789041131379
9789041131416
9789041131423
9789041131447
9789041131454
9789041131461
9789041131485
9789041131508
9789041131515
9789041131522
9789041131539
9789041131560
9789041131577
9789041131621
9789041131638
9789041131645
9789041131683
9789041131690
9789041131706
9789041131713
9789041131737
9789041131744
9789041131768
9789041131775
9789041131782
9789041131799
9789041131911
9789041131928
9789041131935
9789041131966
9789041131980
9789041131997
9789041132024
9789041132048
9789041132055
9789041132062
9789041132079
9789041132086
9789041132093
9789041132109
9789041132123
9789041132130
9789041132161
9789041132192
9789041132208
9789041132222
9789041132239
9789041132246
9789041132321
9789041132338
9789041132352
9789041132468
9789041132482
9789041132499
9789041132512
9789041132529
9789041132536
9789041132543
9789041132598
9789041132604
9789041132611
9789041132628
9789041132635
9789041132659
9789041132666
9789041132680
9789041132703
9789041132765
9789041132789
9789041132802
9789041132819
9789041132871
9789041132888
9789041132895
9789041133359
9789041133380
9789041133397
9789041133403
9789041133434
9789041133441
9789041133458
9789041133465
9789041133472
9789041133496
9789041133533
9789041133564
9789041133571
9789041133618
9789041133656
9789041133670
9789041133779
9789041133946
9789041134004
9789041134011
9789041134028
9789041134035
9789041134059
9789041134080
9789041134103
9789041134110
9789041134127
9789041134158
9789041134233
9789041134240
9789041134264
9789041134318
9789041134370
9789041134578
9789041134592
9789041135209
9789041135223
9789041136183
9789041136213
9789041136237
9789041136244
9789041136312
9789041136336
9789041136350
9789041136367
9789041136374
9789041136398
9789041136411
9789041136428
9789041136435
9789041136473
9789041136480
9789041136497
9789041136527
9789041136534
9789041136565
9789041136671
9789041136732
9789041137272
9789041137289
9789041137852
9789041137869
9789041137883
9789041137951
9789041137999
9789041138019
9789041138071
9789041138088
9789041138095
9789041138101
9789041138156
9789041138170
9789041138200
9789041138255
9789041138439
9789041138453
9789041138477
9789041138484
9789041138606
9789041138620
9789041138651
9789041138668
9789041138729
9789041138736
9789041138743
9789041138767
9789041138774
9789041138781
9789041138804
9789041138828
9789041138859
9789041138866
9789041138903
9789041138910
9789041138927
9789041138934
9789041138941
9789041138996
9789041139009
9789041139979
9789041139986
9789041140012
9789041140029
9789041140401
9789041140418
9789041140425
9789041140432
9789041140463
9789041140470
9789041140494
9789041140517
9789041140593
9789041140784
9789041140791
9789041140814
9789041141224
9789041141231
9789041141255
9789041141262
9789041141279
9789041141286
9789041141415
9789041141422
9789041141439
9789041141453
9789041141569
9789041141583
9789041141637
9789041145543
9789041145550
9789041145567
9789041145574
9789041145581
9789041145598
9789041145604
9789041145611
9789041145635
9789041145642
9789041145666
9789041146281
9789041146304
9789041146359
9789041146397
9789041146410
9789041146618
9789041146625
9789041146632
9789041146779
9789041146786
9789041146823
9789041146830
9789041146847
9789041146861
9789041147035
9789041147042
9789041147080
9789041147264
9789041147448
9789041147462
9789041147547
9789041147578
9789041147639
9789041147646
9789041147660
9789041147691
9789041147707
9789041147769
9789041147813
9789041148032
9789041148407
9789041148414
9789041148438
9789041148445
9789041148551
9789041148568
9789041148629
9789041148667
9789041148674
9789041149060
9789041149077
9789041149091
9789041149145
9789041149152
9789041149176
9789041149503
9789041149596
9789041149619
9789041149770
9789041149794
9789041149824
9789041149831
9789041149848
9789041149855
9789041149862
9789041149879
9789041149886
9789041149893
9789041150080
9789041150110
9789041150158
9789041150189
9789041151452
9789041151476
9789041151490
9789041151629
9789041151636
9789041151643
9789041151698
9789041151711
9789041151735
9789041151742
9789041151780
9789041151797
9789041151803
9789041151810
9789041151834
9789041151858
9789041151865
9789041152138
9789041152183
9789041152206
9789041152213
9789041152220
9789041152251
9789041152305
9789041152329
9789041152480
9789041152497
9789041152534
9789041152626
9789041152640
9789041152664
9789041152701
9789041152817
9789041152824
9789041152879
9789041152893
9789041152954
9789041152961
9789041152978
9789041152985
9789041153005
9789041153012
9789041153029
9789041153036
9789041153043
9789041153050
9789041153067
9789041153104
9789041153111
9789041153135
9789041153142
9789041153159
9789041153166
9789041153180
9789041153197
9789041153210
9789041153227
9789041153241
9789041153258
9789041153265
9789041153289
9789041153296
9789041153302
9789041153319
9789041153326
9789041153333
9789041153357
9789041153364
9789041153371
9789041153388
9789041153395
9789041153418
9789041153425
9789041153432
9789041153449
9789041154071
9789041154088
9789041154132
9789041154163
9789041154170
9789041154187
9789041154194
9789041154200
9789041154217
9789041154224
9789041154231
9789041154248
9789041154262
9789041154279
9789041154286
9789041154309
9789041154316
9789041154323
9789041154347
9789041154354
9789041154361
9789041154378
9789041154385
9789041154392
9789041154408
9789041154422
9789041154439
9789041156051
9789041156068
9789041156075
9789041156082
9789041156105
9789041156112
9789041156372
9789041156600
9789041156624
9789041156662
9789041156679
9789041156686
9789041156693
9789041156716
9789041156730
9789041156747
9789041156754
9789041156761
9789041158154
9789041158161
9789041158284
9789041158321
9789041158345
9789041158352
9789041158369
9789041158376
9789041158390
9789041158406
9789041158413
9789041158581
9789041158604
9789041158611
9789041158628
9789041158635
9789041158642
9789041158758
9789041158789
9789041158796
9789041158802
9789041158819
9789041158826
9789041158833
9789041158857
9789041158864
9789041158895
9789041158901
9789041158918
9789041158925
9789041158932
9789041158949
9789041158956
9789041158963
9789041158970
9789041158987
9789041159250
9789041159274
9789041159342
9789041159366
9789041159427
9789041159441
9789041159526
9789041159533
9789041159540
9789041159557
9789041159564
9789041159663
9789041159670
9789041159687
9789041159748
9789041159755
9789041159762
9789041159816
9789041159854
9789041159885
9789041159892
9789041159908
9789041159915
9789041160003
9789041160027
9789041160034
9789041160041
9789041160058
9789041160065
9789041160089
9789041160096
9789041160102
9789041160119
9789041160126
9789041160133
9789041160140
9789041160157
9789041160164
9789041160171
9789041160188
9789041160195
9789041160201
9789041160423
9789041160584
9789041160645
9789041160652
9789041160669
9789041160676
9789041160683
9789041160690
9789041160706
9789041160713
9789041160720
9789041160744
9789041160751
9789041160768
9789041160775
9789041160942
9789041160973
9789041160980
9789041160997
9789041161000
9789041161017
9789041161024
9789041161055
9789041161062
9789041161147
9789041161154
9789041161161
9789041161260
9789041161338
9789041161383
9789041161390
9789041161512
9789041161529
9789041161536
9789041161543
9789041161550
9789041161567
9789041161574
9789041161581
9789041161598
9789041161604
9789041161611
9789041161628
9789041161635
9789041161642
9789041161659
9789041161666
9789041161673
9789041161680
9789041161697
9789041161703
9789041161710
9789041161727
9789041161734
9789041161796
9789041162175
9789041162199
9789041162328
9789041162342
9789041162373
9789041162380
9789041162397
9789041162403
9789041162458
9789041162472
9789041162557
9789041162564
9789041162571
9789041162588
9789041166104
9789041166142
9789041166340
9789041166371
9789041166395
9789041166401
9789041166418
9789041166425
9789041166432
9789041166449
9789041166456
9789041166463
9789041166630
9789041166647
9789041166685
9789041166692
9789041166715
9789041166722
9789041166739
9789041166746
9789041166753
9789041166760
9789041166777
9789041166784
9789041166791
9789041166807
9789041166814
9789041166821
9789041166982
9789041167002
9789041167057
9789041167101
9789041167132
9789041167156
9789041167170
9789041167194
9789041167217
9789041167224
9789041167255
9789041167279
9789041167293
9789041167316
9789041167323
9789041167378
9789041167392
9789041167415
9789041167453
9789041167477
9789041167491
9789041167507
9789041167514
9789041167521
9789041167538
9789041167545
9789041167552
9789041167569
9789041167576
9789041167583
9789041167590
9789041167606
9789041167613
9789041167620
9789041167637
9789041167644
9789041167651
9789041167835
9789041167873
9789041167897
9789041167910
9789041167941
9789041167989
9789041168313
9789041168320
9789041168337
9789041168351
9789041168443
9789041168450
9789041168467
9789041168474
9789041168481
9789041168498
9789041168504
9789041168511
9789041168528
9789041168535
9789041168542
9789041168559
9789041168566
9789041168573
9789041168580
9789041168597
9789041168603
9789041168610
9789041168627
9789041168634
9789041168641
9789041168658
9789041168665
9789041168917
9789041169013
9789041169044
9789041169051
9789041169068
9789041169082
9789041169181
9789041169297
9789041169303
9789041169310
9789041169327
9789041169334
9789041169341
9789041169358
9789041169365
9789041169372
9789041169396
9789041169402
9789041169419
9789041169426
9789041169433
9789041169440
9789041169457
9789041169464
9789041169471
9789041169488
9789041169495
9789041169501
9789041169518
9789041170040
9789041170163
9789041182531
9789041182548
9789041182579
9789041182586
9789041182593
9789041182609
9789041182616
9789041182623
9789041182630
9789041182647
9789041182654
9789041182661
9789041182678
9789041182685
9789041182692
9789041182708
9789041182715
9789041182722
9789041182739
9789041182746
9789041182753
9789041183248
9789041183453
9789041183514
9789041183606
9789041183668
9789041183859
9789041183880
9789041184092
9789041184825
9789041184832
9789041184849
9789041184856
9789041184863
9789041184870
9789041184887
9789041184894
9789041184900
9789041184917
9789041184924
9789041184931
9789041184948
9789041184955
9789041184962
9789041184979
9789041184986
9789041184993
9789041185006
9789041185013
9789041185426
9789041185457
9789041185464
9789041185471
9789041185495
9789041185518
9789041185525
9789041185532
9789041185549
9789041185556
9789041185990
9789041186058
9789041186607
9789041188434
9789041188441
9789041188458
9789041188465
9789041188472
9789041188489
9789041188526
9789041188533
9789041188540
9789041188564
9789041188571
9789041188595
9789041188601
9789041188618
9789041188625
9789041188632
9789041188656
9789041188663
9789041188687
9789041188731
9789041188755
9789041188762
9789041188779
9789041188786
9789041188793
9789041188816
9789041188823
9789041188830
9789041188847
9789041188878
9789041188922
9789041188939
9789041188953
9789041188960
9789041188991
9789041189011
9789041189028
9789041192424
9789041192929
9789041193025
9789041193124
9789041193223
9789041193322
9789041193421
9789041193728
9789041193827
9789041193926
9789041194022
9789041194329
9789041194428
9789041194824
9789041194923
9789041195227
9789041195524
9789041195821
9789041196026
9789041196224
9789041196323
9789041196477
9789041196484
9789041196538
9789041196545
9789041196552
9789041196613
9789041196620
9789041196637
9789041196644
9789041196651
9789041196736
9789041196781
9789041196811
9789041196835
9789041196859
9789041196873
9789041196897
9789041196903
9789041196927
9789041196934
9789041196941
9789041196965
9789041196972
9789041196989
9789041196996
9789041197016
9789041197023
9789041197030
9789041197047
9789041197054
9789041197061
9789041197078
9789041197108
9789041197146
9789041197160
9789041197177
9789041197184
9789041197191
9789041197214
9789041197221
9789041197269
9789041197283
9789041197290
9789041197337
9789041197344
9789041197351
9789041197368
9789041197382
9789041197399
9789041197405
9789041197412
9789041197443
9789041197450
9789041197467
9789041197481
9789041197498
9789041197504
9789041197528
9789041197535
9789041197542
9789041197559
9789041197566
9789041197573
9789041197597
9789041197610
9789041197627
9789041197634
9789041197641
9789041197672
9789041197689
9789041197696
9789041197719
9789041197726
9789041197733
9789041197740
9789041197757
9789041197764
9789041197788
9789041197818
9789041197825
9789041197832
9789041197849
9789041197856
9789041197863
9789041197870
9789041197887
9789041197894
9789041197900
9789041197917
9789041197924
9789041197931
9789041197948
9789041197955
9789041197986
9789041197993
9789041198020
9789041198037
9789041198044
9789041198051
9789041198068
9789041198075
9789041198105
9789041198112
9789041198129
9789041198136
9789041198143
9789041198150
9789041198167
9789041198181
9789041198198
9789041198204
9789041198211
9789041198228
9789041198235
9789041198242
9789041198259
9789041198266
9789041198273
9789041198280
9789041198297
9789041198303
9789041198310
9789041198327
9789041198334
9789041198341
9789041198358
9789041198365
9789041198372
9789041198389
9789041198396
9789041198419
9789041198426
9789041198433
9789041198440
9789041198457
9789041198464
9789041198471
9789041198495
9789041198501
9789041198518
9789041198532
9789041198556
9789041198563
9789041198570
9789041198587
9789041198594
9789041198600
9789041198617
9789041198624
9789041198631
9789041198648
9789041198655
9789041198662
9789041198679
9789041198716
9789041198747
9789041198754
9789041198761
9789041198778
9789041198785
9789041198792
9789041198808
9789041198839
9789041198846
9789041198853
9789041198877
9789041198884
9789041198891
9789041198907
9789041198914
9789041198921
9789041198938
9789041198945
9789041198952
9789041198976
9789041198983
9789041198990
9789041199034
9789041199041
9789041199058
9789041199072
9789041199089
9789041199102
9789041199126
9789041199133
9789041199157
9789041199164
9789041199171
9789041199188
9789041199195
9789041199201
9789041199225
9789041199249
9789041199256
9789041199263
9789041199270
9789041199393
9789041199409
9789041199478
9789042000278
9789042000421
9789042000452
9789042000810
9789042001695
9789042002500
9789042002791
9789042002814
9789042002890
9789042003040
9789042003064
9789042003408
9789042003811
9789042003965
9789042004344
9789042004382
9789042004535
9789042004764
9789042004900
9789042004993
9789042005341
9789042005358
9789042005365
9789042005372
9789042005723
9789042005730
9789042005761
9789042006249
9789042006287
9789042006607
9789042006706
9789042007338
9789042007505
9789042007796
9789042008076
9789042008083
9789042008106
9789042008144
9789042008175
9789042008342
9789042008366
9789042008380
9789042008441
9789042008458
9789042008502
9789042008557
9789042008588
9789042008700
9789042008809
9789042008854
9789042008908
9789042008953
9789042008960
9789042008984
9789042008991
9789042009059
9789042009066
9789042009073
9789042009141
9789042009158
9789042009165
9789042009219
9789042009301
9789042009318
9789042009363
9789042009547
9789042009684
9789042009769
9789042009806
9789042009905
9789042009967
9789042010185
9789042010239
9789042010246
9789042010253
9789042010383
9789042010468
9789042010505
9789042010543
9789042010550
9789042010567
9789042010581
9789042010789
9789042010949
9789042010970
9789042011137
9789042011144
9789042011236
9789042011250
9789042011335
9789042011366
9789042011373
9789042011472
9789042011519
9789042011557
9789042011571
9789042011649
9789042011670
9789042011755
9789042011847
9789042011854
9789042011861
9789042011946
9789042011991
9789042012080
9789042012097
9789042012103
9789042012110
9789042012271
9789042012288
9789042012295
9789042012301
9789042012486
9789042012554
9789042012684
9789042012974
9789042013001
9789042013087
9789042013223
9789042013247
9789042013285
9789042013308
9789042013353
9789042013520
9789042013698
9789042013995
9789042014091
9789042014275
9789042014299
9789042014305
9789042014398
9789042014633
9789042014664
9789042014787
9789042014985
9789042015135
9789042015203
9789042015289
9789042015340
9789042015470
9789042015494
9789042015500
9789042015661
9789042015692
9789042015722
9789042015791
9789042015876
9789042015890
9789042015982
9789042016019
9789042016088
9789042016170
9789042016231
9789042016286
9789042016293
9789042016323
9789042016378
9789042016460
9789042016590
9789042016637
9789042016644
9789042016712
9789042016750
9789042016842
9789042016859
9789042016972
9789042017177
9789042017184
9789042017313
9789042017351
9789042017368
9789042017382
9789042017542
9789042017733
9789042017764
9789042017887
9789042018037
9789042018068
9789042018099
9789042018143
9789042018150
9789042018266
9789042018280
9789042018297
9789042018334
9789042018457
9789042018563
9789042018570
9789042018587
9789042018594
9789042018624
9789042018693
9789042018723
9789042018785
9789042018846
9789042018853
9789042018884
9789042019133
9789042019225
9789042019393
9789042019430
9789042019461
9789042019485
9789042019492
9789042019522
9789042019577
9789042019669
9789042019690
9789042019713
9789042019751
9789042019829
9789042019898
9789042019959
9789042019966
9789042019973
9789042020023
9789042020047
9789042020061
9789042020092
9789042020122
9789042020160
9789042020184
9789042020252
9789042020269
9789042020474
9789042020481
9789042020498
9789042020542
9789042020603
9789042020610
9789042020627
9789042020641
9789042020658
9789042020672
9789042020689
9789042020733
9789042020764
9789042020771
9789042020788
9789042020795
9789042020801
9789042020818
9789042020832
9789042020870
9789042020924
9789042021068
9789042021174
9789042021365
9789042021402
9789042021419
9789042021440
9789042021457
9789042021464
9789042021471
9789042021488
9789042021495
9789042021518
9789042021532
9789042021549
9789042021556
9789042021594
9789042021631
9789042021655
9789042021686
9789042021693
9789042021723
9789042021730
9789042021761
9789042021778
9789042021792
9789042021808
9789042021815
9789042021822
9789042021839
9789042021846
9789042021860
9789042021877
9789042021884
9789042021891
9789042021907
9789042021914
9789042021921
9789042021976
9789042022034
9789042022058
9789042022065
9789042022072
9789042022089
9789042022102
9789042022126
9789042022157
9789042022164
9789042022171
9789042022188
9789042022218
9789042022225
9789042022232
9789042022249
9789042022256
9789042022263
9789042022287
9789042022294
9789042022300
9789042022317
9789042022355
9789042022379
9789042022386
9789042022393
9789042022409
9789042022423
9789042022454
9789042022492
9789042022508
9789042022515
9789042022522
9789042022539
9789042022577
9789042022584
9789042022591
9789042022607
9789042022614
9789042022621
9789042022645
9789042022669
9789042022676
9789042022706
9789042022782
9789042022812
9789042022836
9789042022850
9789042022874
9789042022881
9789042022898
9789042022904
9789042022928
9789042022973
9789042022980
9789042023031
9789042023048
9789042023062
9789042023079
9789042023086
9789042023093
9789042023109
9789042023123
9789042023147
9789042023161
9789042023185
9789042023246
9789042023277
9789042023284
9789042023307
9789042023314
9789042023321
9789042023338
9789042023345
9789042023352
9789042023369
9789042023376
9789042023383
9789042023406
9789042023413
9789042023420
9789042023437
9789042023444
9789042023468
9789042023475
9789042023499
9789042023512
9789042023529
9789042023536
9789042023543
9789042023574
9789042023581
9789042023628
9789042023635
9789042023642
9789042023666
9789042023673
9789042023697
9789042023703
9789042023734
9789042023741
9789042023758
9789042023765
9789042023772
9789042023789
9789042023796
9789042023802
9789042023819
9789042023826
9789042023833
9789042023857
9789042023864
9789042023871
9789042023888
9789042023895
9789042023925
9789042023932
9789042023949
9789042023956
9789042023963
9789042023987
9789042023994
9789042024007
9789042024021
9789042024038
9789042024045
9789042024076
9789042024090
9789042024106
9789042024113
9789042024120
9789042024137
9789042024151
9789042024182
9789042024236
9789042024267
9789042024281
9789042024304
9789042024311
9789042024328
9789042024342
9789042024359
9789042024373
9789042024380
9789042024397
9789042024403
9789042024410
9789042024427
9789042024434
9789042024472
9789042024489
9789042024496
9789042024502
9789042024540
9789042024557
9789042024564
9789042024571
9789042024601
9789042024618
9789042024649
9789042024663
9789042024687
9789042024700
9789042024717
9789042024724
9789042024731
9789042024748
9789042024762
9789042024779
9789042024786
9789042024809
9789042024816
9789042024823
9789042024861
9789042024878
9789042024885
9789042024892
9789042024908
9789042024915
9789042024922
9789042024939
9789042024946
9789042024953
9789042024960
9789042024977
9789042024984
9789042024991
9789042025004
9789042025011
9789042025028
9789042025035
9789042025042
9789042025059
9789042025103
9789042025127
9789042025134
9789042025141
9789042025158
9789042025165
9789042025172
9789042025189
9789042025196
9789042025202
9789042025219
9789042025226
9789042025233
9789042025288
9789042025295
9789042025301
9789042025318
9789042025332
9789042025349
9789042025387
9789042025417
9789042025424
9789042025448
9789042025455
9789042025462
9789042025479
9789042025486
9789042025493
9789042025509
9789042025523
9789042025530
9789042025554
9789042025561
9789042025592
9789042025622
9789042025639
9789042025646
9789042025677
9789042025684
9789042025691
9789042025714
9789042025721
9789042025738
9789042025745
9789042025752
9789042025769
9789042025776
9789042025783
9789042025790
9789042025806
9789042025813
9789042025837
9789042025844
9789042025851
9789042025868
9789042025875
9789042025882
9789042025899
9789042025905
9789042025912
9789042025936
9789042025943
9789042025950
9789042025967
9789042026001
9789042026025
9789042026049
9789042026063
9789042026087
9789042026100
9789042026124
9789042026162
9789042026186
9789042026216
9789042026230
9789042026254
9789042026278
9789042026308
9789042026339
9789042026353
9789042026384
9789042026407
9789042026421
9789042026445
9789042026469
9789042026506
9789042026520
9789042026544
9789042026582
9789042026605
9789042026629
9789042026643
9789042026667
9789042026681
9789042026704
9789042026728
9789042026742
9789042026766
9789042026780
9789042026803
9789042026841
9789042026865
9789042026902
9789042026926
9789042026940
9789042026964
9789042026988
9789042027008
9789042027022
9789042027046
9789042027060
9789042027084
9789042027107
9789042027121
9789042027145
9789042027169
9789042027183
9789042027206
9789042027220
9789042027244
9789042027268
9789042027312
9789042027336
9789042027350
9789042027374
9789042027398
9789042027435
9789042027459
9789042027473
9789042027497
9789042027510
9789042027534
9789042027565
9789042027589
9789042027602
9789042027626
9789042027640
9789042027664
9789042027688
9789042027701
9789042027725
9789042027749
9789042027770
9789042027794
9789042027817
9789042027831
9789042027855
9789042027879
9789042027893
9789042027916
9789042027954
9789042027985
9789042028005
9789042028029
9789042028043
9789042028067
9789042028081
9789042028104
9789042028128
9789042028142
9789042028173
9789042028234
9789042028258
9789042028319
9789042028333
9789042028371
9789042028395
9789042028425
9789042028470
9789042028494
9789042028531
9789042028593
9789042028616
9789042028630
9789042028654
9789042028661
9789042028692
9789042028722
9789042029309
9789042029330
9789042029354
9789042029378
9789042029392
9789042029415
9789042029439
9789042029453
9789042029477
9789042029507
9789042029521
9789042029552
9789042029576
9789042029590
9789042029620
9789042029644
9789042029675
9789042029699
9789042029712
9789042029736
9789042029750
9789042029798
9789042029835
9789042029859
9789042029873
9789042029897
9789042029910
9789042029934
9789042029958
9789042029972
9789042030039
9789042030053
9789042030077
9789042030091
9789042030114
9789042030138
9789042030183
9789042030206
9789042030220
9789042030244
9789042030268
9789042030305
9789042030329
9789042030350
9789042030374
9789042030411
9789042030428
9789042030442
9789042030466
9789042030480
9789042030497
9789042030510
9789042030558
9789042030572
9789042030626
9789042030640
9789042030664
9789042030688
9789042030701
9789042030725
9789042030756
9789042030787
9789042030800
9789042030824
9789042030848
9789042030862
9789042030886
9789042030923
9789042030947
9789042030961
9789042030985
9789042031005
9789042031029
9789042031067
9789042031081
9789042031104
9789042031135
9789042031159
9789042031173
9789042031197
9789042031210
9789042031258
9789042031272
9789042031296
9789042031333
9789042031357
9789042031371
9789042031395
9789042031456
9789042031470
9789042031494
9789042031517
9789042031548
9789042031586
9789042031609
9789042031623
9789042031661
9789042031708
9789042031722
9789042031760
9789042031784
9789042031807
9789042031845
9789042031890
9789042031913
9789042031951
9789042031975
9789042031999
9789042032033
9789042032071
9789042032095
9789042032187
9789042032224
9789042032248
9789042032262
9789042032286
9789042032309
9789042032323
9789042032354
9789042032392
9789042032439
9789042032453
9789042032477
9789042032491
9789042032514
9789042032538
9789042032552
9789042032576
9789042032590
9789042032613
9789042032651
9789042032675
9789042032699
9789042032712
9789042032736
9789042032774
9789042032798
9789042032811
9789042032859
9789042032927
9789042032965
9789042032989
9789042033016
9789042033030
9789042033054
9789042033078
9789042033092
9789042033115
9789042033139
9789042033153
9789042033177
9789042033214
9789042033238
9789042033290
9789042033306
9789042033313
9789042033320
9789042033337
9789042033344
9789042033351
9789042033368
9789042033375
9789042033382
9789042033405
9789042033429
9789042033436
9789042033450
9789042033467
9789042033474
9789042033481
9789042033498
9789042033511
9789042033528
9789042033535
9789042033542
9789042033566
9789042033573
9789042033580
9789042033597
9789042033627
9789042033634
9789042033641
9789042033665
9789042033672
9789042033689
9789042033702
9789042033719
9789042033726
9789042033733
9789042033740
9789042033757
9789042033771
9789042033788
9789042033795
9789042033801
9789042033818
9789042033849
9789042033856
9789042033863
9789042033887
9789042033894
9789042033917
9789042033924
9789042033931
9789042033948
9789042033962
9789042033979
9789042033986
9789042033993
9789042034006
9789042034037
9789042034044
9789042034051
9789042034068
9789042034075
9789042034082
9789042034099
9789042034105
9789042034112
9789042034129
9789042034136
9789042034143
9789042034198
9789042034204
9789042034211
9789042034235
9789042034242
9789042034266
9789042034273
9789042034280
9789042034297
9789042034303
9789042034310
9789042034327
9789042034341
9789042034372
9789042034389
9789042034396
9789042034402
9789042034419
9789042034426
9789042034433
9789042034457
9789042034471
9789042034488
9789042034501
9789042034518
9789042034525
9789042034532
9789042034556
9789042034570
9789042034587
9789042034600
9789042034624
9789042034631
9789042034648
9789042034686
9789042034709
9789042034716
9789042034730
9789042034747
9789042034754
9789042034761
9789042034778
9789042034785
9789042034792
9789042034839
9789042034846
9789042034853
9789042034860
9789042034877
9789042034884
9789042034891
9789042034907
9789042034914
9789042034938
9789042034945
9789042034969
9789042034983
9789042034990
9789042035003
9789042035010
9789042035027
9789042035034
9789042035041
9789042035058
9789042035065
9789042035072
9789042035089
9789042035096
9789042035102
9789042035126
9789042035133
9789042035140
9789042035157
9789042035164
9789042035171
9789042035195
9789042035201
9789042035218
9789042035225
9789042035232
9789042035249
9789042035256
9789042035263
9789042035270
9789042035300
9789042035317
9789042035348
9789042035355
9789042035379
9789042035386
9789042035393
9789042035409
9789042035416
9789042035430
9789042035447
9789042035461
9789042035508
9789042035515
9789042035522
9789042035539
9789042035546
9789042035553
9789042035560
9789042035577
9789042035584
9789042035591
9789042035607
9789042035614
9789042035621
9789042035638
9789042035669
9789042035676
9789042035683
9789042035690
9789042035706
9789042035713
9789042035720
9789042035737
9789042035744
9789042035751
9789042035768
9789042035775
9789042035782
9789042035805
9789042035812
9789042035829
9789042035836
9789042035843
9789042035850
9789042035867
9789042035874
9789042035881
9789042035904
9789042035911
9789042035928
9789042035935
9789042035942
9789042035959
9789042035966
9789042035973
9789042035980
9789042036000
9789042036024
9789042036048
9789042036062
9789042036093
9789042036109
9789042036123
9789042036147
9789042036154
9789042036178
9789042036192
9789042036208
9789042036215
9789042036222
9789042036239
9789042036253
9789042036260
9789042036277
9789042036284
9789042036291
9789042036314
9789042036321
9789042036338
9789042036345
9789042036352
9789042036369
9789042036383
9789042036413
9789042036420
9789042036437
9789042036444
9789042036468
9789042036475
9789042036482
9789042036499
9789042036505
9789042036512
9789042036529
9789042036543
9789042036567
9789042036574
9789042036581
9789042036598
9789042036628
9789042036635
9789042036642
9789042036659
9789042036666
9789042036673
9789042036710
9789042036758
9789042036772
9789042036789
9789042036802
9789042036819
9789042036857
9789042036864
9789042036871
9789042036895
9789042036918
9789042036932
9789042036956
9789042036963
9789042036970
9789042037007
9789042037014
9789042037021
9789042037052
9789042037083
9789042037090
9789042037106
9789042037113
9789042037120
9789042037137
9789042037144
9789042037151
9789042037168
9789042037175
9789042037182
9789042037199
9789042037229
9789042037243
9789042037250
9789042037267
9789042037274
9789042037281
9789042037304
9789042037328
9789042037335
9789042037342
9789042037359
9789042037366
9789042037380
9789042037397
9789042037403
9789042037410
9789042037427
9789042037434
9789042037441
9789042037458
9789042037465
9789042037489
9789042037496
9789042037502
9789042037519
9789042037526
9789042037533
9789042037564
9789042037571
9789042037595
9789042037618
9789042037625
9789042037632
9789042037649
9789042037670
9789042037687
9789042037694
9789042037700
9789042037731
9789042037748
9789042037755
9789042037762
9789042037779
9789042037786
9789042037793
9789042037809
9789042037816
9789042037823
9789042037830
9789042037854
9789042037861
9789042037878
9789042037892
9789042037908
9789042037922
9789042037939
9789042037946
9789042037953
9789042037960
9789042037977
9789042037984
9789042037991
9789042038004
9789042038028
9789042038035
9789042038042
9789042038059
9789042038066
9789042038073
9789042038080
9789042038097
9789042038103
9789042038110
9789042038134
9789042038141
9789042038158
9789042038172
9789042038189
9789042038196
9789042038202
9789042038219
9789042038226
9789042038240
9789042038264
9789042038271
9789042038288
9789042038295
9789042038301
9789042038318
9789042038332
9789042038349
9789042038363
9789042038370
9789042038387
9789042038400
9789042038417
9789042038424
9789042038431
9789042038455
9789042038462
9789042038479
9789042038486
9789042038493
9789042038516
9789042038523
9789042038530
9789042038547
9789042038554
9789042038578
9789042038585
9789042038592
9789042038608
9789042038615
9789042038622
9789042038639
9789042038646
9789042038653
9789042038660
9789042038677
9789042038684
9789042038691
9789042038707
9789042038721
9789042038752
9789042038769
9789042038776
9789042038783
9789042038790
9789042038806
9789042038813
9789042038820
9789042038837
9789042038844
9789042038851
9789042038868
9789042038875
9789042038882
9789042038899
9789042038936
9789042038943
9789042038950
9789042038981
9789042039001
9789042039094
9789042039124
9789042039148
9789042039155
9789042039162
9789042039179
9789042039209
9789042039216
9789042039223
9789042039230
9789042039247
9789042039254
9789042039278
9789042039285
9789042039292
9789042039308
9789042039315
9789042039339
9789042039346
9789042900011
9789042900028
9789042900035
9789042900042
9789042900059
9789042900066
9789042900073
9789042900080
9789042900097
9789042900103
9789042900110
9789042900127
9789042900134
9789042900158
9789042900172
9789042900189
9789042900196
9789042900202
9789042900226
9789042900233
9789042900257
9789042900264
9789042900271
9789042900288
9789042900295
9789042900301
9789042900318
9789042900325
9789042900332
9789042900349
9789042900356
9789042900363
9789042900370
9789042900387
9789042900394
9789042900400
9789042900417
9789042900424
9789042900431
9789042900448
9789042900455
9789042900462
9789042900479
9789042900486
9789042900493
9789042900509
9789042900516
9789042900523
9789042900530
9789042900547
9789042900554
9789042900561
9789042900578
9789042900585
9789042900592
9789042900608
9789042900615
9789042900622
9789042900639
9789042900646
9789042900653
9789042900660
9789042900677
9789042900684
9789042900691
9789042900707
9789042900714
9789042900721
9789042900738
9789042900745
9789042900752
9789042900769
9789042900776
9789042900783
9789042900790
9789042900806
9789042900813
9789042900820
9789042900837
9789042900844
9789042900851
9789042900868
9789042900875
9789042900882
9789042900899
9789042900905
9789042900912
9789042900929
9789042900936
9789042900943
9789042900950
9789042900967
9789042900974
9789042900981
9789042900998
9789042901001
9789042901018
9789042901025
9789042901032
9789042901049
9789042901056
9789042901063
9789042901070
9789042901087
9789042901094
9789042901100
9789042901117
9789042901124
9789042901131
9789042901148
9789042901155
9789042901162
9789042901179
9789042901186
9789042901193
9789042901209
9789042901216
9789042901223
9789042901230
9789042901247
9789042901254
9789042901261
9789042901278
9789042901285
9789042901292
9789042901308
9789042901315
9789042901322
9789042901339
9789042901346
9789042901353
9789042901360
9789042901377
9789042901384
9789042901391
9789042901407
9789042901414
9789042901421
9789042901438
9789042901445
9789042901452
9789042901469
9789042901476
9789042901483
9789042901490
9789042901506
9789042901513
9789042901520
9789042901537
9789042901544
9789042901551
9789042901568
9789042901575
9789042901582
9789042901599
9789042901605
9789042901612
9789042901629
9789042901636
9789042901643
9789042901650
9789042901667
9789042901674
9789042901681
9789042901698
9789042901704
9789042901711
9789042901728
9789042901735
9789042901742
9789042901759
9789042901766
9789042901773
9789042901780
9789042901797
9789042901803
9789042901810
9789042901827
9789042901834
9789042901841
9789042901858
9789042901865
9789042901872
9789042901889
9789042901896
9789042901902
9789042901919
9789042901926
9789042901933
9789042901940
9789042901957
9789042901964
9789042901971
9789042901988
9789042901995
9789042902008
9789042902015
9789042902022
9789042902039
9789042902046
9789042902053
9789042902060
9789042902077
9789042902084
9789042902091
9789042902107
9789042902114
9789042902121
9789042902138
9789042902145
9789042902152
9789042902169
9789042902176
9789042902183
9789042902190
9789042902206
9789042902213
9789042902220
9789042902237
9789042902244
9789042902251
9789042902268
9789042902275
9789042902282
9789042902299
9789042902305
9789042902312
9789042902329
9789042902343
9789042902350
9789042902367
9789042902374
9789042902381
9789042902398
9789042902404
9789042902411
9789042902428
9789042902435
9789042902442
9789042902459
9789042902466
9789042902473
9789042902480
9789042902497
9789042902503
9789042902510
9789042902527
9789042902534
9789042902541
9789042902558
9789042902565
9789042902572
9789042902589
9789042902596
9789042902602
9789042902619
9789042902626
9789042902633
9789042902640
9789042902657
9789042902664
9789042902671
9789042902688
9789042902695
9789042902701
9789042902718
9789042902725
9789042902732
9789042902749
9789042902756
9789042902763
9789042902770
9789042902787
9789042902794
9789042902800
9789042902817
9789042902824
9789042902831
9789042902848
9789042902855
9789042902862
9789042902879
9789042902886
9789042902893
9789042902909
9789042902916
9789042902923
9789042902930
9789042902947
9789042902954
9789042902961
9789042902978
9789042902985
9789042902992
9789042903005
9789042903012
9789042903029
9789042903036
9789042903043
9789042903050
9789042903067
9789042903074
9789042903081
9789042903098
9789042903104
9789042903111
9789042903128
9789042903135
9789042903142
9789042903159
9789042903166
9789042903173
9789042903180
9789042903197
9789042903203
9789042903210
9789042903227
9789042903234
9789042903241
9789042903258
9789042903265
9789042903272
9789042903289
9789042903296
9789042903302
9789042903319
9789042903326
9789042903333
9789042903340
9789042903357
9789042903364
9789042903371
9789042903388
9789042903395
9789042903401
9789042903418
9789042903425
9789042903432
9789042903449
9789042903456
9789042903463
9789042903470
9789042903487
9789042903494
9789042903500
9789042903517
9789042903524
9789042903531
9789042903548
9789042903555
9789042903562
9789042903579
9789042903586
9789042903593
9789042903609
9789042903616
9789042903623
9789042903630
9789042903647
9789042903654
9789042903661
9789042903678
9789042903685
9789042903692
9789042903708
9789042903715
9789042903722
9789042903739
9789042903746
9789042903753
9789042903760
9789042903777
9789042903784
9789042903791
9789042903807
9789042903814
9789042903821
9789042903838
9789042903845
9789042903852
9789042903869
9789042903876
9789042903883
9789042903890
9789042903906
9789042903913
9789042903920
9789042903937
9789042903944
9789042903951
9789042903968
9789042903975
9789042903982
9789042903999
9789042904002
9789042904019
9789042904026
9789042904033
9789042904040
9789042904057
9789042904064
9789042904071
9789042904088
9789042904095
9789042904101
9789042904118
9789042904125
9789042904132
9789042904149
9789042904156
9789042904163
9789042904170
9789042904187
9789042904194
9789042904200
9789042904217
9789042904224
9789042904231
9789042904248
9789042904255
9789042904262
9789042904279
9789042904286
9789042904293
9789042904309
9789042904316
9789042904323
9789042904330
9789042904347
9789042904354
9789042904361
9789042904378
9789042904385
9789042904392
9789042904408
9789042904415
9789042904422
9789042904439
9789042904446
9789042904453
9789042904460
9789042904477
9789042904484
9789042904491
9789042904507
9789042904514
9789042904521
9789042904538
9789042904545
9789042904552
9789042904569
9789042904576
9789042904583
9789042904590
9789042904606
9789042904613
9789042904620
9789042904637
9789042904644
9789042904651
9789042904668
9789042904675
9789042904682
9789042904699
9789042904705
9789042904712
9789042904729
9789042904736
9789042904743
9789042904750
9789042904767
9789042904774
9789042904781
9789042904798
9789042904804
9789042904811
9789042904828
9789042904835
9789042904842
9789042904859
9789042904866
9789042904873
9789042904880
9789042904897
9789042904903
9789042904910
9789042904927
9789042904934
9789042904941
9789042904958
9789042904965
9789042904972
9789042904989
9789042904996
9789042905009
9789042905016
9789042905023
9789042905030
9789042905047
9789042905054
9789042905061
9789042905078
9789042905085
9789042905092
9789042905108
9789042905115
9789042905122
9789042905139
9789042905146
9789042905153
9789042905160
9789042905177
9789042905184
9789042905191
9789042905207
9789042905214
9789042905221
9789042905238
9789042905245
9789042905252
9789042905269
9789042905276
9789042905283
9789042905290
9789042905306
9789042905313
9789042905320
9789042905337
9789042905344
9789042905351
9789042905368
9789042905375
9789042905382
9789042905399
9789042905405
9789042905412
9789042905429
9789042905436
9789042905443
9789042905450
9789042905467
9789042905474
9789042905481
9789042905498
9789042905504
9789042905511
9789042905528
9789042905535
9789042905542
9789042905559
9789042905566
9789042905573
9789042905580
9789042905597
9789042905603
9789042905610
9789042905627
9789042905634
9789042905641
9789042905658
9789042905665
9789042905672
9789042905689
9789042905696
9789042905702
9789042905719
9789042905726
9789042905733
9789042905740
9789042905757
9789042905764
9789042905771
9789042905788
9789042905795
9789042905801
9789042905818
9789042905825
9789042905832
9789042905849
9789042905856
9789042905863
9789042905870
9789042905887
9789042905894
9789042905900
9789042905917
9789042905924
9789042905931
9789042905948
9789042905955
9789042905962
9789042905979
9789042905986
9789042905993
9789042906006
9789042906013
9789042906020
9789042906037
9789042906051
9789042906068
9789042906075
9789042906082
9789042906099
9789042906105
9789042906112
9789042906129
9789042906136
9789042906143
9789042906150
9789042906167
9789042906174
9789042906181
9789042906204
9789042906211
9789042906228
9789042906235
9789042906259
9789042906266
9789042906273
9789042906280
9789042906297
9789042906303
9789042906310
9789042906327
9789042906334
9789042906341
9789042906358
9789042906365
9789042906372
9789042906389
9789042906396
9789042906402
9789042906419
9789042906426
9789042906433
9789042906440
9789042906457
9789042906464
9789042906471
9789042906488
9789042906495
9789042906501
9789042906518
9789042906525
9789042906532
9789042906549
9789042906556
9789042906563
9789042906570
9789042906587
9789042906594
9789042906600
9789042906617
9789042906624
9789042906631
9789042906648
9789042906655
9789042906662
9789042906679
9789042906686
9789042906693
9789042906709
9789042906716
9789042906723
9789042906730
9789042906747
9789042906754
9789042906761
9789042906778
9789042906785
9789042906792
9789042906808
9789042906815
9789042906822
9789042906839
9789042906846
9789042906853
9789042906860
9789042906877
9789042906884
9789042906891
9789042906907
9789042906914
9789042906921
9789042906938
9789042906945
9789042906952
9789042906969
9789042906976
9789042906983
9789042906990
9789042907003
9789042907010
9789042907027
9789042907034
9789042907041
9789042907058
9789042907065
9789042907072
9789042907089
9789042907096
9789042907102
9789042907119
9789042907126
9789042907133
9789042907140
9789042907157
9789042907164
9789042907171
9789042907188
9789042907195
9789042907201
9789042907218
9789042907225
9789042907232
9789042907249
9789042907256
9789042907270
9789042907287
9789042907294
9789042907300
9789042907317
9789042907324
9789042907331
9789042907348
9789042907355
9789042907362
9789042907379
9789042907386
9789042907393
9789042907409
9789042907416
9789042907430
9789042907447
9789042907454
9789042907478
9789042907485
9789042907492
9789042907508
9789042907515
9789042907522
9789042907539
9789042907546
9789042907553
9789042907560
9789042907577
9789042907584
9789042907591
9789042907607
9789042907614
9789042907621
9789042907638
9789042907645
9789042907652
9789042907669
9789042907676
9789042907683
9789042907690
9789042907713
9789042907720
9789042907737
9789042907744
9789042907751
9789042907768
9789042907775
9789042907782
9789042907799
9789042907805
9789042907812
9789042907829
9789042907836
9789042907850
9789042907867
9789042907874
9789042907881
9789042907898
9789042907904
9789042907911
9789042907928
9789042907935
9789042907942
9789042907959
9789042907966
9789042907973
9789042907980
9789042907997
9789042908000
9789042908017
9789042908024
9789042908031
9789042908048
9789042908055
9789042908062
9789042908079
9789042908086
9789042908109
9789042908116
9789042908123
9789042908130
9789042908147
9789042908154
9789042908161
9789042908178
9789042908185
9789042908192
9789042908208
9789042908222
9789042908239
9789042908246
9789042908253
9789042908260
9789042908277
9789042908284
9789042908291
9789042908307
9789042908314
9789042908321
9789042908338
9789042908345
9789042908352
9789042908376
9789042908390
9789042908406
9789042908413
9789042908420
9789042908437
9789042908451
9789042908468
9789042908475
9789042908482
9789042908499
9789042908505
9789042908512
9789042908529
9789042908536
9789042908543
9789042908550
9789042908567
9789042908574
9789042908581
9789042908598
9789042908604
9789042908611
9789042908628
9789042908635
9789042908659
9789042908666
9789042908673
9789042908680
9789042908697
9789042908703
9789042908710
9789042908727
9789042908734
9789042908741
9789042908758
9789042908765
9789042908772
9789042908796
9789042908802
9789042908819
9789042908826
9789042908833
9789042908840
9789042908857
9789042908864
9789042908871
9789042908888
9789042908895
9789042908901
9789042908918
9789042908925
9789042908932
9789042908956
9789042908963
9789042908970
9789042908987
9789042908994
9789042909007
9789042909014
9789042909021
9789042909045
9789042909052
9789042909069
9789042909083
9789042909090
9789042909106
9789042909113
9789042909120
9789042909137
9789042909144
9789042909151
9789042909168
9789042909175
9789042909182
9789042909199
9789042909205
9789042909212
9789042909229
9789042909236
9789042909243
9789042909250
9789042909267
9789042909274
9789042909281
9789042909298
9789042909304
9789042909311
9789042909328
9789042909335
9789042909342
9789042909359
9789042909366
9789042909373
9789042909380
9789042909397
9789042909403
9789042909410
9789042909427
9789042909434
9789042909458
9789042909465
9789042909472
9789042909489
9789042909496
9789042909502
9789042909519
9789042909526
9789042909540
9789042909564
9789042909571
9789042909588
9789042909595
9789042909601
9789042909618
9789042909625
9789042909632
9789042909649
9789042909656
9789042909663
9789042909670
9789042909687
9789042909694
9789042909700
9789042909717
9789042909724
9789042909731
9789042909748
9789042909755
9789042909762
9789042909779
9789042909786
9789042909793
9789042909809
9789042909816
9789042909823
9789042909830
9789042909847
9789042909854
9789042909861
9789042909878
9789042909885
9789042909892
9789042909908
9789042909915
9789042909922
9789042909939
9789042909946
9789042909953
9789042909960
9789042909977
9789042909991
9789042910003
9789042910010
9789042910027
9789042910034
9789042910041
9789042910058
9789042910065
9789042910072
9789042910089
9789042910096
9789042910102
9789042910119
9789042910126
9789042910133
9789042910140
9789042910157
9789042910164
9789042910171
9789042910188
9789042910195
9789042910201
9789042910218
9789042910225
9789042910232
9789042910249
9789042910256
9789042910263
9789042910270
9789042910287
9789042910300
9789042910317
9789042910324
9789042910331
9789042910348
9789042910355
9789042910362
9789042910379
9789042910386
9789042910393
9789042910409
9789042910416
9789042910423
9789042910430
9789042910447
9789042910454
9789042910461
9789042910478
9789042910485
9789042910492
9789042910515
9789042910522
9789042910539
9789042910546
9789042910553
9789042910560
9789042910577
9789042910584
9789042910591
9789042910607
9789042910614
9789042910621
9789042910638
9789042910645
9789042910652
9789042910669
9789042910676
9789042910683
9789042910690
9789042910706
9789042910713
9789042910720
9789042910737
9789042910744
9789042910751
9789042910768
9789042910775
9789042910782
9789042910799
9789042910805
9789042910812
9789042910829
9789042910836
9789042910843
9789042910850
9789042910867
9789042910874
9789042910881
9789042910898
9789042910911
9789042910928
9789042910935
9789042910942
9789042910959
9789042910966
9789042910973
9789042910980
9789042910997
9789042911000
9789042911017
9789042911024
9789042911048
9789042911055
9789042911062
9789042911079
9789042911086
9789042911093
9789042911109
9789042911116
9789042911123
9789042911130
9789042911147
9789042911154
9789042911161
9789042911178
9789042911185
9789042911192
9789042911208
9789042911215
9789042911222
9789042911239
9789042911246
9789042911253
9789042911260
9789042911277
9789042911284
9789042911291
9789042911307
9789042911314
9789042911321
9789042911338
9789042911345
9789042911352
9789042911369
9789042911376
9789042911383
9789042911390
9789042911406
9789042911413
9789042911420
9789042911437
9789042911444
9789042911451
9789042911468
9789042911475
9789042911482
9789042911499
9789042911505
9789042911512
9789042911529
9789042911543
9789042911550
9789042911567
9789042911574
9789042911581
9789042911598
9789042911604
9789042911611
9789042911628
9789042911635
9789042911642
9789042911659
9789042911666
9789042911673
9789042911680
9789042911697
9789042911703
9789042911710
9789042911727
9789042911734
9789042911741
9789042911758
9789042911765
9789042911772
9789042911789
9789042911796
9789042911802
9789042911819
9789042911833
9789042911840
9789042911871
9789042911888
9789042911895
9789042911901
9789042911918
9789042911925
9789042911932
9789042911949
9789042911956
9789042911963
9789042911970
9789042911987
9789042911994
9789042912007
9789042912014
9789042912021
9789042912038
9789042912045
9789042912052
9789042912069
9789042912076
9789042912083
9789042912090
9789042912113
9789042912120
9789042912137
9789042912144
9789042912151
9789042912168
9789042912175
9789042912182
9789042912199
9789042912205
9789042912212
9789042912229
9789042912236
9789042912243
9789042912250
9789042912267
9789042912281
9789042912298
9789042912304
9789042912311
9789042912328
9789042912335
9789042912342
9789042912359
9789042912366
9789042912373
9789042912380
9789042912397
9789042912410
9789042912427
9789042912434
9789042912441
9789042912458
9789042912465
9789042912472
9789042912496
9789042912502
9789042912519
9789042912526
9789042912533
9789042912540
9789042912557
9789042912564
9789042912571
9789042912588
9789042912595
9789042912601
9789042912618
9789042912625
9789042912632
9789042912649
9789042912656
9789042912663
9789042912670
9789042912687
9789042912694
9789042912700
9789042912717
9789042912724
9789042912731
9789042912748
9789042912755
9789042912762
9789042912779
9789042912786
9789042912793
9789042912809
9789042912816
9789042912823
9789042912830
9789042912847
9789042912854
9789042912878
9789042912885
9789042912892
9789042912908
9789042912915
9789042912922
9789042912939
9789042912946
9789042912953
9789042912960
9789042912977
9789042912984
9789042912991
9789042913004
9789042913011
9789042913028
9789042913035
9789042913042
9789042913059
9789042913066
9789042913073
9789042913080
9789042913097
9789042913103
9789042913127
9789042913134
9789042913141
9789042913158
9789042913165
9789042913172
9789042913189
9789042913219
9789042913226
9789042913233
9789042913240
9789042913257
9789042913264
9789042913271
9789042913288
9789042913295
9789042913318
9789042913325
9789042913332
9789042913349
9789042913356
9789042913363
9789042913370
9789042913387
9789042913394
9789042913400
9789042913417
9789042913424
9789042913431
9789042913448
9789042913455
9789042913462
9789042913479
9789042913486
9789042913493
9789042913509
9789042913516
9789042913523
9789042913530
9789042913547
9789042913554
9789042913561
9789042913578
9789042913585
9789042913608
9789042913615
9789042913622
9789042913639
9789042913646
9789042913653
9789042913660
9789042913677
9789042913684
9789042913691
9789042913707
9789042913714
9789042913721
9789042913738
9789042913745
9789042913752
9789042913769
9789042913776
9789042913783
9789042913790
9789042913806
9789042913813
9789042913820
9789042913837
9789042913844
9789042913851
9789042913868
9789042913875
9789042913882
9789042913899
9789042913905
9789042913912
9789042913929
9789042913936
9789042913943
9789042913950
9789042913974
9789042913981
9789042913998
9789042914001
9789042914018
9789042914025
9789042914032
9789042914049
9789042914056
9789042914063
9789042914070
9789042914094
9789042914100
9789042914117
9789042914124
9789042914131
9789042914148
9789042914162
9789042914186
9789042914193
9789042914209
9789042914216
9789042914223
9789042914230
9789042914247
9789042914254
9789042914261
9789042914278
9789042914285
9789042914292
9789042914308
9789042914315
9789042914322
9789042914339
9789042914346
9789042914353
9789042914360
9789042914377
9789042914384
9789042914391
9789042914407
9789042914414
9789042914421
9789042914438
9789042914445
9789042914452
9789042914469
9789042914476
9789042914483
9789042914506
9789042914513
9789042914520
9789042914537
9789042914544
9789042914551
9789042914568
9789042914575
9789042914582
9789042914599
9789042914605
9789042914612
9789042914629
9789042914636
9789042914643
9789042914650
9789042914667
9789042914674
9789042914681
9789042914698
9789042914704
9789042914711
9789042914728
9789042914735
9789042914742
9789042914759
9789042914766
9789042914773
9789042914780
9789042914797
9789042914803
9789042914810
9789042914827
9789042914834
9789042914841
9789042914858
9789042914865
9789042914872
9789042914889
9789042914896
9789042914902
9789042914919
9789042914926
9789042914933
9789042914940
9789042914957
9789042914964
9789042914971
9789042914988
9789042914995
9789042915008
9789042915015
9789042915022
9789042915039
9789042915046
9789042915053
9789042915060
9789042915084
9789042915107
9789042915114
9789042915121
9789042915138
9789042915145
9789042915152
9789042915169
9789042915176
9789042915183
9789042915190
9789042915206
9789042915213
9789042915237
9789042915244
9789042915251
9789042915268
9789042915275
9789042915282
9789042915299
9789042915305
9789042915312
9789042915329
9789042915336
9789042915343
9789042915350
9789042915367
9789042915374
9789042915381
9789042915398
9789042915411
9789042915428
9789042915435
9789042915442
9789042915459
9789042915466
9789042915473
9789042915480
9789042915497
9789042915503
9789042915510
9789042915527
9789042915534
9789042915541
9789042915558
9789042915565
9789042915572
9789042915589
9789042915602
9789042915619
9789042915626
9789042915633
9789042915640
9789042915657
9789042915664
9789042915671
9789042915688
9789042915695
9789042915701
9789042915718
9789042915725
9789042915732
9789042915749
9789042915756
9789042915763
9789042915770
9789042915787
9789042915794
9789042915800
9789042915817
9789042915824
9789042915831
9789042915855
9789042915862
9789042915879
9789042915886
9789042915909
9789042915916
9789042915923
9789042915930
9789042915947
9789042915961
9789042915978
9789042915992
9789042916005
9789042916012
9789042916036
9789042916043
9789042916050
9789042916067
9789042916074
9789042916081
9789042916098
9789042916104
9789042916111
9789042916128
9789042916135
9789042916142
9789042916159
9789042916166
9789042916173
9789042916180
9789042916197
9789042916210
9789042916227
9789042916234
9789042916241
9789042916258
9789042916265
9789042916272
9789042916289
9789042916296
9789042916302
9789042916319
9789042916326
9789042916333
9789042916340
9789042916357
9789042916364
9789042916371
9789042916388
9789042916395
9789042916401
9789042916418
9789042916425
9789042916432
9789042916449
9789042916456
9789042916463
9789042916470
9789042916487
9789042916494
9789042916500
9789042916517
9789042916524
9789042916531
9789042916548
9789042916555
9789042916562
9789042916579
9789042916586
9789042916593
9789042916609
9789042916616
9789042916623
9789042916630
9789042916647
9789042916654
9789042916661
9789042916678
9789042916685
9789042916708
9789042916715
9789042916722
9789042916739
9789042916746
9789042916753
9789042916760
9789042916777
9789042916784
9789042916791
9789042916807
9789042916814
9789042916821
9789042916845
9789042916852
9789042916876
9789042916883
9789042916890
9789042916906
9789042916920
9789042916937
9789042916944
9789042916951
9789042916968
9789042916975
9789042916982
9789042916999
9789042917002
9789042917019
9789042917026
9789042917033
9789042917040
9789042917057
9789042917064
9789042917071
9789042917088
9789042917095
9789042917118
9789042917125
9789042917132
9789042917149
9789042917170
9789042917187
9789042917194
9789042917200
9789042917217
9789042917224
9789042917231
9789042917248
9789042917262
9789042917279
9789042917286
9789042917293
9789042917309
9789042917316
9789042917323
9789042917330
9789042917347
9789042917354
9789042917361
9789042917378
9789042917385
9789042917392
9789042917408
9789042917415
9789042917422
9789042917439
9789042917446
9789042917453
9789042917460
9789042917477
9789042917484
9789042917491
9789042917507
9789042917514
9789042917521
9789042917538
9789042917545
9789042917552
9789042917569
9789042917576
9789042917583
9789042917590
9789042917606
9789042917613
9789042917620
9789042917637
9789042917644
9789042917651
9789042917668
9789042917675
9789042917682
9789042917699
9789042917705
9789042917712
9789042917729
9789042917736
9789042917743
9789042917750
9789042917767
9789042917774
9789042917781
9789042917798
9789042917804
9789042917811
9789042917828
9789042917835
9789042917842
9789042917859
9789042917866
9789042917873
9789042917880
9789042917897
9789042917910
9789042917927
9789042917934
9789042917941
9789042917958
9789042917965
9789042917972
9789042917989
9789042917996
9789042918009
9789042918016
9789042918023
9789042918054
9789042918061
9789042918078
9789042918085
9789042918092
9789042918108
9789042918115
9789042918122
9789042918139
9789042918146
9789042918153
9789042918160
9789042918177
9789042918184
9789042918207
9789042918214
9789042918221
9789042918238
9789042918245
9789042918252
9789042918269
9789042918276
9789042918283
9789042918306
9789042918313
9789042918320
9789042918337
9789042918344
9789042918351
9789042918368
9789042918382
9789042918399
9789042918405
9789042918412
9789042918429
9789042918436
9789042918443
9789042918450
9789042918467
9789042918474
9789042918481
9789042918498
9789042918504
9789042918511
9789042918528
9789042918535
9789042918542
9789042918559
9789042918566
9789042918573
9789042918580
9789042918597
9789042918603
9789042918610
9789042918627
9789042918634
9789042918641
9789042918658
9789042918665
9789042918719
9789042918726
9789042918733
9789042918740
9789042918757
9789042918764
9789042918771
9789042918788
9789042918795
9789042918801
9789042918818
9789042918825
9789042918832
9789042918849
9789042918856
9789042918863
9789042918870
9789042918887
9789042918894
9789042918900
9789042918917
9789042918948
9789042918955
9789042918962
9789042918979
9789042918986
9789042919006
9789042919020
9789042919037
9789042919044
9789042919051
9789042919068
9789042919075
9789042919082
9789042919099
9789042919105
9789042919112
9789042919129
9789042919136
9789042919143
9789042919150
9789042919167
9789042919174
9789042919181
9789042919198
9789042919204
9789042919211
9789042919228
9789042919235
9789042919242
9789042919259
9789042919266
9789042919273
9789042919280
9789042919297
9789042919303
9789042919310
9789042919327
9789042919334
9789042919341
9789042919358
9789042919365
9789042919372
9789042919389
9789042919396
9789042919402
9789042919419
9789042919426
9789042919433
9789042919440
9789042919457
9789042919464
9789042919471
9789042919488
9789042919495
9789042919501
9789042919518
9789042919525
9789042919549
9789042919556
9789042919563
9789042919570
9789042919587
9789042919594
9789042919600
9789042919617
9789042919624
9789042919631
9789042919648
9789042919655
9789042919662
9789042919679
9789042919686
9789042919693
9789042919709
9789042919716
9789042919723
9789042919730
9789042919747
9789042919754
9789042919761
9789042919778
9789042919785
9789042919792
9789042919808
9789042919815
9789042919822
9789042919839
9789042919846
9789042919853
9789042919860
9789042919877
9789042919884
9789042919891
9789042919907
9789042919914
9789042919921
9789042919938
9789042919945
9789042919952
9789042919969
9789042919976
9789042919983
9789042919990
9789042920002
9789042920019
9789042920026
9789042920033
9789042920040
9789042920057
9789042920064
9789042920088
9789042920095
9789042920101
9789042920118
9789042920125
9789042920149
9789042920156
9789042920163
9789042920170
9789042920187
9789042920194
9789042920200
9789042920224
9789042920231
9789042920248
9789042920255
9789042920286
9789042920293
9789042920309
9789042920316
9789042920323
9789042920330
9789042920347
9789042920354
9789042920361
9789042920378
9789042920385
9789042920392
9789042920408
9789042920415
9789042920422
9789042920439
9789042920446
9789042920453
9789042920460
9789042920484
9789042920491
9789042920507
9789042920514
9789042920521
9789042920538
9789042920545
9789042920552
9789042920569
9789042920576
9789042920583
9789042920590
9789042920606
9789042920620
9789042920637
9789042920644
9789042920651
9789042920668
9789042920675
9789042920705
9789042920712
9789042920729
9789042920743
9789042920750
9789042920767
9789042920774
9789042920798
9789042920804
9789042920811
9789042920828
9789042920835
9789042920842
9789042920859
9789042920873
9789042920880
9789042920897
9789042920903
9789042920910
9789042920927
9789042920934
9789042920958
9789042920965
9789042920972
9789042920989
9789042920996
9789042921009
9789042921016
9789042921023
9789042921030
9789042921047
9789042921054
9789042921061
9789042921078
9789042921085
9789042921092
9789042921108
9789042921115
9789042921122
9789042921139
9789042921153
9789042921160
9789042921177
9789042921184
9789042921191
9789042921207
9789042921214
9789042921221
9789042921238
9789042921245
9789042921252
9789042921269
9789042921276
9789042921283
9789042921306
9789042921313
9789042921320
9789042921337
9789042921344
9789042921351
9789042921375
9789042921382
9789042921405
9789042921412
9789042921429
9789042921436
9789042921443
9789042921450
9789042921467
9789042921481
9789042921498
9789042921504
9789042921511
9789042921528
9789042921535
9789042921542
9789042921559
9789042921566
9789042921573
9789042921580
9789042921597
9789042921603
9789042921610
9789042921634
9789042921641
9789042921658
9789042921665
9789042921689
9789042921696
9789042921702
9789042921719
9789042921726
9789042921733
9789042921740
9789042921764
9789042921771
9789042921788
9789042921795
9789042921801
9789042921818
9789042921825
9789042921832
9789042921849
9789042921856
9789042921863
9789042921870
9789042921887
9789042921894
9789042921900
9789042921917
9789042921924
9789042921931
9789042921948
9789042921955
9789042921962
9789042921979
9789042921986
9789042921993
9789042922006
9789042922013
9789042922020
9789042922037
9789042922044
9789042922051
9789042922068
9789042922075
9789042922082
9789042922099
9789042922105
9789042922112
9789042922129
9789042922136
9789042922143
9789042922150
9789042922174
9789042922181
9789042922198
9789042922204
9789042922211
9789042922228
9789042922235
9789042922242
9789042922259
9789042922266
9789042922273
9789042922280
9789042922297
9789042922303
9789042922310
9789042922327
9789042922341
9789042922358
9789042922365
9789042922372
9789042922389
9789042922396
9789042922402
9789042922419
9789042922426
9789042922433
9789042922440
9789042922457
9789042922464
9789042922471
9789042922488
9789042922495
9789042922501
9789042922518
9789042922525
9789042922532
9789042922549
9789042922563
9789042922570
9789042922587
9789042922594
9789042922600
9789042922617
9789042922624
9789042922631
9789042922648
9789042922655
9789042922662
9789042922679
9789042922686
9789042922693
9789042922709
9789042922716
9789042922723
9789042922730
9789042922747
9789042922761
9789042922778
9789042922785
9789042922792
9789042922808
9789042922815
9789042922822
9789042922839
9789042922846
9789042922853
9789042922860
9789042922877
9789042922884
9789042922891
9789042922907
9789042922914
9789042922921
9789042922938
9789042922945
9789042922952
9789042922969
9789042922976
9789042922983
9789042922990
9789042923003
9789042923010
9789042923027
9789042923034
9789042923041
9789042923058
9789042923072
9789042923089
9789042923096
9789042923102
9789042923119
9789042923126
9789042923133
9789042923140
9789042923157
9789042923164
9789042923171
9789042923188
9789042923195
9789042923201
9789042923218
9789042923225
9789042923232
9789042923249
9789042923256
9789042923263
9789042923270
9789042923287
9789042923294
9789042923300
9789042923317
9789042923324
9789042923331
9789042923348
9789042923355
9789042923362
9789042923379
9789042923386
9789042923393
9789042923409
9789042923416
9789042923423
9789042923430
9789042923447
9789042923454
9789042923461
9789042923478
9789042923485
9789042923492
9789042923508
9789042923515
9789042923522
9789042923539
9789042923546
9789042923553
9789042923560
9789042923577
9789042923584
9789042923591
9789042923607
9789042923614
9789042923621
9789042923638
9789042923645
9789042923652
9789042923669
9789042923676
9789042923683
9789042923690
9789042923706
9789042923713
9789042923720
9789042923737
9789042923744
9789042923751
9789042923775
9789042923782
9789042923799
9789042923805
9789042923812
9789042923836
9789042923843
9789042923850
9789042923867
9789042923874
9789042923898
9789042923911
9789042923928
9789042923935
9789042923942
9789042923959
9789042923966
9789042923973
9789042923980
9789042923997
9789042924000
9789042924017
9789042924024
9789042924031
9789042924048
9789042924062
9789042924079
9789042924093
9789042924109
9789042924123
9789042924130
9789042924147
9789042924208
9789042924246
9789042924260
9789042924277
9789042924284
9789042924291
9789042924307
9789042924314
9789042924321
9789042924338
9789042924352
9789042924376
9789042924383
9789042924390
9789042924406
9789042924413
9789042924420
9789042924437
9789042924444
9789042924451
9789042924468
9789042924475
9789042924482
9789042924499
9789042924505
9789042924512
9789042924529
9789042924536
9789042924543
9789042924550
9789042924567
9789042924574
9789042924581
9789042924598
9789042924604
9789042924611
9789042924628
9789042924635
9789042924642
9789042924659
9789042924666
9789042924673
9789042924680
9789042924697
9789042924703
9789042924710
9789042924727
9789042924734
9789042924741
9789042924758
9789042924765
9789042924772
9789042924789
9789042924796
9789042924819
9789042924826
9789042924840
9789042924857
9789042924864
9789042924871
9789042924888
9789042924895
9789042924901
9789042924918
9789042924925
9789042924932
9789042924949
9789042924956
9789042924963
9789042924970
9789042924987
9789042924994
9789042925007
9789042925014
9789042925021
9789042925038
9789042925045
9789042925052
9789042925069
9789042925076
9789042925083
9789042925090
9789042925106
9789042925113
9789042925120
9789042925137
9789042925144
9789042925151
9789042925168
9789042925175
9789042925182
9789042925199
9789042925205
9789042925212
9789042925229
9789042925236
9789042925243
9789042925250
9789042925267
9789042925274
9789042925281
9789042925298
9789042925304
9789042925311
9789042925328
9789042925335
9789042925359
9789042925366
9789042925373
9789042925380
9789042925397
9789042925403
9789042925410
9789042925427
9789042925434
9789042925441
9789042925458
9789042925465
9789042925472
9789042925489
9789042925496
9789042925502
9789042925519
9789042925526
9789042925533
9789042925540
9789042925557
9789042925564
9789042925571
9789042925588
9789042925595
9789042925601
9789042925618
9789042925625
9789042925632
9789042925649
9789042925656
9789042925663
9789042925670
9789042925687
9789042925694
9789042925700
9789042925717
9789042925724
9789042925731
9789042925748
9789042925755
9789042925762
9789042925779
9789042925786
9789042925793
9789042925809
9789042925816
9789042925823
9789042925830
9789042925847
9789042925854
9789042925878
9789042925885
9789042925892
9789042925908
9789042925915
9789042925922
9789042925939
9789042925946
9789042925953
9789042925960
9789042925977
9789042925984
9789042925991
9789042926004
9789042926028
9789042926035
9789042926042
9789042926059
9789042926073
9789042926080
9789042926097
9789042926103
9789042926110
9789042926127
9789042926134
9789042926141
9789042926158
9789042926165
9789042926172
9789042926189
9789042926196
9789042926202
9789042926219
9789042926226
9789042926233
9789042926240
9789042926257
9789042926264
9789042926271
9789042926288
9789042926295
9789042926301
9789042926318
9789042926325
9789042926332
9789042926349
9789042926356
9789042926363
9789042926387
9789042926394
9789042926400
9789042926417
9789042926424
9789042926431
9789042926448
9789042926455
9789042926462
9789042926479
9789042926486
9789042926509
9789042926516
9789042926523
9789042926547
9789042926554
9789042926561
9789042926578
9789042926585
9789042926592
9789042926608
9789042926615
9789042926622
9789042926646
9789042926653
9789042926660
9789042926677
9789042926684
9789042926691
9789042926707
9789042926714
9789042926738
9789042926745
9789042926752
9789042926769
9789042926776
9789042926783
9789042926790
9789042926806
9789042926813
9789042926820
9789042926837
9789042926844
9789042926851
9789042926868
9789042926875
9789042926882
9789042926899
9789042926905
9789042926912
9789042926929
9789042926936
9789042926943
9789042926950
9789042926974
9789042926981
9789042926998
9789042927001
9789042927018
9789042927025
9789042927032
9789042927049
9789042927056
9789042927063
9789042927070
9789042927087
9789042927117
9789042927124
9789042927131
9789042927148
9789042927155
9789042927162
9789042927179
9789042927186
9789042927193
9789042927209
9789042927216
9789042927223
9789042927230
9789042927254
9789042927261
9789042927278
9789042927285
9789042927292
9789042927308
9789042927315
9789042927322
9789042927339
9789042927346
9789042927353
9789042927360
9789042927377
9789042927384
9789042927391
9789042927414
9789042927421
9789042927438
9789042927445
9789042927452
9789042927469
9789042927476
9789042927483
9789042927490
9789042927506
9789042927513
9789042927520
9789042927537
9789042927544
9789042927551
9789042927568
9789042927575
9789042927582
9789042927599
9789042927605
9789042927612
9789042927629
9789042927636
9789042927643
9789042927650
9789042927667
9789042927674
9789042927681
9789042927698
9789042927704
9789042927711
9789042927728
9789042927735
9789042927742
9789042927759
9789042927766
9789042927773
9789042927780
9789042927797
9789042927803
9789042927810
9789042927827
9789042927834
9789042927841
9789042927858
9789042927865
9789042927872
9789042927889
9789042927896
9789042927902
9789042927919
9789042927926
9789042927933
9789042927940
9789042927957
9789042927964
9789042927971
9789042927988
9789042927995
9789042928008
9789042928015
9789042928022
9789042928039
9789042928046
9789042928053
9789042928060
9789042928077
9789042928084
9789042928091
9789042928107
9789042928114
9789042928121
9789042928138
9789042928145
9789042928152
9789042928169
9789042928176
9789042928183
9789042928190
9789042928206
9789042928213
9789042928220
9789042928237
9789042928244
9789042928251
9789042928268
9789042928282
9789042928299
9789042928305
9789042928312
9789042928329
9789042928336
9789042928343
9789042928350
9789042928367
9789042928374
9789042928381
9789042928398
9789042928404
9789042928411
9789042928428
9789042928435
9789042928442
9789042928466
9789042928473
9789042928480
9789042928497
9789042928503
9789042928510
9789042928527
9789042928541
9789042928558
9789042928565
9789042928572
9789042928589
9789042928596
9789042928602
9789042928619
9789042928626
9789042928633
9789042928640
9789042928657
9789042928664
9789042928671
9789042928688
9789042928695
9789042928701
9789042928718
9789042928725
9789042928732
9789042928756
9789042928763
9789042928770
9789042928787
9789042928794
9789042928800
9789042928817
9789042928824
9789042928831
9789042928848
9789042928855
9789042928862
9789042928879
9789042928886
9789042928893
9789042928909
9789042928916
9789042928923
9789042928930
9789042928954
9789042928961
9789042928978
9789042928985
9789042928992
9789042929005
9789042929012
9789042929029
9789042929043
9789042929050
9789042929067
9789042929074
9789042929081
9789042929098
9789042929104
9789042929111
9789042929128
9789042929135
9789042929142
9789042929159
9789042929166
9789042929173
9789042929180
9789042929197
9789042929203
9789042929210
9789042929227
9789042929234
9789042929241
9789042929258
9789042929265
9789042929272
9789042929289
9789042929296
9789042929302
9789042929319
9789042929326
9789042929364
9789042929371
9789042929388
9789042929401
9789042929425
9789042929432
9789042929449
9789042929456
9789042929463
9789042929470
9789042929487
9789042929494
9789042929500
9789042929517
9789042929524
9789042929531
9789042929548
9789042929555
9789042929562
9789042929579
9789042929586
9789042929593
9789042929609
9789042929616
9789042929623
9789042929630
9789042929647
9789042929654
9789042929661
9789042929678
9789042929685
9789042929692
9789042929708
9789042929722
9789042929739
9789042929753
9789042929760
9789042929784
9789042929791
9789042929807
9789042929814
9789042929821
9789042929838
9789042929852
9789042929876
9789042929951
9789042929968
9789042929975
9789042929982
9789042929999
9789042930001
9789042930018
9789042930025
9789042930032
9789042930049
9789042930056
9789042930063
9789042930070
9789042930087
9789042930100
9789042930117
9789042930124
9789042930131
9789042930148
9789042930162
9789042930179
9789042930186
9789042930193
9789042930209
9789042930216
9789042930223
9789042930230
9789042930247
9789042930254
9789042930261
9789042930278
9789042930285
9789042930292
9789042930308
9789042930315
9789042930346
9789042930353
9789042930360
9789042930377
9789042930384
9789042930391
9789042930407
9789042930414
9789042930421
9789042930445
9789042930452
9789042930469
9789042930476
9789042930483
9789042930490
9789042930506
9789042930513
9789042930520
9789042930537
9789042930551
9789042930568
9789042930575
9789042930582
9789042930599
9789042930612
9789042930629
9789042930636
9789042930643
9789042930650
9789042930667
9789042930674
9789042930681
9789042930698
9789042930704
9789042930711
9789042930728
9789042930735
9789042930742
9789042930766
9789042930773
9789042930780
9789042930797
9789042930803
9789042930827
9789042930834
9789042930841
9789042930858
9789042930872
9789042930889
9789042930896
9789042930902
9789042930919
9789042930926
9789042930933
9789042930940
9789042930957
9789042930964
9789042930971
9789042930988
9789042930995
9789042931008
9789042931015
9789042931022
9789042931039
9789042931046
9789042931053
9789042931060
9789042931077
9789042931084
9789042931091
9789042931107
9789042931114
9789042931121
9789042931138
9789042931145
9789042931152
9789042931169
9789042931176
9789042931183
9789042931190
9789042931206
9789042931213
9789042931220
9789042931237
9789042931244
9789042931251
9789042931268
9789042931275
9789042931282
9789042931299
9789042931305
9789042931312
9789042931329
9789042931336
9789042931343
9789042931350
9789042931367
9789042931374
9789042931381
9789042931398
9789042931404
9789042931411
9789042931428
9789042931442
9789042931459
9789042931466
9789042931473
9789042931480
9789042931503
9789042931510
9789042931527
9789042931534
9789042931541
9789042931558
9789042931565
9789042931589
9789042931596
9789042931602
9789042931619
9789042931626
9789042931633
9789042931664
9789042931671
9789042931688
9789042931695
9789042931701
9789042931718
9789042931725
9789042931732
9789042931749
9789042931763
9789042931770
9789042931787
9789042931794
9789042931800
9789042931817
9789042931824
9789042931831
9789042931848
9789042931855
9789042931862
9789042931879
9789042931893
9789042931909
9789042931916
9789042931923
9789042931930
9789042931947
9789042931954
9789042931961
9789042931978
9789042931985
9789042931992
9789042932005
9789042932012
9789042932036
9789042932050
9789042932067
9789042932074
9789042932081
9789042932104
9789042932128
9789042932135
9789042932159
9789042932166
9789042932180
9789042932197
9789042932203
9789042932210
9789042932227
9789042932234
9789042932241
9789042932258
9789042932272
9789042932319
9789042932326
9789042932333
9789042932340
9789042932357
9789042932364
9789042932371
9789042932388
9789042932395
9789042932418
9789042932425
9789042932432
9789042932449
9789042932456
9789042932463
9789042932470
9789042932487
9789042932494
9789042932500
9789042932517
9789042932548
9789042932555
9789042932562
9789042932579
9789042932593
9789042932609
9789042932616
9789042932623
9789042932647
9789042932654
9789042932661
9789042932678
9789042932692
9789042932708
9789042932715
9789042932722
9789042932739
9789042932746
9789042932753
9789042932760
9789042932777
9789042932807
9789042932814
9789042932821
9789042932838
9789042932852
9789042932869
9789042932876
9789042932883
9789042932890
9789042932906
9789042932913
9789042932920
9789042932937
9789042932975
9789042932982
9789042932999
9789042933002
9789042933019
9789042933026
9789042933033
9789042933040
9789042933057
9789042933071
9789042933088
9789042933118
9789042933125
9789042933132
9789042933156
9789042933163
9789042933170
9789042933194
9789042933200
9789042933217
9789042933231
9789042933248
9789042933255
9789042933262
9789042933279
9789042933286
9789042933293
9789042933316
9789042933323
9789042933347
9789042933354
9789042933378
9789042933415
9789042933422
9789042933446
9789042933460
9789042933477
9789042933484
9789042933491
9789042933507
9789042933514
9789042933521
9789042933552
9789042933569
9789042933583
9789042933590
9789042933606
9789042933613
9789042933637
9789042933644
9789042933651
9789042933668
9789042933675
9789042933712
9789042933729
9789042933736
9789042933743
9789042933750
9789042933767
9789042933798
9789042933835
9789042933842
9789042933880
9789042933897
9789042933903
9789042933927
9789042933965
9789042934047
9789042934054
9789042934078
9789042934085
9789042934122
9789042934139
9789042934146
9789042934160
9789042934238
9789042934283
9789042934320
9789042934399
9789042934672
9789043103497
9789043103527
9789043103558
9789043103589
9789043103619
9789043103640
9789043103664
9789043103695
9789043103725
9789043103756
9789043104074
9789043110914
9789043110938
9789043110952
9789043110969
9789043110976
9789043110983
9789043110990
9789043111560
9789043111577
9789043111584
9789043111591
9789043111607
9789043111614
9789043111621
9789043111911
9789043111973
9789043112024
9789043112093
9789043117005
9789043122726
9789043123570
9789043123587
9789043123594
9789043123600
9789043123617
9789043123624
9789043123631
9789043123648
9789043123655
9789043123662
9789043123679
9789043123686
9789043131025
9789043501262
9789043600293
9789043912273
9789044001112
9789044114966
9789044119961
9789044123876
9789044124675
9789044126587
9789044127447
9789044128345
9789044128529
9789044128550
9789044128710
9789044128857
9789044128888
9789044128895
9789044129274
9789044129281
9789044129328
9789044130508
9789044131185
9789044131260
9789044131291
9789044131390
9789044131475
9789044131833
9789044132243
9789044132267
9789044132427
9789044132601
9789044132632
9789044132762
9789044132809
9789044132991
9789044133301
9789044133349
9789044133592
9789044133783
9789044134179
9789044134506
9789046600054
9789046600061
9789046600276
9789046601037
9789046601051
9789046601068
9789046601167
9789046601440
9789046601457
9789046601518
9789046601686
9789046601747
9789046602003
9789046602171
9789046602195
9789046602416
9789046602423
9789046602485
9789046602560
9789046602638
9789046602645
9789046602652
9789046602676
9789046602713
9789046602720
9789046602768
9789046602799
9789046602966
9789046603000
9789046603123
9789046603161
9789046603178
9789046603260
9789046603277
9789046603284
9789046603291
9789046603390
9789046603437
9789046603444
9789046603574
9789046603581
9789046603673
9789046603901
9789046604038
9789046604045
9789046604076
9789046604120
9789046604298
9789046604373
9789046604380
9789046604403
9789046604557
9789046604564
9789046604731
9789046604908
9789046604991
9789046605042
9789046605141
9789046605202
9789046605219
9789046605257
9789046605264
9789046605370
9789046605387
9789046605417
9789046605424
9789046605448
9789046605578
9789046605714
9789046605745
9789046605899
9789046606032
9789046606322
9789046606513
9789046606551
9789046606599
9789046606735
9789046606780
9789046606865
9789046606902
9789046606933
9789046606957
9789046607183
9789046607473
9789046607497
9789046607626
9789046607725
9789046607787
9789046607855
9789046607923
9789046607961
9789046607978
9789046607985
9789046608098
9789046608104
9789046608296
9789046608326
9789046816394
9789047007876
9789047008729
9789047009092
9789047424086
9789047426820
9789047427124
9789047427285
9789047427292
9789047429999
9789047432982
9789047433514
9789047442363
9789047442370
9789047442844
9789047443728
9789048122233
9789048122257
9789048122264
9789048122288
9789048122301
9789048122325
9789048122349
9789048122363
9789048122370
9789048122400
9789048122417
9789048122424
9789048122448
9789048122462
9789048122486
9789048122509
9789048122523
9789048122547
9789048122561
9789048122585
9789048122608
9789048122622
9789048122639
9789048122646
9789048122684
9789048122707
9789048122776
9789048122851
9789048122868
9789048122974
9789048123001
9789048123025
9789048123049
9789048123070
9789048123087
9789048123100
9789048123124
9789048123155
9789048123179
9789048123186
9789048123216
9789048123308
9789048123339
9789048123346
9789048123360
9789048123377
9789048123384
9789048123407
9789048123414
9789048123438
9789048123452
9789048123476
9789048123490
9789048123513
9789048123537
9789048123551
9789048123568
9789048123575
9789048123599
9789048123612
9789048123636
9789048123643
9789048123667
9789048123674
9789048123698
9789048123742
9789048123803
9789048123827
9789048123841
9789048123858
9789048123889
9789048123902
9789048123919
9789048123926
9789048123988
9789048124008
9789048124022
9789048124053
9789048124077
9789048124091
9789048124114
9789048124145
9789048124169
9789048124183
9789048124268
9789048124305
9789048124329
9789048124343
9789048124367
9789048124435
9789048124459
9789048124473
9789048124497
9789048124572
9789048124596
9789048124633
9789048124640
9789048124664
9789048124688
9789048124701
9789048124725
9789048124749
9789048124763
9789048124787
9789048124800
9789048124824
9789048124831
9789048124855
9789048124862
9789048124879
9789048124954
9789048124978
9789048124992
9789048125029
9789048125043
9789048125074
9789048125098
9789048125111
9789048125135
9789048125159
9789048125173
9789048125197
9789048125210
9789048125227
9789048125241
9789048125258
9789048125272
9789048125296
9789048125319
9789048125371
9789048125395
9789048125418
9789048125517
9789048125531
9789048125609
9789048125647
9789048125814
9789048125845
9789048125876
9789048125920
9789048125951
9789048125982
9789048126019
9789048126040
9789048126071
9789048126101
9789048126132
9789048126163
9789048126194
9789048126224
9789048126255
9789048126286
9789048126316
9789048126347
9789048126354
9789048126385
9789048126408
9789048126415
9789048126439
9789048126453
9789048126484
9789048126514
9789048126545
9789048126590
9789048126620
9789048126651
9789048126682
9789048126712
9789048126743
9789048126774
9789048126804
9789048126835
9789048126866
9789048126903
9789048126934
9789048126965
9789048126996
9789048127023
9789048127054
9789048127092
9789048127108
9789048127115
9789048127122
9789048127153
9789048127184
9789048127214
9789048127245
9789048127276
9789048127306
9789048127337
9789048127368
9789048127399
9789048127429
9789048127450
9789048127511
9789048127559
9789048127580
9789048127634
9789048127665
9789048127696
9789048127726
9789048127757
9789048127788
9789048127818
9789048127849
9789048127870
9789048127900
9789048127917
9789048127948
9789048127979
9789048128006
9789048128037
9789048128068
9789048128099
9789048128129
9789048128150
9789048128181
9789048128211
9789048128242
9789048128273
9789048128303
9789048128334
9789048128389
9789048128402
9789048128440
9789048128464
9789048128495
9789048128525
9789048128556
9789048128594
9789048128624
9789048128655
9789048128686
9789048128709
9789048128723
9789048128747
9789048128761
9789048128785
9789048128815
9789048128846
9789048128877
9789048128907
9789048128914
9789048128945
9789048128976
9789048128983
9789048129010
9789048129027
9789048129058
9789048129089
9789048129119
9789048129140
9789048129171
9789048129201
9789048129232
9789048129263
9789048129294
9789048129355
9789048129386
9789048129416
9789048129447
9789048129478
9789048129485
9789048129515
9789048129522
9789048129553
9789048129591
9789048129638
9789048129669
9789048129690
9789048129720
9789048129751
9789048129782
9789048129812
9789048129843
9789048129874
9789048129881
9789048129911
9789048129928
9789048129959
9789048129980
9789048130016
9789048130054
9789048130085
9789048130115
9789048130146
9789048130177
9789048130207
9789048130238
9789048130245
9789048130276
9789048130306
9789048130337
9789048130368
9789048130399
9789048130429
9789048130450
9789048130481
9789048130511
9789048130542
9789048130573
9789048130603
9789048130610
9789048130641
9789048130672
9789048130702
9789048130733
9789048130764
9789048130795
9789048130825
9789048130856
9789048130894
9789048130924
9789048130955
9789048130962
9789048130993
9789048131020
9789048131051
9789048131082
9789048131112
9789048131150
9789048131181
9789048131198
9789048131228
9789048131259
9789048131280
9789048131310
9789048131341
9789048131372
9789048131402
9789048131433
9789048131464
9789048131495
9789048131525
9789048131556
9789048131587
9789048131617
9789048131648
9789048131662
9789048131693
9789048131730
9789048131761
9789048131792
9789048131822
9789048131853
9789048131884
9789048131914
9789048131945
9789048131976
9789048132003
9789048132034
9789048132058
9789048132089
9789048132119
9789048132140
9789048132171
9789048132201
9789048132232
9789048132263
9789048132294
9789048132324
9789048132355
9789048132386
9789048132423
9789048132454
9789048132485
9789048132515
9789048132546
9789048132577
9789048132607
9789048132621
9789048132652
9789048132676
9789048132683
9789048132706
9789048132768
9789048132775
9789048132799
9789048132812
9789048132843
9789048132874
9789048132928
9789048132942
9789048132966
9789048132980
9789048133000
9789048133024
9789048133116
9789048133154
9789048133185
9789048133208
9789048133222
9789048133246
9789048133307
9789048133321
9789048133345
9789048133383
9789048133406
9789048133437
9789048133451
9789048133475
9789048133499
9789048133512
9789048133536
9789048133550
9789048133574
9789048133611
9789048133642
9789048133727
9789048133741
9789048133765
9789048133802
9789048133840
9789048133864
9789048133888
9789048133918
9789048133970
9789048133994
9789048134021
9789048134045
9789048134069
9789048134076
9789048134106
9789048134144
9789048134168
9789048134182
9789048134205
9789048134229
9789048134250
9789048134274
9789048134298
9789048134311
9789048134328
9789048134342
9789048134366
9789048134380
9789048134403
9789048134427
9789048134465
9789048134571
9789048134649
9789048134663
9789048134700
9789048134724
9789048134748
9789048134762
9789048134823
9789048134847
9789048134861
9789048134908
9789048134939
9789048134953
9789048134960
9789048134984
9789048135004
9789048135028
9789048135035
9789048135066
9789048135080
9789048135165
9789048135196
9789048135219
9789048135233
9789048135264
9789048135288
9789048135301
9789048135370
9789048135394
9789048135417
9789048135448
9789048135455
9789048135493
9789048135523
9789048135547
9789048135592
9789048135615
9789048135639
9789048135691
9789048135721
9789048135745
9789048135783
9789048135806
9789048135820
9789048135844
9789048135868
9789048135905
9789048135912
9789048135936
9789048135950
9789048135974
9789048135998
9789048136056
9789048136087
9789048136117
9789048136148
9789048136162
9789048136186
9789048136209
9789048136216
9789048136308
9789048136322
9789048136339
9789048136377
9789048136407
9789048136421
9789048136445
9789048136490
9789048136513
9789048136551
9789048136575
9789048136599
9789048136612
9789048136636
9789048136650
9789048136735
9789048136759
9789048136773
9789048136797
9789048136827
9789048136858
9789048136896
9789048136902
9789048136919
9789048136933
9789048136957
9789048136971
9789048137015
9789048137060
9789048137084
9789048137121
9789048137183
9789048137206
9789048137220
9789048137244
9789048137268
9789048137282
9789048137343
9789048137367
9789048137381
9789048137428
9789048137442
9789048137466
9789048137480
9789048137503
9789048137527
9789048137534
9789048137626
9789048137640
9789048137664
9789048137688
9789048137701
9789048137732
9789048137756
9789048137787
9789048137824
9789048137848
9789048137862
9789048137916
9789048137947
9789048137961
9789048137985
9789048138036
9789048138050
9789048138067
9789048138081
9789048138104
9789048138111
9789048138142
9789048138166
9789048138258
9789048138272
9789048138296
9789048138319
9789048138333
9789048138357
9789048138395
9789048138418
9789048138432
9789048138449
9789048138487
9789048138500
9789048138562
9789048138609
9789048138616
9789048138647
9789048138661
9789048138708
9789048138821
9789048138845
9789048138869
9789048138883
9789048138890
9789048138913
9789048138951
9789048138975
9789048138999
9789048139088
9789048139125
9789048139149
9789048139163
9789048139187
9789048139262
9789048139286
9789048139309
9789048139323
9789048139347
9789048139361
9789048139385
9789048139408
9789048139422
9789048139446
9789048139460
9789048139484
9789048139651
9789048139682
9789048139729
9789048139767
9789048139828
9789048139866
9789048139897
9789048139927
9789048139958
9789048139989
9789048140015
9789048140022
9789048140039
9789048140046
9789048140053
9789048140060
9789048140077
9789048140084
9789048140091
9789048140107
9789048140114
9789048140121
9789048140138
9789048140145
9789048140152
9789048140169
9789048140176
9789048140183
9789048140190
9789048140206
9789048140213
9789048140220
9789048140237
9789048140244
9789048140251
9789048140268
9789048140275
9789048140282
9789048140299
9789048140305
9789048140312
9789048140329
9789048140336
9789048140343
9789048140350
9789048140367
9789048140374
9789048140381
9789048140398
9789048140404
9789048140411
9789048140428
9789048140435
9789048140442
9789048140459
9789048140466
9789048140473
9789048140480
9789048140497
9789048140503
9789048140510
9789048140527
9789048140534
9789048140541
9789048140558
9789048140565
9789048140572
9789048140589
9789048140596
9789048140602
9789048140619
9789048140626
9789048140633
9789048140640
9789048140657
9789048140664
9789048140671
9789048140688
9789048140695
9789048140701
9789048140718
9789048140725
9789048140732
9789048140749
9789048140756
9789048140763
9789048140770
9789048140787
9789048140794
9789048140800
9789048140817
9789048140824
9789048140831
9789048140848
9789048140855
9789048140862
9789048140879
9789048140886
9789048140893
9789048140909
9789048140916
9789048140930
9789048140947
9789048140954
9789048140961
9789048140978
9789048140985
9789048140992
9789048141005
9789048141012
9789048141029
9789048141036
9789048141043
9789048141050
9789048141067
9789048141074
9789048141081
9789048141098
9789048141104
9789048141111
9789048141128
9789048141135
9789048141142
9789048141159
9789048141166
9789048141173
9789048141180
9789048141197
9789048141203
9789048141210
9789048141227
9789048141234
9789048141241
9789048141258
9789048141265
9789048141272
9789048141289
9789048141296
9789048141302
9789048141319
9789048141326
9789048141333
9789048141340
9789048141357
9789048141364
9789048141371
9789048141388
9789048141395
9789048141401
9789048141418
9789048141425
9789048141432
9789048141449
9789048141456
9789048141463
9789048141470
9789048141487
9789048141494
9789048141500
9789048141517
9789048141524
9789048141531
9789048141548
9789048141555
9789048141562
9789048141579
9789048141586
9789048141593
9789048141609
9789048141616
9789048141623
9789048141630
9789048141647
9789048141654
9789048141661
9789048141678
9789048141685
9789048141692
9789048141708
9789048141715
9789048141722
9789048141739
9789048141746
9789048141753
9789048141760
9789048141777
9789048141784
9789048141791
9789048141807
9789048141814
9789048141821
9789048141838
9789048141845
9789048141852
9789048141869
9789048141876
9789048141883
9789048141890
9789048141906
9789048141913
9789048141920
9789048141937
9789048141944
9789048141951
9789048141968
9789048141975
9789048141982
9789048141999
9789048142002
9789048142019
9789048142026
9789048142033
9789048142040
9789048142057
9789048142064
9789048142071
9789048142088
9789048142095
9789048142101
9789048142118
9789048142125
9789048142132
9789048142149
9789048142156
9789048142163
9789048142170
9789048142187
9789048142194
9789048142200
9789048142217
9789048142224
9789048142231
9789048142248
9789048142255
9789048142262
9789048142279
9789048142286
9789048142293
9789048142309
9789048142316
9789048142323
9789048142330
9789048142347
9789048142354
9789048142361
9789048142378
9789048142385
9789048142392
9789048142408
9789048142415
9789048142422
9789048142439
9789048142446
9789048142453
9789048142460
9789048142477
9789048142484
9789048142491
9789048142507
9789048142514
9789048142521
9789048142538
9789048142545
9789048142552
9789048142569
9789048142576
9789048142583
9789048142590
9789048142606
9789048142613
9789048142620
9789048142637
9789048142644
9789048142651
9789048142668
9789048142675
9789048142682
9789048142699
9789048142705
9789048142712
9789048142729
9789048142736
9789048142743
9789048142750
9789048142767
9789048142774
9789048142781
9789048142798
9789048142804
9789048142811
9789048142828
9789048142835
9789048142842
9789048142859
9789048142866
9789048142873
9789048142880
9789048142897
9789048142903
9789048142910
9789048142927
9789048142934
9789048142941
9789048142958
9789048142965
9789048142972
9789048142989
9789048142996
9789048143009
9789048143016
9789048143023
9789048143030
9789048143047
9789048143054
9789048143061
9789048143078
9789048143085
9789048143092
9789048143108
9789048143115
9789048143122
9789048143139
9789048143146
9789048143153
9789048143160
9789048143177
9789048143184
9789048143191
9789048143207
9789048143214
9789048143221
9789048143238
9789048143245
9789048143252
9789048143269
9789048143276
9789048143283
9789048143290
9789048143306
9789048143313
9789048143320
9789048143337
9789048143344
9789048143351
9789048143368
9789048143375
9789048143382
9789048143399
9789048143405
9789048143412
9789048143429
9789048143436
9789048143443
9789048143450
9789048143467
9789048143474
9789048143481
9789048143498
9789048143504
9789048143511
9789048143528
9789048143535
9789048143542
9789048143559
9789048143566
9789048143573
9789048143580
9789048143597
9789048143603
9789048143610
9789048143627
9789048143634
9789048143641
9789048143658
9789048143665
9789048143672
9789048143689
9789048143696
9789048143702
9789048143719
9789048143726
9789048143733
9789048143740
9789048143757
9789048143764
9789048143771
9789048143788
9789048143795
9789048143801
9789048143818
9789048143825
9789048143832
9789048143849
9789048143856
9789048143863
9789048143870
9789048143887
9789048143894
9789048143900
9789048143917
9789048143924
9789048143931
9789048143948
9789048143955
9789048143962
9789048143979
9789048143986
9789048143993
9789048144006
9789048144013
9789048144020
9789048144037
9789048144044
9789048144051
9789048144068
9789048144075
9789048144082
9789048144099
9789048144105
9789048144112
9789048144129
9789048144136
9789048144143
9789048144150
9789048144167
9789048144174
9789048144181
9789048144198
9789048144204
9789048144228
9789048144235
9789048144242
9789048144259
9789048144266
9789048144273
9789048144280
9789048144297
9789048144303
9789048144310
9789048144327
9789048144334
9789048144341
9789048144358
9789048144365
9789048144372
9789048144389
9789048144396
9789048144402
9789048144419
9789048144426
9789048144433
9789048144440
9789048144457
9789048144464
9789048144471
9789048144488
9789048144495
9789048144501
9789048144518
9789048144525
9789048144532
9789048144549
9789048144556
9789048144563
9789048144570
9789048144587
9789048144594
9789048144600
9789048144617
9789048144624
9789048144631
9789048144648
9789048144655
9789048144662
9789048144679
9789048144686
9789048144693
9789048144709
9789048144716
9789048144723
9789048144730
9789048144747
9789048144754
9789048144761
9789048144778
9789048144785
9789048144792
9789048144808
9789048144815
9789048144822
9789048144839
9789048144846
9789048144853
9789048144860
9789048144877
9789048144884
9789048144891
9789048144907
9789048144914
9789048144921
9789048144938
9789048144945
9789048144952
9789048144969
9789048144976
9789048144983
9789048144990
9789048145003
9789048145010
9789048145027
9789048145034
9789048145041
9789048145058
9789048145065
9789048145072
9789048145089
9789048145096
9789048145102
9789048145119
9789048145126
9789048145133
9789048145140
9789048145157
9789048145164
9789048145171
9789048145188
9789048145195
9789048145201
9789048145218
9789048145225
9789048145232
9789048145249
9789048145256
9789048145263
9789048145270
9789048145287
9789048145294
9789048145300
9789048145317
9789048145324
9789048145331
9789048145348
9789048145355
9789048145362
9789048145379
9789048145386
9789048145393
9789048145409
9789048145416
9789048145423
9789048145430
9789048145447
9789048145454
9789048145461
9789048145478
9789048145485
9789048145492
9789048145508
9789048145515
9789048145522
9789048145539
9789048145546
9789048145553
9789048145560
9789048145577
9789048145584
9789048145591
9789048145607
9789048145614
9789048145621
9789048145638
9789048145645
9789048145652
9789048145669
9789048145676
9789048145683
9789048145690
9789048145706
9789048145713
9789048145720
9789048145737
9789048145744
9789048145751
9789048145768
9789048145775
9789048145782
9789048145799
9789048145805
9789048145812
9789048145829
9789048145836
9789048145843
9789048145850
9789048145867
9789048145874
9789048145881
9789048145898
9789048145904
9789048145911
9789048145928
9789048145935
9789048145942
9789048145959
9789048145966
9789048145973
9789048145980
9789048145997
9789048146000
9789048146017
9789048146024
9789048146031
9789048146048
9789048146055
9789048146062
9789048146079
9789048146086
9789048146093
9789048146109
9789048146116
9789048146123
9789048146130
9789048146147
9789048146154
9789048146161
9789048146178
9789048146185
9789048146192
9789048146208
9789048146215
9789048146222
9789048146239
9789048146246
9789048146253
9789048146260
9789048146277
9789048146284
9789048146291
9789048146307
9789048146314
9789048146321
9789048146338
9789048146345
9789048146352
9789048146369
9789048146376
9789048146383
9789048146390
9789048146406
9789048146413
9789048146420
9789048146437
9789048146444
9789048146451
9789048146468
9789048146475
9789048146482
9789048146499
9789048146505
9789048146512
9789048146529
9789048146536
9789048146543
9789048146550
9789048146567
9789048146574
9789048146581
9789048146598
9789048146604
9789048146611
9789048146628
9789048146635
9789048146642
9789048146659
9789048146666
9789048146673
9789048146680
9789048146697
9789048146703
9789048146710
9789048146727
9789048146734
9789048146741
9789048146758
9789048146765
9789048146772
9789048146789
9789048146796
9789048146802
9789048146819
9789048146826
9789048146833
9789048146840
9789048146857
9789048146864
9789048146871
9789048146888
9789048146895
9789048146901
9789048146918
9789048146925
9789048146932
9789048146949
9789048146956
9789048146963
9789048146970
9789048146987
9789048146994
9789048147007
9789048147014
9789048147021
9789048147038
9789048147045
9789048147052
9789048147069
9789048147076
9789048147083
9789048147090
9789048147106
9789048147113
9789048147120
9789048147137
9789048147144
9789048147151
9789048147168
9789048147175
9789048147182
9789048147199
9789048147205
9789048147212
9789048147229
9789048147236
9789048147243
9789048147250
9789048147267
9789048147274
9789048147281
9789048147298
9789048147304
9789048147311
9789048147328
9789048147335
9789048147342
9789048147359
9789048147366
9789048147373
9789048147380
9789048147397
9789048147403
9789048147410
9789048147427
9789048147434
9789048147441
9789048147458
9789048147465
9789048147472
9789048147489
9789048147496
9789048147502
9789048147519
9789048147526
9789048147533
9789048147540
9789048147557
9789048147564
9789048147571
9789048147588
9789048147595
9789048147601
9789048147618
9789048147625
9789048147632
9789048147649
9789048147656
9789048147663
9789048147670
9789048147687
9789048147694
9789048147700
9789048147717
9789048147724
9789048147731
9789048147748
9789048147755
9789048147762
9789048147779
9789048147786
9789048147793
9789048147809
9789048147816
9789048147823
9789048147830
9789048147847
9789048147854
9789048147861
9789048147878
9789048147885
9789048147892
9789048147908
9789048147915
9789048147922
9789048147939
9789048147946
9789048147953
9789048147960
9789048147977
9789048147984
9789048147991
9789048148004
9789048148011
9789048148028
9789048148035
9789048148042
9789048148059
9789048148066
9789048148073
9789048148080
9789048148097
9789048148103
9789048148110
9789048148127
9789048148134
9789048148141
9789048148158
9789048148165
9789048148172
9789048148189
9789048148196
9789048148202
9789048148219
9789048148226
9789048148233
9789048148240
9789048148257
9789048148264
9789048148271
9789048148288
9789048148295
9789048148301
9789048148318
9789048148325
9789048148332
9789048148349
9789048148356
9789048148363
9789048148370
9789048148387
9789048148394
9789048148400
9789048148417
9789048148424
9789048148431
9789048148448
9789048148455
9789048148462
9789048148479
9789048148486
9789048148493
9789048148509
9789048148516
9789048148523
9789048148530
9789048148547
9789048148554
9789048148561
9789048148578
9789048148585
9789048148592
9789048148608
9789048148615
9789048148622
9789048148639
9789048148646
9789048148653
9789048148660
9789048148677
9789048148684
9789048148691
9789048148707
9789048148714
9789048148721
9789048148738
9789048148745
9789048148752
9789048148769
9789048148776
9789048148783
9789048148790
9789048148806
9789048148813
9789048148820
9789048148837
9789048148844
9789048148851
9789048148868
9789048148875
9789048148882
9789048148899
9789048148905
9789048148912
9789048148929
9789048148943
9789048148950
9789048148967
9789048148974
9789048148981
9789048148998
9789048149001
9789048149018
9789048149025
9789048149032
9789048149049
9789048149056
9789048149063
9789048149070
9789048149087
9789048149094
9789048149100
9789048149117
9789048149124
9789048149131
9789048149148
9789048149155
9789048149162
9789048149179
9789048149186
9789048149193
9789048149209
9789048149216
9789048149223
9789048149230
9789048149247
9789048149254
9789048149261
9789048149278
9789048149285
9789048149292
9789048149308
9789048149315
9789048149322
9789048149339
9789048149346
9789048149353
9789048149360
9789048149377
9789048149384
9789048149391
9789048149407
9789048149414
9789048149421
9789048149438
9789048149445
9789048149452
9789048149469
9789048149476
9789048149483
9789048149490
9789048149506
9789048149513
9789048149520
9789048149537
9789048149544
9789048149551
9789048149568
9789048149575
9789048149582
9789048149599
9789048149605
9789048149612
9789048149629
9789048149636
9789048149643
9789048149650
9789048149667
9789048149674
9789048149681
9789048149698
9789048149704
9789048149711
9789048149728
9789048149735
9789048149742
9789048149759
9789048149766
9789048149773
9789048149780
9789048149797
9789048149803
9789048149810
9789048149827
9789048149834
9789048149841
9789048149858
9789048149865
9789048149872
9789048149889
9789048149896
9789048149902
9789048149919
9789048149926
9789048149933
9789048149940
9789048149957
9789048149964
9789048149971
9789048149988
9789048149995
9789048150007
9789048150014
9789048150021
9789048150038
9789048150045
9789048150052
9789048150069
9789048150076
9789048150083
9789048150090
9789048150106
9789048150113
9789048150120
9789048150137
9789048150144
9789048150151
9789048150168
9789048150175
9789048150182
9789048150199
9789048150205
9789048150212
9789048150229
9789048150236
9789048150243
9789048150250
9789048150267
9789048150274
9789048150281
9789048150298
9789048150304
9789048150311
9789048150328
9789048150335
9789048150342
9789048150359
9789048150366
9789048150373
9789048150380
9789048150397
9789048150403
9789048150410
9789048150427
9789048150434
9789048150441
9789048150458
9789048150465
9789048150472
9789048150489
9789048150496
9789048150502
9789048150519
9789048150526
9789048150533
9789048150540
9789048150557
9789048150564
9789048150571
9789048150588
9789048150595
9789048150601
9789048150618
9789048150625
9789048150632
9789048150649
9789048150656
9789048150663
9789048150670
9789048150687
9789048150694
9789048150700
9789048150717
9789048150724
9789048150731
9789048150748
9789048150755
9789048150762
9789048150779
9789048150786
9789048150793
9789048150809
9789048150816
9789048150823
9789048150830
9789048150847
9789048150854
9789048150861
9789048150878
9789048150885
9789048150892
9789048150908
9789048150915
9789048150922
9789048150939
9789048150946
9789048150953
9789048150960
9789048150977
9789048150984
9789048150991
9789048151004
9789048151011
9789048151028
9789048151035
9789048151042
9789048151059
9789048151066
9789048151073
9789048151080
9789048151097
9789048151103
9789048151110
9789048151127
9789048151134
9789048151141
9789048151158
9789048151165
9789048151172
9789048151189
9789048151196
9789048151202
9789048151219
9789048151226
9789048151233
9789048151240
9789048151257
9789048151264
9789048151271
9789048151288
9789048151295
9789048151301
9789048151318
9789048151325
9789048151332
9789048151349
9789048151356
9789048151363
9789048151370
9789048151387
9789048151394
9789048151400
9789048151417
9789048151424
9789048151431
9789048151448
9789048151455
9789048151462
9789048151479
9789048151486
9789048151493
9789048151509
9789048151516
9789048151523
9789048151530
9789048151547
9789048151554
9789048151561
9789048151578
9789048151585
9789048151592
9789048151608
9789048151615
9789048151622
9789048151639
9789048151646
9789048151653
9789048151660
9789048151677
9789048151684
9789048151691
9789048151707
9789048151714
9789048151721
9789048151738
9789048151745
9789048151752
9789048151769
9789048151776
9789048151783
9789048151790
9789048151806
9789048151813
9789048151820
9789048151837
9789048151844
9789048151851
9789048151868
9789048151875
9789048151882
9789048151899
9789048151905
9789048151912
9789048151929
9789048151936
9789048151943
9789048151950
9789048151967
9789048151974
9789048151981
9789048151998
9789048152001
9789048152018
9789048152025
9789048152032
9789048152049
9789048152056
9789048152063
9789048152070
9789048152087
9789048152094
9789048152100
9789048152117
9789048152124
9789048152131
9789048152148
9789048152155
9789048152162
9789048152179
9789048152186
9789048152193
9789048152209
9789048152216
9789048152223
9789048152230
9789048152247
9789048152254
9789048152261
9789048152278
9789048152285
9789048152292
9789048152308
9789048152315
9789048152322
9789048152339
9789048152346
9789048152353
9789048152360
9789048152377
9789048152384
9789048152391
9789048152407
9789048152414
9789048152421
9789048152438
9789048152445
9789048152452
9789048152469
9789048152476
9789048152483
9789048152490
9789048152506
9789048152513
9789048152520
9789048152537
9789048152544
9789048152551
9789048152568
9789048152575
9789048152582
9789048152599
9789048152605
9789048152612
9789048152629
9789048152636
9789048152643
9789048152650
9789048152667
9789048152674
9789048152681
9789048152698
9789048152704
9789048152711
9789048152728
9789048152735
9789048152742
9789048152759
9789048152766
9789048152773
9789048152780
9789048152797
9789048152803
9789048152810
9789048152827
9789048152834
9789048152841
9789048152858
9789048152865
9789048152872
9789048152889
9789048152896
9789048152902
9789048152919
9789048152926
9789048152933
9789048152940
9789048152957
9789048152964
9789048152971
9789048152988
9789048152995
9789048153008
9789048153015
9789048153022
9789048153039
9789048153046
9789048153053
9789048153060
9789048153077
9789048153084
9789048153091
9789048153107
9789048153114
9789048153121
9789048153138
9789048153145
9789048153152
9789048153169
9789048153176
9789048153183
9789048153190
9789048153206
9789048153213
9789048153220
9789048153237
9789048153244
9789048153251
9789048153268
9789048153275
9789048153282
9789048153299
9789048153305
9789048153312
9789048153329
9789048153336
9789048153343
9789048153350
9789048153367
9789048153374
9789048153381
9789048153398
9789048153404
9789048153411
9789048153428
9789048153435
9789048153442
9789048153459
9789048153466
9789048153473
9789048153480
9789048153497
9789048153503
9789048153510
9789048153527
9789048153534
9789048153541
9789048153558
9789048153565
9789048153572
9789048153589
9789048153596
9789048153602
9789048153619
9789048153633
9789048153640
9789048153657
9789048153664
9789048153671
9789048153688
9789048153695
9789048153701
9789048153718
9789048153725
9789048153732
9789048153749
9789048153756
9789048153763
9789048153770
9789048153787
9789048153794
9789048153800
9789048153817
9789048153824
9789048153831
9789048153848
9789048153855
9789048153862
9789048153879
9789048153886
9789048153893
9789048153909
9789048153916
9789048153923
9789048153930
9789048153947
9789048153954
9789048153961
9789048153978
9789048153985
9789048153992
9789048154005
9789048154012
9789048154029
9789048154036
9789048154043
9789048154050
9789048154067
9789048154074
9789048154081
9789048154098
9789048154104
9789048154111
9789048154128
9789048154135
9789048154142
9789048154159
9789048154166
9789048154173
9789048154180
9789048154197
9789048154203
9789048154210
9789048154227
9789048154234
9789048154241
9789048154258
9789048154265
9789048154272
9789048154289
9789048154296
9789048154302
9789048154319
9789048154326
9789048154333
9789048154340
9789048154357
9789048154364
9789048154371
9789048154388
9789048154395
9789048154401
9789048154418
9789048154425
9789048154432
9789048154449
9789048154456
9789048154463
9789048154470
9789048154487
9789048154494
9789048154500
9789048154517
9789048154524
9789048154531
9789048154548
9789048154555
9789048154562
9789048154579
9789048154586
9789048154593
9789048154609
9789048154616
9789048154623
9789048154630
9789048154647
9789048154654
9789048154661
9789048154678
9789048154685
9789048154692
9789048154708
9789048154715
9789048154722
9789048154739
9789048154746
9789048154753
9789048154760
9789048154777
9789048154784
9789048154791
9789048154807
9789048154814
9789048154821
9789048154838
9789048154845
9789048154852
9789048154869
9789048154876
9789048154883
9789048154890
9789048154906
9789048154913
9789048154920
9789048154937
9789048154944
9789048154951
9789048154968
9789048154975
9789048154982
9789048154999
9789048155002
9789048155019
9789048155026
9789048155033
9789048155040
9789048155057
9789048155064
9789048155071
9789048155088
9789048155095
9789048155101
9789048155118
9789048155125
9789048155132
9789048155149
9789048155156
9789048155163
9789048155170
9789048155187
9789048155194
9789048155200
9789048155217
9789048155224
9789048155231
9789048155248
9789048155255
9789048155262
9789048155279
9789048155286
9789048155293
9789048155309
9789048155316
9789048155323
9789048155330
9789048155347
9789048155354
9789048155361
9789048155378
9789048155385
9789048155392
9789048155408
9789048155415
9789048155422
9789048155439
9789048155446
9789048155453
9789048155460
9789048155477
9789048155484
9789048155491
9789048155507
9789048155514
9789048155521
9789048155538
9789048155545
9789048155552
9789048155569
9789048155576
9789048155583
9789048155590
9789048155606
9789048155613
9789048155620
9789048155637
9789048155644
9789048155651
9789048155668
9789048155675
9789048155682
9789048155699
9789048155705
9789048155712
9789048155729
9789048155736
9789048155743
9789048155750
9789048155767
9789048155774
9789048155781
9789048155798
9789048155804
9789048155811
9789048155828
9789048155835
9789048155842
9789048155859
9789048155866
9789048155873
9789048155880
9789048155897
9789048155903
9789048155910
9789048155927
9789048155934
9789048155941
9789048155958
9789048155965
9789048155972
9789048155989
9789048155996
9789048156009
9789048156016
9789048156023
9789048156030
9789048156047
9789048156054
9789048156061
9789048156078
9789048156085
9789048156092
9789048156108
9789048156115
9789048156122
9789048156139
9789048156146
9789048156153
9789048156160
9789048156177
9789048156184
9789048156191
9789048156207
9789048156214
9789048156221
9789048156238
9789048156245
9789048156252
9789048156269
9789048156276
9789048156283
9789048156290
9789048156306
9789048156313
9789048156320
9789048156337
9789048156344
9789048156351
9789048156368
9789048156375
9789048156382
9789048156399
9789048156405
9789048156412
9789048156429
9789048156436
9789048156443
9789048156450
9789048156467
9789048156474
9789048156481
9789048156498
9789048156504
9789048156511
9789048156528
9789048156535
9789048156542
9789048156559
9789048156566
9789048156573
9789048156580
9789048156597
9789048156603
9789048156610
9789048156627
9789048156634
9789048156641
9789048156658
9789048156665
9789048156672
9789048156689
9789048156696
9789048156702
9789048156719
9789048156726
9789048156733
9789048156740
9789048156757
9789048156764
9789048156771
9789048156788
9789048156795
9789048156801
9789048156818
9789048156825
9789048156832
9789048156849
9789048156856
9789048156863
9789048156870
9789048156887
9789048156894
9789048156900
9789048156917
9789048156924
9789048156931
9789048156948
9789048156955
9789048156962
9789048156979
9789048156986
9789048156993
9789048157006
9789048157013
9789048157020
9789048157037
9789048157044
9789048157051
9789048157068
9789048157075
9789048157082
9789048157099
9789048157105
9789048157112
9789048157129
9789048157136
9789048157143
9789048157150
9789048157167
9789048157174
9789048157181
9789048157198
9789048157204
9789048157211
9789048157228
9789048157235
9789048157242
9789048157259
9789048157266
9789048157273
9789048157280
9789048157297
9789048157303
9789048157310
9789048157327
9789048157334
9789048157341
9789048157358
9789048157365
9789048157372
9789048157389
9789048157396
9789048157402
9789048157419
9789048157426
9789048157433
9789048157440
9789048157457
9789048157464
9789048157471
9789048157488
9789048157495
9789048157501
9789048157518
9789048157525
9789048157532
9789048157549
9789048157556
9789048157563
9789048157570
9789048157587
9789048157594
9789048157600
9789048157617
9789048157624
9789048157648
9789048157655
9789048157662
9789048157679
9789048157686
9789048157693
9789048157709
9789048157716
9789048157723
9789048157730
9789048157747
9789048157754
9789048157761
9789048157778
9789048157785
9789048157792
9789048157808
9789048157815
9789048157822
9789048157839
9789048157846
9789048157853
9789048157860
9789048157877
9789048157884
9789048157891
9789048157907
9789048157914
9789048157921
9789048157938
9789048157945
9789048157952
9789048157969
9789048157976
9789048157983
9789048157990
9789048158003
9789048158010
9789048158027
9789048158034
9789048158041
9789048158058
9789048158065
9789048158072
9789048158089
9789048158096
9789048158102
9789048158119
9789048158126
9789048158133
9789048158140
9789048158157
9789048158164
9789048158171
9789048158188
9789048158195
9789048158201
9789048158218
9789048158225
9789048158232
9789048158249
9789048158256
9789048158263
9789048158270
9789048158287
9789048158294
9789048158300
9789048158317
9789048158324
9789048158331
9789048158348
9789048158355
9789048158362
9789048158379
9789048158386
9789048158393
9789048158409
9789048158416
9789048158423
9789048158430
9789048158447
9789048158454
9789048158461
9789048158478
9789048158485
9789048158492
9789048158508
9789048158515
9789048158522
9789048158539
9789048158546
9789048158553
9789048158560
9789048158577
9789048158584
9789048158591
9789048158607
9789048158614
9789048158621
9789048158638
9789048158645
9789048158652
9789048158669
9789048158676
9789048158683
9789048158690
9789048158706
9789048158713
9789048158720
9789048158737
9789048158744
9789048158751
9789048158768
9789048158775
9789048158782
9789048158799
9789048158805
9789048158812
9789048158829
9789048158836
9789048158843
9789048158850
9789048158867
9789048158874
9789048158881
9789048158898
9789048158904
9789048158911
9789048158928
9789048158935
9789048158942
9789048158959
9789048158966
9789048158973
9789048158980
9789048158997
9789048159000
9789048159017
9789048159024
9789048159031
9789048159048
9789048159055
9789048159062
9789048159079
9789048159086
9789048159093
9789048159109
9789048159116
9789048159123
9789048159130
9789048159147
9789048159154
9789048159161
9789048159178
9789048159185
9789048159192
9789048159208
9789048159215
9789048159222
9789048159239
9789048159246
9789048159253
9789048159260
9789048159277
9789048159284
9789048159291
9789048159307
9789048159314
9789048159321
9789048159338
9789048159345
9789048159352
9789048159369
9789048159376
9789048159383
9789048159390
9789048159406
9789048159413
9789048159420
9789048159437
9789048159444
9789048159451
9789048159468
9789048159475
9789048159482
9789048159499
9789048159505
9789048159512
9789048159529
9789048159536
9789048159543
9789048159550
9789048159567
9789048159574
9789048159581
9789048159598
9789048159604
9789048159611
9789048159628
9789048159635
9789048159642
9789048159659
9789048159666
9789048159673
9789048159680
9789048159697
9789048159703
9789048159710
9789048159727
9789048159734
9789048159741
9789048159758
9789048159765
9789048159772
9789048159789
9789048159796
9789048159802
9789048159819
9789048159826
9789048159833
9789048159840
9789048159857
9789048159864
9789048159871
9789048159888
9789048159895
9789048159901
9789048159918
9789048159925
9789048159932
9789048159949
9789048159956
9789048159963
9789048159970
9789048159987
9789048159994
9789048160006
9789048160013
9789048160020
9789048160037
9789048160044
9789048160051
9789048160068
9789048160075
9789048160082
9789048160099
9789048160105
9789048160112
9789048160129
9789048160136
9789048160143
9789048160150
9789048160167
9789048160174
9789048160181
9789048160198
9789048160204
9789048160211
9789048160228
9789048160235
9789048160242
9789048160259
9789048160266
9789048160273
9789048160280
9789048160297
9789048160303
9789048160310
9789048160327
9789048160334
9789048160341
9789048160358
9789048160365
9789048160372
9789048160389
9789048160396
9789048160402
9789048160419
9789048160426
9789048160433
9789048160440
9789048160457
9789048160464
9789048160471
9789048160488
9789048160495
9789048160501
9789048160518
9789048160525
9789048160532
9789048160549
9789048160556
9789048160563
9789048160570
9789048160587
9789048160594
9789048160600
9789048160617
9789048160624
9789048160631
9789048160648
9789048160655
9789048160662
9789048160679
9789048160686
9789048160693
9789048160709
9789048160716
9789048160723
9789048160730
9789048160747
9789048160754
9789048160761
9789048160778
9789048160785
9789048160792
9789048160808
9789048160815
9789048160822
9789048160839
9789048160846
9789048160853
9789048160860
9789048160877
9789048160884
9789048160891
9789048160907
9789048160914
9789048160921
9789048160938
9789048160945
9789048160952
9789048160969
9789048160976
9789048160983
9789048160990
9789048161003
9789048161010
9789048161027
9789048161034
9789048161041
9789048161058
9789048161065
9789048161072
9789048161089
9789048161096
9789048161102
9789048161119
9789048161126
9789048161133
9789048161140
9789048161157
9789048161164
9789048161171
9789048161188
9789048161195
9789048161201
9789048161218
9789048161225
9789048161232
9789048161249
9789048161256
9789048161263
9789048161270
9789048161287
9789048161294
9789048161300
9789048161317
9789048161324
9789048161331
9789048161348
9789048161355
9789048161362
9789048161379
9789048161386
9789048161393
9789048161409
9789048161416
9789048161423
9789048161430
9789048161447
9789048161454
9789048161461
9789048161478
9789048161485
9789048161492
9789048161508
9789048161515
9789048161522
9789048161539
9789048161546
9789048161553
9789048161560
9789048161577
9789048161584
9789048161591
9789048161607
9789048161614
9789048161621
9789048161638
9789048161645
9789048161652
9789048161669
9789048161676
9789048161683
9789048161690
9789048161706
9789048161713
9789048161720
9789048161737
9789048161744
9789048161751
9789048161768
9789048161775
9789048161782
9789048161799
9789048161805
9789048161812
9789048161829
9789048161836
9789048161843
9789048161850
9789048161867
9789048161874
9789048161881
9789048161898
9789048161904
9789048161911
9789048161928
9789048161935
9789048161942
9789048161959
9789048161966
9789048161973
9789048161980
9789048161997
9789048162000
9789048162017
9789048162024
9789048162031
9789048162048
9789048162055
9789048162062
9789048162079
9789048162086
9789048162093
9789048162109
9789048162116
9789048162123
9789048162130
9789048162147
9789048162154
9789048162161
9789048162178
9789048162185
9789048162192
9789048162208
9789048162215
9789048162222
9789048162239
9789048162246
9789048162253
9789048162260
9789048162277
9789048162284
9789048162291
9789048162307
9789048162314
9789048162321
9789048162338
9789048162345
9789048162352
9789048162369
9789048162376
9789048162383
9789048162390
9789048162406
9789048162413
9789048162420
9789048162437
9789048162444
9789048162451
9789048162468
9789048162475
9789048162482
9789048162499
9789048162505
9789048162512
9789048162529
9789048162536
9789048162543
9789048162550
9789048162567
9789048162574
9789048162581
9789048162598
9789048162604
9789048162611
9789048162628
9789048162635
9789048162642
9789048162659
9789048162666
9789048162673
9789048162680
9789048162697
9789048162703
9789048162710
9789048162727
9789048162734
9789048162741
9789048162758
9789048162765
9789048162772
9789048162789
9789048162796
9789048162802
9789048162819
9789048162826
9789048162833
9789048162840
9789048162857
9789048162864
9789048162871
9789048162888
9789048162895
9789048162901
9789048162918
9789048162925
9789048162932
9789048162949
9789048162956
9789048162963
9789048162970
9789048162987
9789048162994
9789048163007
9789048163014
9789048163021
9789048163038
9789048163045
9789048163052
9789048163069
9789048163076
9789048163083
9789048163090
9789048163106
9789048163113
9789048163120
9789048163137
9789048163144
9789048163151
9789048163168
9789048163175
9789048163182
9789048163199
9789048163205
9789048163212
9789048163229
9789048163236
9789048163243
9789048163250
9789048163267
9789048163274
9789048163281
9789048163298
9789048163304
9789048163311
9789048163328
9789048163335
9789048163342
9789048163359
9789048163366
9789048163373
9789048163380
9789048163397
9789048163403
9789048163410
9789048163427
9789048163434
9789048163441
9789048163458
9789048163465
9789048163472
9789048163489
9789048163496
9789048163502
9789048163519
9789048163526
9789048163533
9789048163540
9789048163557
9789048163564
9789048163571
9789048163588
9789048163595
9789048163601
9789048163618
9789048163625
9789048163632
9789048163649
9789048163656
9789048163663
9789048163670
9789048163687
9789048163694
9789048163700
9789048163717
9789048163724
9789048163731
9789048163748
9789048163755
9789048163762
9789048163779
9789048163786
9789048163793
9789048163809
9789048163816
9789048163823
9789048163830
9789048163847
9789048163854
9789048163861
9789048163878
9789048163885
9789048163892
9789048163908
9789048163915
9789048163922
9789048163939
9789048163946
9789048163953
9789048163960
9789048163977
9789048163984
9789048163991
9789048164004
9789048164011
9789048164028
9789048164035
9789048164042
9789048164059
9789048164066
9789048164073
9789048164080
9789048164097
9789048164103
9789048164110
9789048164127
9789048164134
9789048164141
9789048164158
9789048164165
9789048164172
9789048164189
9789048164196
9789048164202
9789048164219
9789048164226
9789048164233
9789048164240
9789048164257
9789048164264
9789048164271
9789048164288
9789048164295
9789048164301
9789048164318
9789048164325
9789048164332
9789048164349
9789048164356
9789048164363
9789048164370
9789048164387
9789048164394
9789048164400
9789048164417
9789048164424
9789048164431
9789048164448
9789048164455
9789048164462
9789048164479
9789048164486
9789048164493
9789048164509
9789048164516
9789048164523
9789048164530
9789048164547
9789048164554
9789048164561
9789048164578
9789048164585
9789048164592
9789048164608
9789048164615
9789048164622
9789048164639
9789048164646
9789048164653
9789048164660
9789048164677
9789048164684
9789048164691
9789048164707
9789048164714
9789048164721
9789048164738
9789048164745
9789048164752
9789048164769
9789048164776
9789048164783
9789048164790
9789048164806
9789048164813
9789048164820
9789048164837
9789048164844
9789048164851
9789048164868
9789048164875
9789048164882
9789048164899
9789048164905
9789048164912
9789048164929
9789048164936
9789048164943
9789048164950
9789048164967
9789048164974
9789048164981
9789048164998
9789048165001
9789048165018
9789048165025
9789048165032
9789048165049
9789048165056
9789048165063
9789048165070
9789048165087
9789048165094
9789048165100
9789048165117
9789048165124
9789048165131
9789048165148
9789048165155
9789048165162
9789048165179
9789048165186
9789048165193
9789048165209
9789048165216
9789048165223
9789048165230
9789048165247
9789048165254
9789048165261
9789048165278
9789048165285
9789048165292
9789048165308
9789048165315
9789048165322
9789048165339
9789048165346
9789048165353
9789048165360
9789048165377
9789048165384
9789048165391
9789048165407
9789048165414
9789048165421
9789048165438
9789048165445
9789048165452
9789048165469
9789048165476
9789048165483
9789048165490
9789048165506
9789048165513
9789048165520
9789048165537
9789048165544
9789048165551
9789048165568
9789048165575
9789048165582
9789048165599
9789048165605
9789048165612
9789048165629
9789048165636
9789048165643
9789048165650
9789048165667
9789048165674
9789048165681
9789048165698
9789048165704
9789048165711
9789048165728
9789048165735
9789048165742
9789048165759
9789048165766
9789048165773
9789048165780
9789048165797
9789048165803
9789048165810
9789048165827
9789048165834
9789048165841
9789048165858
9789048165865
9789048165872
9789048165889
9789048165896
9789048165902
9789048165919
9789048165926
9789048165933
9789048165940
9789048165957
9789048165964
9789048165971
9789048165988
9789048165995
9789048166008
9789048166015
9789048166022
9789048166039
9789048166046
9789048166053
9789048166060
9789048166077
9789048166084
9789048166091
9789048166107
9789048166114
9789048166121
9789048166138
9789048166145
9789048166152
9789048166169
9789048166176
9789048166183
9789048166190
9789048166206
9789048166213
9789048166220
9789048166237
9789048166244
9789048166251
9789048166268
9789048166275
9789048166282
9789048166299
9789048166305
9789048166312
9789048166329
9789048166336
9789048166343
9789048166350
9789048166367
9789048166374
9789048166381
9789048166398
9789048166404
9789048166411
9789048166428
9789048166435
9789048166442
9789048166459
9789048166466
9789048166473
9789048166480
9789048166497
9789048166503
9789048166510
9789048166527
9789048166534
9789048166541
9789048166558
9789048166565
9789048166572
9789048166589
9789048166596
9789048166602
9789048166619
9789048166626
9789048166633
9789048166640
9789048166657
9789048166664
9789048166671
9789048166688
9789048166695
9789048166701
9789048166718
9789048166725
9789048166732
9789048166749
9789048166756
9789048166763
9789048166770
9789048166787
9789048166794
9789048166800
9789048166817
9789048166824
9789048166831
9789048166848
9789048166855
9789048166862
9789048166879
9789048166886
9789048166893
9789048166909
9789048166916
9789048166923
9789048166930
9789048166947
9789048166954
9789048166961
9789048166978
9789048166985
9789048166992
9789048167005
9789048167012
9789048167029
9789048167036
9789048167043
9789048167050
9789048167067
9789048167074
9789048167081
9789048167098
9789048167104
9789048167111
9789048167128
9789048167135
9789048167142
9789048167159
9789048167166
9789048167173
9789048167180
9789048167197
9789048167203
9789048167210
9789048167227
9789048167234
9789048167241
9789048167258
9789048167265
9789048167272
9789048167289
9789048167296
9789048167302
9789048167319
9789048167326
9789048167333
9789048167340
9789048167357
9789048167364
9789048167371
9789048167388
9789048167395
9789048167401
9789048167418
9789048167425
9789048167432
9789048167449
9789048167456
9789048167463
9789048167470
9789048167487
9789048167494
9789048167500
9789048167517
9789048167524
9789048167531
9789048167548
9789048167555
9789048167562
9789048167579
9789048167586
9789048167593
9789048167609
9789048167616
9789048167623
9789048167630
9789048167647
9789048167654
9789048167661
9789048167678
9789048167685
9789048167692
9789048167708
9789048167715
9789048167722
9789048167739
9789048167746
9789048167753
9789048167760
9789048167777
9789048167784
9789048167791
9789048167807
9789048167814
9789048167821
9789048167838
9789048167845
9789048167852
9789048167869
9789048167876
9789048167883
9789048167890
9789048167906
9789048167913
9789048167920
9789048167937
9789048167944
9789048167951
9789048167968
9789048167975
9789048167982
9789048167999
9789048168002
9789048168019
9789048168026
9789048168033
9789048168040
9789048168057
9789048168064
9789048168071
9789048168088
9789048168095
9789048168101
9789048168118
9789048168125
9789048168132
9789048168149
9789048168156
9789048168163
9789048168170
9789048168187
9789048168194
9789048168200
9789048168217
9789048168224
9789048168231
9789048168248
9789048168255
9789048168262
9789048168279
9789048168286
9789048168293
9789048168309
9789048168316
9789048168323
9789048168330
9789048168347
9789048168354
9789048168361
9789048168378
9789048168385
9789048168392
9789048168408
9789048168415
9789048168422
9789048168439
9789048168446
9789048168453
9789048168460
9789048168477
9789048168484
9789048168491
9789048168507
9789048168514
9789048168521
9789048168538
9789048168545
9789048168552
9789048168569
9789048168583
9789048168590
9789048168606
9789048168613
9789048168620
9789048168637
9789048168644
9789048168651
9789048168668
9789048168675
9789048168682
9789048168699
9789048168705
9789048168712
9789048168729
9789048168736
9789048168743
9789048168750
9789048168767
9789048168774
9789048168781
9789048168798
9789048168804
9789048168811
9789048168828
9789048168835
9789048168842
9789048168859
9789048168866
9789048168873
9789048168880
9789048168897
9789048168903
9789048168910
9789048168927
9789048168934
9789048168941
9789048168958
9789048168965
9789048168972
9789048168989
9789048168996
9789048169009
9789048169016
9789048169023
9789048169030
9789048169047
9789048169054
9789048169061
9789048169078
9789048169085
9789048169092
9789048169108
9789048169115
9789048169122
9789048169139
9789048169146
9789048169153
9789048169160
9789048169177
9789048169184
9789048169191
9789048169214
9789048169221
9789048169238
9789048169245
9789048169252
9789048169269
9789048169276
9789048169283
9789048169290
9789048169306
9789048169313
9789048169320
9789048169337
9789048169344
9789048169351
9789048169368
9789048169375
9789048169382
9789048169399
9789048169405
9789048169412
9789048169429
9789048169436
9789048169443
9789048169450
9789048169467
9789048169474
9789048169481
9789048169498
9789048169504
9789048169511
9789048169528
9789048169535
9789048169542
9789048169559
9789048169566
9789048169573
9789048169580
9789048169603
9789048169610
9789048169627
9789048169634
9789048169641
9789048169658
9789048169665
9789048169672
9789048169689
9789048169696
9789048169702
9789048169719
9789048169726
9789048169733
9789048169740
9789048169757
9789048169764
9789048169771
9789048169788
9789048169795
9789048169801
9789048169818
9789048169825
9789048169832
9789048169849
9789048169856
9789048169863
9789048169870
9789048169887
9789048169894
9789048169900
9789048169917
9789048169924
9789048169931
9789048169948
9789048169955
9789048169962
9789048169979
9789048169986
9789048169993
9789048170005
9789048170012
9789048170029
9789048170036
9789048170043
9789048170050
9789048170067
9789048170074
9789048170081
9789048170098
9789048170104
9789048170111
9789048170128
9789048170135
9789048170142
9789048170159
9789048170166
9789048170173
9789048170180
9789048170197
9789048170203
9789048170210
9789048170227
9789048170234
9789048170241
9789048170258
9789048170265
9789048170272
9789048170289
9789048170296
9789048170302
9789048170319
9789048170326
9789048170333
9789048170340
9789048170357
9789048170364
9789048170388
9789048170395
9789048170401
9789048170418
9789048170425
9789048170432
9789048170449
9789048170456
9789048170463
9789048170470
9789048170487
9789048170494
9789048170500
9789048170517
9789048170524
9789048170531
9789048170548
9789048170555
9789048170562
9789048170579
9789048170586
9789048170593
9789048170609
9789048170616
9789048170623
9789048170630
9789048170647
9789048170654
9789048170661
9789048170678
9789048170685
9789048170692
9789048170708
9789048170715
9789048170722
9789048170739
9789048170746
9789048170753
9789048170760
9789048170777
9789048170784
9789048170791
9789048170807
9789048170814
9789048170821
9789048170838
9789048170845
9789048170852
9789048170869
9789048170876
9789048170883
9789048170890
9789048170906
9789048170913
9789048170920
9789048170937
9789048170944
9789048170951
9789048170968
9789048170975
9789048170982
9789048170999
9789048171002
9789048171019
9789048171026
9789048171033
9789048171040
9789048171057
9789048171064
9789048171071
9789048171088
9789048171095
9789048171101
9789048171118
9789048171125
9789048171132
9789048171149
9789048171156
9789048171163
9789048171170
9789048171187
9789048171194
9789048171200
9789048171217
9789048171224
9789048171231
9789048171248
9789048171255
9789048171262
9789048171279
9789048171286
9789048171293
9789048171309
9789048171316
9789048171323
9789048171330
9789048171347
9789048171354
9789048171361
9789048171378
9789048171385
9789048171392
9789048171408
9789048171415
9789048171422
9789048171439
9789048171446
9789048171453
9789048171460
9789048171477
9789048171484
9789048171491
9789048171507
9789048171514
9789048171521
9789048171538
9789048171545
9789048171552
9789048171569
9789048171576
9789048171583
9789048171590
9789048171606
9789048171613
9789048171620
9789048171637
9789048171644
9789048171651
9789048171668
9789048171675
9789048171682
9789048171699
9789048171705
9789048171712
9789048171729
9789048171736
9789048171743
9789048171750
9789048171767
9789048171774
9789048171781
9789048171798
9789048171804
9789048171811
9789048171828
9789048171835
9789048171842
9789048171859
9789048171866
9789048171873
9789048171880
9789048171897
9789048171903
9789048171910
9789048171927
9789048171934
9789048171941
9789048171958
9789048171965
9789048171972
9789048171989
9789048171996
9789048172009
9789048172016
9789048172023
9789048172030
9789048172047
9789048172054
9789048172061
9789048172078
9789048172085
9789048172092
9789048172108
9789048172115
9789048172122
9789048172139
9789048172146
9789048172153
9789048172160
9789048172177
9789048172184
9789048172191
9789048172207
9789048172214
9789048172221
9789048172238
9789048172245
9789048172252
9789048172269
9789048172276
9789048172283
9789048172290
9789048172306
9789048172313
9789048172320
9789048172337
9789048172344
9789048172351
9789048172368
9789048172375
9789048172382
9789048172399
9789048172405
9789048172412
9789048172429
9789048172436
9789048172443
9789048172450
9789048172467
9789048172474
9789048172481
9789048172498
9789048172504
9789048172511
9789048172528
9789048172535
9789048172542
9789048172559
9789048172566
9789048172573
9789048172580
9789048172597
9789048172603
9789048172610
9789048172627
9789048172634
9789048172641
9789048172658
9789048172665
9789048172672
9789048172689
9789048172696
9789048172702
9789048172719
9789048172726
9789048172733
9789048172740
9789048172757
9789048172764
9789048172771
9789048172788
9789048172795
9789048172801
9789048172818
9789048172825
9789048172832
9789048172849
9789048172856
9789048172863
9789048172870
9789048172887
9789048172894
9789048172900
9789048172917
9789048172924
9789048172931
9789048172948
9789048172955
9789048172962
9789048172979
9789048172986
9789048172993
9789048173006
9789048173013
9789048173020
9789048173037
9789048173044
9789048173051
9789048173068
9789048173075
9789048173082
9789048173099
9789048173105
9789048173112
9789048173129
9789048173136
9789048173143
9789048173150
9789048173167
9789048173174
9789048173181
9789048173198
9789048173204
9789048173211
9789048173228
9789048173235
9789048173242
9789048173259
9789048173266
9789048173273
9789048173280
9789048173297
9789048173303
9789048173310
9789048173327
9789048173334
9789048173341
9789048173358
9789048173365
9789048173372
9789048173389
9789048173396
9789048173402
9789048173419
9789048173426
9789048173433
9789048173440
9789048173457
9789048173464
9789048173471
9789048173488
9789048173495
9789048173501
9789048173518
9789048173525
9789048173532
9789048173549
9789048173556
9789048173563
9789048173587
9789048173594
9789048173600
9789048173617
9789048173624
9789048173631
9789048173648
9789048173655
9789048173662
9789048173679
9789048173686
9789048173693
9789048173709
9789048173716
9789048173723
9789048173730
9789048173747
9789048173754
9789048173761
9789048173778
9789048173785
9789048173792
9789048173808
9789048173815
9789048173822
9789048173839
9789048173846
9789048173853
9789048173860
9789048173884
9789048173891
9789048173907
9789048173914
9789048173921
9789048173938
9789048173945
9789048173952
9789048173976
9789048173983
9789048173990
9789048174003
9789048174010
9789048174027
9789048174034
9789048174041
9789048174058
9789048174065
9789048174072
9789048174089
9789048174096
9789048174102
9789048174119
9789048174126
9789048174133
9789048174140
9789048174157
9789048174164
9789048174171
9789048174188
9789048174195
9789048174201
9789048174218
9789048174225
9789048174232
9789048174249
9789048174256
9789048174263
9789048174270
9789048174287
9789048174294
9789048174300
9789048174317
9789048174324
9789048174331
9789048174348
9789048174355
9789048174362
9789048174379
9789048174386
9789048174393
9789048174409
9789048174416
9789048174423
9789048174430
9789048174447
9789048174454
9789048174461
9789048174478
9789048174485
9789048174492
9789048174508
9789048174515
9789048174522
9789048174539
9789048174546
9789048174553
9789048174560
9789048174577
9789048174584
9789048174591
9789048174607
9789048174614
9789048174621
9789048174638
9789048174645
9789048174652
9789048174669
9789048174676
9789048174683
9789048174690
9789048174706
9789048174713
9789048174720
9789048174737
9789048174744
9789048174751
9789048174768
9789048174775
9789048174782
9789048174799
9789048174805
9789048174812
9789048174829
9789048174836
9789048174843
9789048174850
9789048174867
9789048174874
9789048174881
9789048174898
9789048174904
9789048174911
9789048174928
9789048174935
9789048174942
9789048174959
9789048174966
9789048174973
9789048174980
9789048174997
9789048175000
9789048175017
9789048175024
9789048175031
9789048175048
9789048175055
9789048175062
9789048175079
9789048175086
9789048175093
9789048175109
9789048175116
9789048175123
9789048175130
9789048175147
9789048175154
9789048175161
9789048175178
9789048175185
9789048175192
9789048175208
9789048175215
9789048175222
9789048175239
9789048175246
9789048175253
9789048175260
9789048175277
9789048175284
9789048175291
9789048175307
9789048175314
9789048175321
9789048175338
9789048175345
9789048175352
9789048175369
9789048175376
9789048175383
9789048175390
9789048175406
9789048175420
9789048175437
9789048175444
9789048175451
9789048175468
9789048175475
9789048175482
9789048175499
9789048175505
9789048175512
9789048175529
9789048175536
9789048175543
9789048175550
9789048175567
9789048175574
9789048175581
9789048175598
9789048175604
9789048175611
9789048175628
9789048175635
9789048175642
9789048175659
9789048175666
9789048175673
9789048175680
9789048175697
9789048175703
9789048175710
9789048175727
9789048175734
9789048175741
9789048175758
9789048175765
9789048175772
9789048175789
9789048175796
9789048175802
9789048175819
9789048175826
9789048175833
9789048175840
9789048175857
9789048175864
9789048175871
9789048175888
9789048175895
9789048175901
9789048175918
9789048175925
9789048175932
9789048175949
9789048175956
9789048175963
9789048175970
9789048175987
9789048175994
9789048176007
9789048176014
9789048176021
9789048176038
9789048176045
9789048176052
9789048176069
9789048176076
9789048176083
9789048176090
9789048176106
9789048176113
9789048176120
9789048176137
9789048176144
9789048176151
9789048176168
9789048176175
9789048176182
9789048176199
9789048176205
9789048176212
9789048176229
9789048176236
9789048176243
9789048176250
9789048176267
9789048176274
9789048176281
9789048176298
9789048176304
9789048176328
9789048176335
9789048176342
9789048176359
9789048176366
9789048176373
9789048176380
9789048176397
9789048176403
9789048176410
9789048176427
9789048176434
9789048176441
9789048176458
9789048176465
9789048176472
9789048176489
9789048176496
9789048176502
9789048176519
9789048176526
9789048176533
9789048176540
9789048176557
9789048176564
9789048176571
9789048176588
9789048176595
9789048176601
9789048176618
9789048176625
9789048176632
9789048176649
9789048176656
9789048176663
9789048176670
9789048176687
9789048176694
9789048176700
9789048176717
9789048176724
9789048176748
9789048176755
9789048176762
9789048176779
9789048176786
9789048176793
9789048176809
9789048176816
9789048176823
9789048176830
9789048176847
9789048176854
9789048176861
9789048176878
9789048176885
9789048176892
9789048176908
9789048176915
9789048176922
9789048176939
9789048176946
9789048176953
9789048176960
9789048176977
9789048176984
9789048176991
9789048177004
9789048177011
9789048177028
9789048177035
9789048177042
9789048177059
9789048177066
9789048177073
9789048177080
9789048177097
9789048177103
9789048177110
9789048177127
9789048177134
9789048177141
9789048177158
9789048177165
9789048177172
9789048177189
9789048177196
9789048177202
9789048177219
9789048177226
9789048177233
9789048177240
9789048177257
9789048177264
9789048177271
9789048177288
9789048177295
9789048177301
9789048177318
9789048177325
9789048177332
9789048177349
9789048177356
9789048177363
9789048177370
9789048177387
9789048177394
9789048177400
9789048177417
9789048177424
9789048177431
9789048177448
9789048177455
9789048177462
9789048177479
9789048177486
9789048177493
9789048177509
9789048177516
9789048177523
9789048177530
9789048177547
9789048177554
9789048177561
9789048177578
9789048177585
9789048177592
9789048177608
9789048177615
9789048177622
9789048177639
9789048177646
9789048177660
9789048177677
9789048177684
9789048177691
9789048177707
9789048177714
9789048177721
9789048177738
9789048177745
9789048177752
9789048177769
9789048177776
9789048177783
9789048177790
9789048177806
9789048177813
9789048177820
9789048177837
9789048177844
9789048177851
9789048177868
9789048177875
9789048177882
9789048177899
9789048177905
9789048177912
9789048177929
9789048177936
9789048177943
9789048177950
9789048177967
9789048177974
9789048177981
9789048177998
9789048178001
9789048178018
9789048178025
9789048178032
9789048178049
9789048178056
9789048178063
9789048178070
9789048178087
9789048178094
9789048178100
9789048178117
9789048178124
9789048178131
9789048178148
9789048178155
9789048178162
9789048178179
9789048178186
9789048178193
9789048178209
9789048178216
9789048178223
9789048178230
9789048178247
9789048178254
9789048178261
9789048178278
9789048178285
9789048178292
9789048178308
9789048178315
9789048178322
9789048178339
9789048178346
9789048178353
9789048178360
9789048178377
9789048178384
9789048178391
9789048178407
9789048178414
9789048178421
9789048178438
9789048178445
9789048178452
9789048178469
9789048178476
9789048178483
9789048178490
9789048178506
9789048178513
9789048178520
9789048178537
9789048178544
9789048178551
9789048178568
9789048178575
9789048178582
9789048178599
9789048178605
9789048178612
9789048178629
9789048178636
9789048178643
9789048178650
9789048178667
9789048178674
9789048178681
9789048178698
9789048178704
9789048178711
9789048178728
9789048178735
9789048178742
9789048178759
9789048178766
9789048178773
9789048178780
9789048178797
9789048178803
9789048178810
9789048178827
9789048178834
9789048178841
9789048178858
9789048178865
9789048178872
9789048178889
9789048178896
9789048178902
9789048178919
9789048178926
9789048178933
9789048178940
9789048178957
9789048178964
9789048178971
9789048178988
9789048178995
9789048179008
9789048179015
9789048179022
9789048179039
9789048179046
9789048179053
9789048179060
9789048179077
9789048179084
9789048179091
9789048179107
9789048179114
9789048179121
9789048179138
9789048179145
9789048179152
9789048179169
9789048179176
9789048179183
9789048179190
9789048179206
9789048179213
9789048179220
9789048179237
9789048179244
9789048179251
9789048179268
9789048179275
9789048179282
9789048179299
9789048179305
9789048179312
9789048179329
9789048179336
9789048179343
9789048179350
9789048179367
9789048179374
9789048179381
9789048179398
9789048179404
9789048179411
9789048179428
9789048179435
9789048179442
9789048179459
9789048179466
9789048179473
9789048179497
9789048179503
9789048179510
9789048179527
9789048179534
9789048179541
9789048179558
9789048179565
9789048179572
9789048179589
9789048179596
9789048179602
9789048179619
9789048179626
9789048179633
9789048179640
9789048179657
9789048179664
9789048179671
9789048179688
9789048179695
9789048179701
9789048179718
9789048179725
9789048179732
9789048179749
9789048179756
9789048179770
9789048179787
9789048179794
9789048179800
9789048179817
9789048179824
9789048179831
9789048179848
9789048179855
9789048179862
9789048179879
9789048179886
9789048179893
9789048179909
9789048179916
9789048179923
9789048179930
9789048179947
9789048179954
9789048179961
9789048179978
9789048179985
9789048179992
9789048180004
9789048180011
9789048180028
9789048180035
9789048180042
9789048180059
9789048180066
9789048180073
9789048180080
9789048180097
9789048180103
9789048180110
9789048180127
9789048180134
9789048180141
9789048180158
9789048180165
9789048180172
9789048180189
9789048180196
9789048180202
9789048180219
9789048180226
9789048180233
9789048180240
9789048180257
9789048180264
9789048180271
9789048180288
9789048180295
9789048180318
9789048180325
9789048180332
9789048180349
9789048180356
9789048180363
9789048180370
9789048180387
9789048180394
9789048180400
9789048180417
9789048180424
9789048180431
9789048180448
9789048180455
9789048180462
9789048180479
9789048180486
9789048180493
9789048180509
9789048180516
9789048180523
9789048180530
9789048180547
9789048180554
9789048180561
9789048180578
9789048180585
9789048180592
9789048180608
9789048180615
9789048180622
9789048180639
9789048180646
9789048180653
9789048180660
9789048180677
9789048180684
9789048180691
9789048180707
9789048180714
9789048180721
9789048180738
9789048180745
9789048180752
9789048180769
9789048180776
9789048180783
9789048180790
9789048180806
9789048180813
9789048180837
9789048180844
9789048180851
9789048180868
9789048180875
9789048180882
9789048180899
9789048180905
9789048180912
9789048180929
9789048180936
9789048180943
9789048180950
9789048180967
9789048180974
9789048180981
9789048180998
9789048181001
9789048181018
9789048181025
9789048181032
9789048181049
9789048181056
9789048181063
9789048181070
9789048181087
9789048181094
9789048181100
9789048181117
9789048181124
9789048181131
9789048181148
9789048181155
9789048181162
9789048181179
9789048181186
9789048181193
9789048181209
9789048181216
9789048181223
9789048181230
9789048181247
9789048181254
9789048181261
9789048181278
9789048181285
9789048181292
9789048181308
9789048181315
9789048181322
9789048181339
9789048181346
9789048181353
9789048181360
9789048181377
9789048181384
9789048181391
9789048181407
9789048181414
9789048181421
9789048181438
9789048181445
9789048181452
9789048181469
9789048181476
9789048181483
9789048181490
9789048181506
9789048181513
9789048181520
9789048181537
9789048181544
9789048181551
9789048181568
9789048181575
9789048181582
9789048181599
9789048181605
9789048181612
9789048181629
9789048181636
9789048181643
9789048181650
9789048181667
9789048181674
9789048181681
9789048181698
9789048181704
9789048181711
9789048181728
9789048181735
9789048181742
9789048181759
9789048181766
9789048181773
9789048181780
9789048181797
9789048181803
9789048181810
9789048181827
9789048181834
9789048181841
9789048181858
9789048181865
9789048181872
9789048181889
9789048181896
9789048181902
9789048181919
9789048181926
9789048181933
9789048181940
9789048181957
9789048181964
9789048181971
9789048181988
9789048181995
9789048182008
9789048182015
9789048182022
9789048182039
9789048182046
9789048182053
9789048182060
9789048182077
9789048182084
9789048182091
9789048182107
9789048182114
9789048182121
9789048182138
9789048182145
9789048182152
9789048182169
9789048182176
9789048182183
9789048182190
9789048182206
9789048182213
9789048182220
9789048182237
9789048182244
9789048182268
9789048182275
9789048182282
9789048182299
9789048182305
9789048182312
9789048182329
9789048182336
9789048182343
9789048182350
9789048182367
9789048182374
9789048182381
9789048182398
9789048182404
9789048182411
9789048182428
9789048182435
9789048182442
9789048182459
9789048182466
9789048182473
9789048182480
9789048182497
9789048182503
9789048182510
9789048182527
9789048182534
9789048182541
9789048182558
9789048182565
9789048182572
9789048182589
9789048182596
9789048182602
9789048182619
9789048182626
9789048182640
9789048182657
9789048182664
9789048182671
9789048182688
9789048182695
9789048182701
9789048182718
9789048182725
9789048182732
9789048182749
9789048182756
9789048182763
9789048182770
9789048182787
9789048182794
9789048182800
9789048182817
9789048182824
9789048182831
9789048182848
9789048182855
9789048182862
9789048182879
9789048182886
9789048182893
9789048182909
9789048182916
9789048182923
9789048182930
9789048182947
9789048182954
9789048182961
9789048182978
9789048182985
9789048182992
9789048183005
9789048183012
9789048183029
9789048183036
9789048183043
9789048183050
9789048183067
9789048183074
9789048183081
9789048183098
9789048183104
9789048183111
9789048183128
9789048183135
9789048183142
9789048183159
9789048183166
9789048183173
9789048183180
9789048183197
9789048183203
9789048183210
9789048183227
9789048183234
9789048183258
9789048183265
9789048183272
9789048183289
9789048183296
9789048183302
9789048183319
9789048183326
9789048183333
9789048183340
9789048183357
9789048183364
9789048183371
9789048183388
9789048183395
9789048183401
9789048183418
9789048183425
9789048183432
9789048183449
9789048183456
9789048183463
9789048183470
9789048183487
9789048183494
9789048183500
9789048183517
9789048183524
9789048183531
9789048183548
9789048183555
9789048183562
9789048183579
9789048183586
9789048183593
9789048183609
9789048183616
9789048183623
9789048183630
9789048183647
9789048183654
9789048183661
9789048183678
9789048183685
9789048183692
9789048183708
9789048183715
9789048183722
9789048183739
9789048183746
9789048183753
9789048183760
9789048183777
9789048183784
9789048183791
9789048183807
9789048183814
9789048183821
9789048183838
9789048183845
9789048183852
9789048183869
9789048183876
9789048183883
9789048183890
9789048183906
9789048183913
9789048183920
9789048183937
9789048183944
9789048183951
9789048183968
9789048183982
9789048183999
9789048184002
9789048184019
9789048184026
9789048184033
9789048184040
9789048184057
9789048184064
9789048184071
9789048184088
9789048184095
9789048184101
9789048184118
9789048184125
9789048184132
9789048184149
9789048184156
9789048184163
9789048184170
9789048184187
9789048184194
9789048184200
9789048184217
9789048184224
9789048184231
9789048184248
9789048184255
9789048184262
9789048184279
9789048184286
9789048184293
9789048184309
9789048184316
9789048184323
9789048184330
9789048184347
9789048184354
9789048184361
9789048184378
9789048184385
9789048184392
9789048184408
9789048184415
9789048184422
9789048184446
9789048184453
9789048184460
9789048184477
9789048184484
9789048184491
9789048184507
9789048184514
9789048184521
9789048184538
9789048184545
9789048184552
9789048184569
9789048184576
9789048184583
9789048184590
9789048184606
9789048184613
9789048184620
9789048184637
9789048184644
9789048184651
9789048184668
9789048184675
9789048184682
9789048184699
9789048184705
9789048184712
9789048184729
9789048184736
9789048184743
9789048184750
9789048184767
9789048184774
9789048184781
9789048184798
9789048184804
9789048184811
9789048184828
9789048184835
9789048184842
9789048184859
9789048184866
9789048184873
9789048184880
9789048184897
9789048184903
9789048184910
9789048184927
9789048184934
9789048184941
9789048184958
9789048184965
9789048184972
9789048184989
9789048184996
9789048185009
9789048185016
9789048185023
9789048185030
9789048185047
9789048185054
9789048185061
9789048185085
9789048185092
9789048185108
9789048185115
9789048185122
9789048185139
9789048185146
9789048185153
9789048185160
9789048185177
9789048185184
9789048185191
9789048185207
9789048185214
9789048185221
9789048185238
9789048185245
9789048185252
9789048185269
9789048185276
9789048185283
9789048185290
9789048185306
9789048185337
9789048185368
9789048185399
9789048185429
9789048185436
9789048185467
9789048185498
9789048185528
9789048185559
9789048185580
9789048185610
9789048185627
9789048185658
9789048185689
9789048185719
9789048185740
9789048185771
9789048185801
9789048185832
9789048185863
9789048185894
9789048185917
9789048185948
9789048185979
9789048186006
9789048186037
9789048186075
9789048186105
9789048186136
9789048186167
9789048186174
9789048186198
9789048186211
9789048186273
9789048186297
9789048186310
9789048186365
9789048186402
9789048186426
9789048186440
9789048186464
9789048186488
9789048186495
9789048186518
9789048186563
9789048186600
9789048186624
9789048186648
9789048186662
9789048186747
9789048186761
9789048186785
9789048186808
9789048186822
9789048186846
9789048186860
9789048186884
9789048186945
9789048186969
9789048186990
9789048187010
9789048187034
9789048187058
9789048187119
9789048187133
9789048187157
9789048187201
9789048187225
9789048187249
9789048187270
9789048187294
9789048187324
9789048187355
9789048187386
9789048187409
9789048187423
9789048187454
9789048187478
9789048187492
9789048187515
9789048187607
9789048187638
9789048187652
9789048187676
9789048187690
9789048187737
9789048187751
9789048187812
9789048187843
9789048187867
9789048187874
9789048187881
9789048187898
9789048187911
9789048187935
9789048187959
9789048187980
9789048188000
9789048188024
9789048188116
9789048188130
9789048188154
9789048188178
9789048188192
9789048188253
9789048188284
9789048188307
9789048188321
9789048188376
9789048188390
9789048188413
9789048188437
9789048188444
9789048188468
9789048188529
9789048188536
9789048188581
9789048188604
9789048188628
9789048188642
9789048188666
9789048188697
9789048188727
9789048188741
9789048188819
9789048188840
9789048188871
9789048188901
9789048188932
9789048188963
9789048188994
9789048189021
9789048189052
9789048189083
9789048189113
9789048189144
9789048189175
9789048189205
9789048189236
9789048189267
9789048189298
9789048189328
9789048189359
9789048189380
9789048189410
9789048189441
9789048189472
9789048189502
9789048189533
9789048189564
9789048189595
9789048189625
9789048189656
9789048189687
9789048189717
9789048189779
9789048189830
9789048189892
9789048189922
9789048189953
9789048189984
9789048190010
9789048190041
9789048190072
9789048190102
9789048190133
9789048190164
9789048190195
9789048190225
9789048190256
9789048190287
9789048190317
9789048190324
9789048190355
9789048190386
9789048190416
9789048190447
9789048190478
9789048190508
9789048190539
9789048190560
9789048190591
9789048190621
9789048190645
9789048190652
9789048190683
9789048190713
9789048190744
9789048190775
9789048190812
9789048190843
9789048190874
9789048190904
9789048190935
9789048190966
9789048190997
9789048191024
9789048191055
9789048191086
9789048191116
9789048191147
9789048191178
9789048191208
9789048191239
9789048191260
9789048191321
9789048191352
9789048191383
9789048191413
9789048191444
9789048191475
9789048191505
9789048191536
9789048191567
9789048191598
9789048191628
9789048191659
9789048191673
9789048191703
9789048191734
9789048191772
9789048191802
9789048191833
9789048191864
9789048191895
9789048191932
9789048191949
9789048191970
9789048192007
9789048192038
9789048192069
9789048192090
9789048192120
9789048192151
9789048192182
9789048192212
9789048192243
9789048192274
9789048192304
9789048192335
9789048192366
9789048192397
9789048192427
9789048192458
9789048192489
9789048192519
9789048192540
9789048192571
9789048192601
9789048192618
9789048192649
9789048192670
9789048192700
9789048192731
9789048192762
9789048192793
9789048192823
9789048192854
9789048192885
9789048192915
9789048192946
9789048192977
9789048193004
9789048193035
9789048193066
9789048193097
9789048193127
9789048193158
9789048193189
9789048193219
9789048193240
9789048193271
9789048193301
9789048193332
9789048193394
9789048193424
9789048193455
9789048193486
9789048193516
9789048193547
9789048193578
9789048193608
9789048193639
9789048193660
9789048193691
9789048193721
9789048193752
9789048193783
9789048193813
9789048193844
9789048193875
9789048193912
9789048193943
9789048193974
9789048194001
9789048194032
9789048194063
9789048194094
9789048194124
9789048194155
9789048194186
9789048194216
9789048194247
9789048194278
9789048194308
9789048194339
9789048194360
9789048194391
9789048194421
9789048194452
9789048194483
9789048194513
9789048194544
9789048194575
9789048194605
9789048194636
9789048194667
9789048194698
9789048194728
9789048194742
9789048194759
9789048194780
9789048194810
9789048194841
9789048194872
9789048194889
9789048194919
9789048194940
9789048194971
9789048195008
9789048195039
9789048195060
9789048195091
9789048195121
9789048195152
9789048195183
9789048195213
9789048195244
9789048195275
9789048195305
9789048195336
9789048195367
9789048195374
9789048195404
9789048195435
9789048195466
9789048195497
9789048195541
9789048195572
9789048195602
9789048195619
9789048195640
9789048195671
9789048195688
9789048195718
9789048195749
9789048195787
9789048195817
9789048195848
9789048195879
9789048195909
9789048195930
9789048195961
9789048195992
9789048196029
9789048196050
9789048196081
9789048196111
9789048196142
9789048196173
9789048196203
9789048196210
9789048196241
9789048196272
9789048196302
9789048196333
9789048196364
9789048196395
9789048196401
9789048196432
9789048196463
9789048196494
9789048196524
9789048196562
9789048196609
9789048196630
9789048196661
9789048196692
9789048196722
9789048196753
9789048196784
9789048196807
9789048196838
9789048196883
9789048196913
9789048196944
9789048196975
9789048197002
9789048197033
9789048197064
9789048197088
9789048197095
9789048197125
9789048197156
9789048197187
9789048197217
9789048197248
9789048197286
9789048197316
9789048197347
9789048197378
9789048197408
9789048197439
9789048197453
9789048197460
9789048197477
9789048197521
9789048197538
9789048197569
9789048197590
9789048197620
9789048197651
9789048197682
9789048197712
9789048197743
9789048197774
9789048197804
9789048197835
9789048197866
9789048197897
9789048197903
9789048197934
9789048197965
9789048197996
9789048198023
9789048198054
9789048198085
9789048198115
9789048198146
9789048198177
9789048198207
9789048198238
9789048198245
9789048198276
9789048198306
9789048198337
9789048198368
9789048198399
9789048198429
9789048198450
9789048198481
9789048198511
9789048198542
9789048198573
9789048198603
9789048198634
9789048198665
9789048198696
9789048198726
9789048198757
9789048198795
9789048198801
9789048198832
9789048198863
9789048198894
9789048198924
9789048198955
9789048198986
9789048199044
9789048199075
9789048199105
9789048199136
9789048199167
9789048199198
9789048199228
9789048199259
9789048199280
9789048199310
9789048199341
9789048199372
9789048199402
9789048199433
9789048199464
9789048199495
9789048199525
9789048199556
9789048199587
9789048199617
9789048199648
9789048199679
9789048199709
9789048199730
9789048199761
9789048199808
9789048199839
9789048199860
9789048199891
9789048199921
9789048199952
9789048199983
9789048801886
9789048802753
9789048808663
9789048828012
9789048836000
9789049104399
9789050111928
9789050111997
9789050112383
9789050112420
9789050112437
9789050112451
9789050112574
9789050112581
9789050112598
9789050112659
9789050112802
9789050113038
9789050113168
9789050113410
9789050113502
9789050113786
9789050113915
9789050114127
9789050114417
9789050114431
9789050114585
9789050114592
9789050114615
9789050114806
9789050114851
9789050115377
9789050115452
9789050115964
9789050630047
9789050630061
9789050630092
9789050630122
9789050630146
9789050630160
9789050630177
9789050630207
9789050630238
9789050630269
9789050630283
9789050630290
9789050630306
9789050630313
9789050630320
9789050630344
9789050630351
9789050630375
9789050630382
9789050630399
9789050630429
9789050630443
9789050630450
9789050630474
9789050630481
9789050630498
9789050630504
9789050630528
9789050630535
9789050630559
9789050630566
9789050630573
9789050630580
9789050630603
9789050630610
9789050630641
9789050630702
9789050630719
9789050630733
9789050630740
9789050630788
9789050630825
9789050630832
9789050630856
9789050630863
9789050630870
9789050630887
9789050630894
9789050630900
9789050630924
9789050630931
9789050630979
9789050631075
9789050631082
9789050631181
9789050631266
9789050631372
9789050631389
9789050631464
9789050631471
9789050631488
9789050631563
9789050631570
9789050631662
9789050631679
9789050631778
9789050631785
9789050631860
9789050631877
9789050631969
9789050631976
9789050632065
9789050632089
9789050632164
9789050632171
9789050632188
9789050632263
9789050632270
9789050632287
9789050632362
9789050632379
9789050632461
9789050632485
9789050632560
9789050632577
9789050632584
9789050632669
9789050632676
9789050632768
9789050632782
9789050632867
9789050632881
9789050632966
9789050632973
9789050632980
9789050633062
9789050633079
9789050633161
9789050633185
9789050633260
9789050633277
9789050633284
9789050633383
9789050633468
9789050633567
9789050633574
9789050633581
9789050633666
9789050633673
9789050633680
9789050633765
9789050633789
9789050633888
9789050633963
9789050633987
9789050634076
9789050634083
9789050634168
9789050634182
9789050634267
9789050634397
9789050634472
9789050634489
9789050634496
9789050634571
9789050634588
9789050634595
9789050634670
9789050634779
9789050634786
9789050634878
9789050634885
9789050635080
9789050635189
9789050635288
9789050635370
9789050635486
9789050635578
9789050635585
9789050635776
9789050635875
9789050635974
9789050636070
9789050636087
9789050950411
9789050950497
9789050950589
9789050950596
9789050950657
9789050950664
9789050950725
9789050950763
9789050950862
9789050950893
9789050950978
9789050950992
9789050951005
9789050951067
9789050951098
9789050951111
9789050951265
9789050951296
9789050951333
9789050951357
9789050951364
9789050951371
9789050951395
9789050951418
9789050951425
9789050951524
9789050951531
9789050951593
9789050951623
9789050951647
9789050951661
9789050951708
9789050951760
9789050951890
9789050951906
9789050951913
9789050951920
9789050951937
9789050951951
9789050952033
9789050952057
9789050952088
9789050952132
9789050952194
9789050952217
9789050952224
9789050952262
9789050952279
9789050952293
9789050952316
9789050952323
9789050952330
9789050952385
9789050952392
9789050952408
9789050952507
9789050952538
9789050952552
9789050952590
9789050952606
9789050952675
9789050952781
9789050952859
9789050952934
9789050952972
9789050952989
9789050952996
9789050953016
9789050953061
9789050953078
9789050953108
9789050953146
9789050953177
9789050953191
9789050953368
9789050953412
9789050953436
9789050953498
9789050953511
9789050953597
9789050953603
9789050953634
9789050953665
9789050953696
9789050953702
9789050953726
9789050953757
9789050953818
9789050953825
9789050953832
9789050953856
9789050953887
9789050953894
9789050953900
9789050953948
9789050953979
9789050953986
9789050954006
9789050954068
9789050954228
9789050954235
9789050954259
9789050954266
9789050954310
9789050954327
9789050954341
9789050954396
9789050954433
9789050954495
9789050954518
9789050954525
9789050954587
9789050954594
9789050954617
9789050954624
9789050954631
9789050954655
9789050954662
9789050954686
9789050954693
9789050954730
9789050954747
9789050954754
9789050954761
9789050954785
9789050954815
9789050954846
9789050954877
9789050954907
9789050954921
9789050954938
9789050954952
9789050954983
9789050955003
9789050955034
9789050955089
9789050955126
9789050955263
9789050955324
9789050955331
9789050955409
9789050955447
9789050955454
9789050955522
9789050955577
9789050955607
9789050955621
9789050955652
9789050955669
9789050955683
9789050955713
9789050955744
9789050955768
9789050955775
9789050955799
9789050955812
9789050955829
9789050955836
9789050955850
9789050955904
9789050955911
9789050955942
9789050955973
9789050956024
9789050956079
9789050956161
9789050956277
9789050956291
9789050956345
9789050956406
9789050956420
9789050956437
9789050956444
9789050956451
9789050956468
9789050956499
9789050956505
9789050956512
9789050956543
9789050956598
9789050956666
9789050956697
9789050956703
9789050956734
9789050956741
9789050956789
9789050956796
9789050956802
9789050956819
9789050956833
9789050956871
9789050956901
9789050956925
9789050957038
9789050957045
9789050957052
9789050957069
9789050957113
9789050957144
9789050957182
9789050957267
9789050957304
9789050957328
9789050957427
9789050957434
9789050957458
9789050957472
9789050957557
9789050957571
9789050957588
9789050957595
9789050957618
9789050957625
9789050957632
9789050957663
9789050957670
9789050957700
9789050957717
9789050957755
9789050957786
9789050957793
9789050957809
9789050957861
9789050957885
9789050957892
9789050957915
9789050957922
9789050957946
9789050957984
9789050957991
9789050958004
9789050958011
9789050958028
9789050958035
9789050958059
9789050958097
9789050958127
9789050958134
9789050958158
9789050958172
9789050958202
9789050958240
9789050958387
9789050958400
9789050958424
9789050958516
9789050958523
9789050958547
9789050958554
9789050958608
9789050958615
9789050958622
9789050958646
9789050958738
9789050958752
9789050958769
9789050958776
9789050958783
9789050958790
9789050958806
9789050958844
9789050958868
9789050958882
9789050958912
9789050958936
9789050958950
9789050958974
9789050959070
9789050959100
9789050959131
9789050959148
9789050959155
9789050959162
9789050959216
9789050959230
9789050959247
9789050959254
9789050959292
9789050959308
9789050959315
9789050959322
9789050959407
9789050959414
9789050959421
9789050959445
9789050959490
9789050959506
9789050959520
9789050959544
9789050959568
9789050959575
9789050959582
9789050959599
9789050959605
9789050959711
9789050959728
9789050959735
9789050959742
9789050959797
9789050959803
9789050959810
9789050959865
9789050959889
9789050959933
9789050959940
9789050959988
9789050959995
9789051031423
9789051666496
9789051668025
9789051669244
9789051669381
9789051669442
9789051669541
9789051669862
9789051701630
9789051703559
9789051703795
9789051703849
9789051704204
9789051704303
9789051704983
9789051705065
9789051705263
9789051705300
9789051705560
9789051705591
9789051705720
9789051705881
9789051705980
9789051706253
9789051706635
9789051706932
9789051707182
9789051707274
9789051707397
9789051707489
9789051707588
9789051707656
9789051707847
9789051707984
9789051708042
9789051708172
9789051830033
9789051830194
9789051830613
9789051830828
9789051830958
9789051831238
9789051831658
9789051831665
9789051831801
9789051831962
9789051832266
9789051832525
9789051833010
9789051833072
9789051833089
9789051833140
9789051833218
9789051833256
9789051833379
9789051833850
9789051834369
9789051834529
9789051835175
9789051835694
9789051835724
9789051835823
9789051836110
9789051836219
9789051836424
9789051836974
9789051837148
9789051837285
9789051837353
9789051837407
9789051837544
9789051837773
9789051837964
9789051838121
9789051838565
9789051838961
9789051839111
9789051839227
9789051839289
9789051839562
9789051839593
9789051839821
9789051839869
9789051890235
9789051890297
9789051890372
9789051990072
9789051990362
9789051990522
9789051990591
9789051990607
9789051990676
9789051990775
9789051990867
9789051991109
9789051991147
9789051991192
9789051991239
9789051991543
9789051991567
9789051991581
9789051991703
9789051991802
9789051991819
9789051991833
9789051992014
9789051992090
9789051992113
9789051992144
9789051992199
9789051992205
9789051992267
9789051992304
9789051992427
9789051992564
9789051992793
9789051992823
9789051992953
9789051993066
9789051993080
9789051993110
9789051993226
9789051993301
9789051993332
9789051993370
9789051993387
9789051993462
9789051993509
9789051993554
9789051993592
9789051993639
9789051993646
9789051993653
9789051993660
9789051993776
9789051993783
9789051993820
9789051993837
9789051993875
9789051993998
9789051994063
9789051994087
9789051994117
9789051994193
9789051994223
9789051994247
9789051994278
9789051994292
9789051994308
9789051994384
9789051994391
9789051994438
9789051994513
9789051994544
9789051994780
9789051994797
9789051994810
9789051994841
9789051995046
9789052010014
9789052010038
9789052010106
9789052010113
9789052010120
9789052010137
9789052010168
9789052010175
9789052010182
9789052010199
9789052010205
9789052010212
9789052010229
9789052010236
9789052010243
9789052010250
9789052010274
9789052010281
9789052010304
9789052010328
9789052010335
9789052010342
9789052010359
9789052010373
9789052010397
9789052010410
9789052010427
9789052010434
9789052010441
9789052010458
9789052010465
9789052010472
9789052010489
9789052010502
9789052010519
9789052010526
9789052010533
9789052010540
9789052010557
9789052010564
9789052010571
9789052010588
9789052010601
9789052010618
9789052010625
9789052010632
9789052010649
9789052010656
9789052010663
9789052010670
9789052010687
9789052010694
9789052010700
9789052010717
9789052010724
9789052010731
9789052010755
9789052010762
9789052010779
9789052010786
9789052010885
9789052010953
9789052010960
9789052010977
9789052010984
9789052010991
9789052011004
9789052011011
9789052011042
9789052011059
9789052011066
9789052011073
9789052011080
9789052011097
9789052011103
9789052011110
9789052011127
9789052011219
9789052011226
9789052011233
9789052011240
9789052011257
9789052011264
9789052011271
9789052011288
9789052011295
9789052011301
9789052011318
9789052011325
9789052011332
9789052011349
9789052011356
9789052011387
9789052011455
9789052011462
9789052011479
9789052011486
9789052011493
9789052011509
9789052011516
9789052011523
9789052011530
9789052011547
9789052011554
9789052011561
9789052011578
9789052011585
9789052011592
9789052011608
9789052011615
9789052011622
9789052011646
9789052011660
9789052011677
9789052011684
9789052011691
9789052011707
9789052011721
9789052011738
9789052011752
9789052011776
9789052011783
9789052011790
9789052011806
9789052011813
9789052011820
9789052011844
9789052011851
9789052011868
9789052011875
9789052011882
9789052011899
9789052011905
9789052011912
9789052011929
9789052011936
9789052011943
9789052011950
9789052011967
9789052011974
9789052011981
9789052011998
9789052012001
9789052012018
9789052012025
9789052012032
9789052012049
9789052012056
9789052012063
9789052012070
9789052012087
9789052012094
9789052012117
9789052012131
9789052012148
9789052012155
9789052012162
9789052012193
9789052012209
9789052012216
9789052012223
9789052012247
9789052012254
9789052012261
9789052012278
9789052012285
9789052012292
9789052012308
9789052012315
9789052012322
9789052012339
9789052012346
9789052012353
9789052012360
9789052012377
9789052012384
9789052012391
9789052012407
9789052012421
9789052012438
9789052012445
9789052012469
9789052012476
9789052012490
9789052012506
9789052012520
9789052012537
9789052012544
9789052012551
9789052012568
9789052012575
9789052012599
9789052012605
9789052012612
9789052012629
9789052012636
9789052012643
9789052012650
9789052012667
9789052012674
9789052012681
9789052012698
9789052012704
9789052012711
9789052012728
9789052012735
9789052012742
9789052012759
9789052012766
9789052012773
9789052012797
9789052012810
9789052012827
9789052012834
9789052012841
9789052012858
9789052012865
9789052012872
9789052012889
9789052012896
9789052012902
9789052012919
9789052012926
9789052012933
9789052012957
9789052012964
9789052012971
9789052012988
9789052013008
9789052013022
9789052013039
9789052013046
9789052013053
9789052013060
9789052013077
9789052013084
9789052013091
9789052013107
9789052013114
9789052013121
9789052013138
9789052013145
9789052013152
9789052013169
9789052013176
9789052013183
9789052013190
9789052013206
9789052013213
9789052013220
9789052013237
9789052013244
9789052013251
9789052013268
9789052013275
9789052013282
9789052013299
9789052013305
9789052013312
9789052013329
9789052013336
9789052013343
9789052013350
9789052013367
9789052013374
9789052013381
9789052013398
9789052013404
9789052013411
9789052013428
9789052013435
9789052013442
9789052013459
9789052013466
9789052013473
9789052013497
9789052013503
9789052013510
9789052013527
9789052013534
9789052013541
9789052013558
9789052013565
9789052013572
9789052013589
9789052013596
9789052013602
9789052013619
9789052013626
9789052013633
9789052013640
9789052013657
9789052013664
9789052013671
9789052013688
9789052013695
9789052013701
9789052013718
9789052013725
9789052013732
9789052013749
9789052013770
9789052013787
9789052013794
9789052013800
9789052013817
9789052013824
9789052013831
9789052013848
9789052013855
9789052013862
9789052013879
9789052013886
9789052013893
9789052013909
9789052013916
9789052013923
9789052013930
9789052013954
9789052013961
9789052013978
9789052013985
9789052013992
9789052014005
9789052014012
9789052014029
9789052014036
9789052014067
9789052014074
9789052014081
9789052014098
9789052014104
9789052014111
9789052014128
9789052014135
9789052014142
9789052014159
9789052014166
9789052014173
9789052014180
9789052014197
9789052014203
9789052014227
9789052014234
9789052014241
9789052014258
9789052014265
9789052014272
9789052014289
9789052014296
9789052014319
9789052014326
9789052014333
9789052014340
9789052014357
9789052014364
9789052014371
9789052014388
9789052014395
9789052014425
9789052014432
9789052014449
9789052014456
9789052014463
9789052014470
9789052014487
9789052014494
9789052014500
9789052014517
9789052014524
9789052014531
9789052014548
9789052014555
9789052014562
9789052014579
9789052014586
9789052014593
9789052014609
9789052014616
9789052014623
9789052014630
9789052014647
9789052014654
9789052014661
9789052014678
9789052014685
9789052014692
9789052014708
9789052014715
9789052014722
9789052014739
9789052014746
9789052014753
9789052014760
9789052014777
9789052014784
9789052014791
9789052014807
9789052014814
9789052014821
9789052014838
9789052014845
9789052014852
9789052014869
9789052014876
9789052014883
9789052014890
9789052014951
9789052014968
9789052014975
9789052014982
9789052014999
9789052015002
9789052015071
9789052015088
9789052015095
9789052015101
9789052015132
9789052015149
9789052015187
9789052015248
9789052015255
9789052015279
9789052015286
9789052015293
9789052015309
9789052015316
9789052015323
9789052015330
9789052015347
9789052015354
9789052015361
9789052015378
9789052015385
9789052015392
9789052015408
9789052015415
9789052015422
9789052015439
9789052015446
9789052015453
9789052015460
9789052015477
9789052015484
9789052015491
9789052015545
9789052015576
9789052015583
9789052015590
9789052015606
9789052015613
9789052015620
9789052015637
9789052015644
9789052015651
9789052015668
9789052015675
9789052015682
9789052015699
9789052015705
9789052015712
9789052015729
9789052015736
9789052015743
9789052015750
9789052015767
9789052015774
9789052015781
9789052015798
9789052015804
9789052015811
9789052015828
9789052015835
9789052015842
9789052015859
9789052015866
9789052015873
9789052015880
9789052015897
9789052015903
9789052015910
9789052015927
9789052015934
9789052015941
9789052015958
9789052015965
9789052015972
9789052015989
9789052015996
9789052016009
9789052016016
9789052016023
9789052016030
9789052016047
9789052016054
9789052016061
9789052016078
9789052016085
9789052016092
9789052016108
9789052016115
9789052016122
9789052016139
9789052016146
9789052016153
9789052016160
9789052016177
9789052016191
9789052016290
9789052016306
9789052016313
9789052016320
9789052016337
9789052016344
9789052016351
9789052016368
9789052016375
9789052016382
9789052016399
9789052016405
9789052016412
9789052016429
9789052016436
9789052016443
9789052016450
9789052016467
9789052016474
9789052016481
9789052016498
9789052016504
9789052016511
9789052016528
9789052016535
9789052016542
9789052016559
9789052016566
9789052016573
9789052016580
9789052016603
9789052016610
9789052016627
9789052016634
9789052016641
9789052016658
9789052016665
9789052016672
9789052016696
9789052016702
9789052016719
9789052016726
9789052016733
9789052016740
9789052016757
9789052016764
9789052016771
9789052016788
9789052016795
9789052016832
9789052016849
9789052016856
9789052016863
9789052016870
9789052016887
9789052016894
9789052016900
9789052016917
9789052016924
9789052016931
9789052016948
9789052016962
9789052016979
9789052016986
9789052016993
9789052017006
9789052017013
9789052017020
9789052017037
9789052017044
9789052017051
9789052017068
9789052017075
9789052017082
9789052017099
9789052017105
9789052017112
9789052017129
9789052017136
9789052017143
9789052017150
9789052017167
9789052017174
9789052017181
9789052017198
9789052017280
9789052017297
9789052017303
9789052017310
9789052017327
9789052017334
9789052017341
9789052017358
9789052017365
9789052017372
9789052017389
9789052017396
9789052017402
9789052017419
9789052017426
9789052017433
9789052017440
9789052017457
9789052017464
9789052017471
9789052017488
9789052017495
9789052017501
9789052017518
9789052017525
9789052017532
9789052017549
9789052017556
9789052017563
9789052017570
9789052017587
9789052017594
9789052017600
9789052017617
9789052017624
9789052017631
9789052017648
9789052017655
9789052017662
9789052017679
9789052017686
9789052017693
9789052017709
9789052017716
9789052017723
9789052017730
9789052017747
9789052017754
9789052017761
9789052017778
9789052017785
9789052017792
9789052017815
9789052017822
9789052017839
9789052017846
9789052017853
9789052017860
9789052017877
9789052017884
9789052017891
9789052017907
9789052017914
9789052017921
9789052017938
9789052017945
9789052017952
9789052017969
9789052017983
9789052017990
9789052018003
9789052018010
9789052018027
9789052018034
9789052018041
9789052018065
9789052018072
9789052018096
9789052018102
9789052018126
9789052018140
9789052018157
9789052018164
9789052018171
9789052018188
9789052018195
9789052018201
9789052018218
9789052018225
9789052018232
9789052018249
9789052018256
9789052018263
9789052018270
9789052018287
9789052018294
9789052018409
9789052018416
9789052018423
9789052018430
9789052018447
9789052018454
9789052018461
9789052018478
9789052018485
9789052018492
9789052018508
9789052018515
9789052018522
9789052018539
9789052018546
9789052018553
9789052018560
9789052018577
9789052018584
9789052018591
9789052018607
9789052018614
9789052018621
9789052018638
9789052018645
9789052018652
9789052018669
9789052018676
9789052018683
9789052018690
9789052018706
9789052018713
9789052018720
9789052018737
9789052018744
9789052018751
9789052018768
9789052018775
9789052018782
9789052018799
9789052018805
9789052018812
9789052018829
9789052018836
9789052018843
9789052018850
9789052018867
9789052018874
9789052018881
9789052018898
9789052018904
9789052018911
9789052018928
9789052018935
9789052018942
9789052018959
9789052018966
9789052018973
9789052018980
9789052018997
9789052019000
9789052019017
9789052019024
9789052019031
9789052019048
9789052019055
9789052019062
9789052019079
9789052019086
9789052019093
9789052019109
9789052019116
9789052019123
9789052019147
9789052019154
9789052019161
9789052019178
9789052019185
9789052019192
9789052019208
9789052019215
9789052019222
9789052019239
9789052019246
9789052019260
9789052019277
9789052019284
9789052019291
9789052019307
9789052019321
9789052019338
9789052019345
9789052019376
9789052019390
9789052019406
9789052019444
9789052019451
9789052019468
9789052019475
9789052019499
9789052019505
9789052019512
9789052019536
9789052019543
9789052019567
9789052019574
9789052019581
9789052019598
9789052019604
9789052019611
9789052019628
9789052019635
9789052019642
9789052019666
9789052019673
9789052019680
9789052019697
9789052019703
9789052019710
9789052019727
9789052019734
9789052019741
9789052019758
9789052019765
9789052019772
9789052019789
9789052019796
9789052019802
9789052019819
9789052019826
9789052019833
9789052019840
9789052019864
9789052019871
9789052019888
9789052019895
9789052019901
9789052019918
9789052019932
9789052019949
9789052019956
9789052019963
9789052019987
9789052019994
9789052043456
9789052600048
9789052600338
9789052600390
9789052600413
9789052600833
9789052600956
9789052600963
9789052601021
9789052601663
9789052602332
9789052602646
9789052602783
9789052602868
9789052602882
9789052603230
9789052603445
9789052603704
9789052603711
9789052603797
9789052603810
9789052603872
9789052603926
9789053250761
9789053252239
9789053252918
9789053302118
9789053302798
9789053303016
9789053303276
9789053303542
9789053305065
9789053305560
9789053305942
9789053306123
9789053306154
9789053306161
9789053306178
9789053306208
9789053306338
9789053306345
9789053306529
9789053306710
9789053306734
9789053306826
9789053306840
9789053306857
9789053306956
9789053306970
9789053306994
9789053307137
9789053307151
9789053307175
9789053307199
9789053307304
9789053307373
9789053307397
9789053307434
9789053307472
9789053307588
9789053307595
9789053307601
9789053307618
9789053307625
9789053307649
9789053307663
9789053307670
9789053307687
9789053307717
9789053307762
9789053307786
9789053307809
9789053307816
9789053307892
9789053307908
9789053307922
9789053307953
9789053307960
9789053307984
9789053308035
9789053308042
9789053308059
9789053308127
9789053308134
9789053308141
9789053308158
9789053308189
9789053308196
9789053308202
9789053308219
9789053308226
9789053308233
9789053308240
9789053308257
9789053308356
9789053308363
9789053308387
9789053308394
9789053308400
9789053308417
9789053308424
9789053308431
9789053308448
9789053308455
9789053308462
9789053308486
9789053308561
9789053308578
9789053308592
9789053308615
9789053308622
9789053308639
9789053308646
9789053308745
9789053308769
9789053308776
9789053308783
9789053308806
9789053308813
9789053308820
9789053308837
9789053308844
9789053351925
9789053400012
9789053400074
9789053509784
9789053560150
9789053560204
9789053560327
9789053560334
9789053560341
9789053560358
9789053560549
9789053560594
9789053561379
9789053561683
9789053561720
9789053561775
9789053561928
9789053562161
9789053562185
9789053562208
9789053562369
9789053562536
9789053562628
9789053562758
9789053563069
9789053563137
9789053563151
9789053563250
9789053563564
9789053563816
9789053563854
9789053563892
9789053564004
9789053564028
9789053564035
9789053564066
9789053564271
9789053564356
9789053564448
9789053564561
9789053564714
9789053564851
9789053565063
9789053565124
9789053565162
9789053565179
9789053565650
9789053565667
9789053565711
9789053565766
9789053565827
9789053565940
9789053566312
9789053566343
9789053566541
9789053566664
9789053566671
9789053566688
9789053566695
9789053566718
9789053566732
9789053566749
9789053566893
9789053566947
9789053567074
9789053567128
9789053567395
9789053567401
9789053567456
9789053567555
9789053567562
9789053567630
9789053567654
9789053567661
9789053567685
9789053567722
9789053567845
9789053567906
9789053567920
9789053567975
9789053567999
9789053568088
9789053568118
9789053568163
9789053568187
9789053568255
9789053568262
9789053568286
9789053568378
9789053568439
9789053568460
9789053568514
9789053568569
9789053568576
9789053568583
9789053568590
9789053568606
9789053568613
9789053568668
9789053568736
9789053568743
9789053568750
9789053568767
9789053568781
9789053568828
9789053568835
9789053568859
9789053568880
9789053568897
9789053569023
9789053569078
9789053569108
9789053569191
9789053569207
9789053569214
9789053569221
9789053569252
9789053569276
9789053569290
9789053569306
9789053569337
9789053569344
9789053569382
9789053569443
9789053569467
9789053569566
9789053569597
9789053569603
9789053569726
9789053569733
9789053569740
9789053569757
9789053569764
9789053569849
9789053569894
9789053569900
9789053569955
9789053569993
9789053675991
9789053676158
9789053676240
9789053838464
9789053839553
9789053839607
9789053839768
9789053839805
9789053839836
9789053839843
9789053839928
9789054100027
9789054100034
9789054100041
9789054100058
9789054100089
9789054100102
9789054100119
9789054100133
9789054100140
9789054100157
9789054100195
9789054100201
9789054100249
9789054100270
9789054100300
9789054100317
9789054100331
9789054100348
9789054100355
9789054100362
9789054100379
9789054100393
9789054100409
9789054100423
9789054100461
9789054100478
9789054100492
9789054100515
9789054100522
9789054100546
9789054100553
9789054100591
9789054100607
9789054100768
9789054100812
9789054100829
9789054100850
9789054100874
9789054100898
9789054100904
9789054100928
9789054100959
9789054100966
9789054100997
9789054101000
9789054101031
9789054101093
9789054101109
9789054101123
9789054101147
9789054101154
9789054101178
9789054101215
9789054101239
9789054101277
9789054101307
9789054101390
9789054101406
9789054101437
9789054101444
9789054101468
9789054101512
9789054101543
9789054101581
9789054101611
9789054101642
9789054101659
9789054101680
9789054101888
9789054101932
9789054101956
9789054102007
9789054102069
9789054102090
9789054102113
9789054102137
9789054102144
9789054102168
9789054102182
9789054102199
9789054102212
9789054102250
9789054102267
9789054102274
9789054102298
9789054102304
9789054102359
9789054102366
9789054102427
9789054102434
9789054102465
9789054102496
9789054102595
9789054102625
9789054102809
9789054102816
9789054102892
9789054102922
9789054103042
9789054103073
9789054103080
9789054103097
9789054103103
9789054103110
9789054103134
9789054103172
9789054103189
9789054103196
9789054103202
9789054103233
9789054103240
9789054103264
9789054103271
9789054103288
9789054103349
9789054103356
9789054103417
9789054103424
9789054103479
9789054103486
9789054103493
9789054103509
9789054103530
9789054103554
9789054103677
9789054103684
9789054103776
9789054103783
9789054103790
9789054103844
9789054103875
9789054103882
9789054103912
9789054103936
9789054103943
9789054103967
9789054103974
9789054103981
9789054104056
9789054104063
9789054104100
9789054104124
9789054104148
9789054104155
9789054104162
9789054104186
9789054104209
9789054104216
9789054104247
9789054104254
9789054104261
9789054104278
9789054104285
9789054104308
9789054104315
9789054104421
9789054104438
9789054104537
9789054104612
9789054104643
9789054104650
9789054104698
9789054104728
9789054104735
9789054104766
9789054104773
9789054104797
9789054104803
9789054104834
9789054104872
9789054104889
9789054104902
9789054104919
9789054105046
9789054105053
9789054105060
9789054105077
9789054105084
9789054105091
9789054105107
9789054105114
9789054105176
9789054105183
9789054105206
9789054105220
9789054105244
9789054105275
9789054105343
9789054105459
9789054105497
9789054105503
9789054105510
9789054105527
9789054105534
9789054105541
9789054105572
9789054105626
9789054105657
9789054105749
9789054105756
9789054105763
9789054105770
9789054105824
9789054105879
9789054105886
9789054105930
9789054105978
9789054105985
9789054106036
9789054106043
9789054106067
9789054106074
9789054106081
9789054106104
9789054106111
9789054106128
9789054106135
9789054106142
9789054106159
9789054106210
9789054106258
9789054106265
9789054106272
9789054106364
9789054106395
9789054106401
9789054106432
9789054106463
9789054106524
9789054106531
9789054106647
9789054106654
9789054106678
9789054106692
9789054106715
9789054106722
9789054106753
9789054106760
9789054106777
9789054106791
9789054106807
9789054106845
9789054106869
9789054106883
9789054106890
9789054106920
9789054106944
9789054106982
9789054107002
9789054107026
9789054107033
9789054107156
9789054107163
9789054107187
9789054107194
9789054107224
9789054107255
9789054107262
9789054107347
9789054107408
9789054107477
9789054107491
9789054107545
9789054107552
9789054107569
9789054107576
9789054107583
9789054107590
9789054107606
9789054107613
9789054107637
9789054107651
9789054107705
9789054107743
9789054107750
9789054107767
9789054107774
9789054107835
9789054107842
9789054107866
9789054107897
9789054107927
9789054107934
9789054107965
9789054108016
9789054108092
9789054108108
9789054108160
9789054108177
9789054108214
9789054108238
9789054108252
9789054108269
9789054108276
9789054108283
9789054108290
9789054108313
9789054108344
9789054108351
9789054108443
9789054108450
9789054108467
9789054108474
9789054108504
9789054108535
9789054108566
9789054108580
9789054108597
9789054108603
9789054108634
9789054108641
9789054108658
9789054108719
9789054108726
9789054108733
9789054108757
9789054108771
9789054108832
9789054108849
9789054108863
9789054108870
9789054108900
9789054108924
9789054108931
9789054108948
9789054108955
9789054108962
9789054108979
9789054108986
9789054108993
9789054109006
9789054109020
9789054109037
9789054109099
9789054109112
9789054109129
9789054109181
9789054109198
9789054109211
9789054109228
9789054109259
9789054109303
9789054109310
9789054109327
9789054109334
9789054109341
9789054109549
9789054109563
9789054109587
9789054109600
9789054109624
9789054109648
9789054109655
9789054109662
9789054109709
9789054109778
9789054109914
9789054109921
9789054109938
9789054109945
9789054441878
9789054544241
9789054544258
9789054549055
9789054549321
9789054549536
9789054750321
9789054750345
9789054870005
9789054873525
9789054874034
9789054874164
9789054874201
9789054874294
9789054874362
9789054874430
9789054874478
9789054874645
9789054874690
9789054874720
9789054874805
9789054874812
9789054874829
9789054874850
9789054874898
9789054874959
9789054875017
9789054875178
9789054875260
9789054875291
9789054875369
9789054875451
9789054875468
9789054875499
9789054875581
9789054875628
9789054875642
9789054875727
9789054875758
9789054875826
9789054875888
9789054875895
9789054875963
9789054876014
9789054876038
9789054876052
9789054876076
9789054876090
9789054876137
9789054876182
9789054876304
9789054876441
9789054876458
9789054876465
9789054876489
9789054876502
9789054876823
9789054876908
9789054876922
9789054876984
9789054877042
9789054877134
9789054877158
9789054877509
9789054877684
9789054877721
9789054877752
9789054877769
9789054877974
9789054878230
9789054878292
9789054878520
9789054878544
9789054878582
9789054878612
9789054878629
9789054878971
9789054878995
9789054879091
9789054879121
9789054879299
9789054879442
9789054879756
9789054879763
9789054879770
9789054960904
9789054961505
9789054961529
9789054961543
9789054961574
9789054961697
9789054961703
9789055380053
9789055380060
9789055380084
9789055380114
9789055380190
9789055380206
9789055380213
9789055380220
9789055380374
9789055380381
9789055380442
9789055380480
9789055380497
9789055380503
9789055380510
9789055380541
9789055380572
9789055380602
9789055446902
9789055447091
9789055447190
9789055448326
9789055448791
9789055520589
9789055890200
9789055890439
9789055890620
9789055890958
9789055891115
9789055891160
9789055891214
9789055891368
9789055891481
9789055891603
9789055891719
9789055891733
9789055891764
9789055891795
9789055891993
9789055892013
9789055892051
9789055892259
9789055892280
9789055892297
9789055892303
9789055892327
9789055892396
9789055892457
9789055892488
9789055892518
9789055892570
9789055892617
9789055892624
9789055892686
9789055892730
9789055892747
9789055892792
9789055892808
9789055892853
9789055941698
9789055942329
9789055944224
9789055946921
9789055947041
9789055947072
9789055947188
9789055947829
9789055947836
9789055947881
9789055948000
9789055948079
9789055948994
9789055949618
9789056293673
9789056293826
9789056294083
9789056294137
9789056294168
9789056294250
9789056294281
9789056294427
9789056294458
9789056294489
9789056294540
9789056294557
9789056294663
9789056294809
9789056294847
9789056294908
9789056294939
9789056294946
9789056295004
9789056295066
9789056295073
9789056295189
9789056295257
9789056295387
9789056295400
9789056295530
9789056295592
9789056295608
9789056295721
9789056295752
9789056295950
9789056295981
9789056296100
9789056296193
9789056296315
9789056296360
9789056296414
9789056296421
9789056296537
9789056296551
9789056296698
9789056297237
9789056297244
9789056440695
9789056444648
9789056444655
9789056444662
9789056444679
9789056444686
9789056444693
9789056620035
9789056620158
9789056620271
9789056620288
9789056620295
9789056620424
9789056620509
9789056620592
9789056620608
9789056621193
9789056621377
9789056621414
9789056621438
9789056621469
9789056621513
9789056621681
9789056621698
9789056621773
9789056621810
9789056621834
9789056621940
9789056621971
9789056622060
9789056622114
9789056622169
9789056622183
9789056622206
9789056622510
9789056622664
9789056622763
9789056622848
9789056622916
9789056622923
9789056622954
9789056622978
9789056622992
9789056623012
9789056623036
9789056623043
9789056623081
9789056623340
9789056623371
9789056623579
9789056623586
9789056623630
9789056623654
9789056623685
9789056623692
9789056623708
9789056623821
9789056623838
9789056623906
9789056623937
9789056623975
9789056624019
9789056624057
9789056624071
9789056624132
9789056624170
9789056624217
9789056624255
9789056624286
9789056624293
9789056624309
9789056624330
9789056624477
9789056624637
9789056624644
9789056624651
9789056624668
9789056624675
9789056624828
9789056624866
9789056624873
9789056625115
9789056625122
9789056625207
9789056625214
9789056625221
9789056625269
9789056625429
9789056625443
9789056625481
9789056625535
9789056625566
9789056625580
9789056625740
9789056625764
9789056625795
9789056625818
9789056625832
9789056625849
9789056625894
9789056625917
9789056625955
9789056625979
9789056626006
9789056626020
9789056626044
9789056626068
9789056626082
9789056626167
9789056626174
9789056626198
9789056626259
9789056626280
9789056626372
9789056626433
9789056626457
9789056626518
9789056626525
9789056626549
9789056626563
9789056626594
9789056626600
9789056626617
9789056626624
9789056626655
9789056626679
9789056626686
9789056626693
9789056626747
9789056626761
9789056626778
9789056626785
9789056626792
9789056626815
9789056626822
9789056626846
9789056626860
9789056626907
9789056626969
9789056626983
9789056626990
9789056627010
9789056627034
9789056627058
9789056627072
9789056627102
9789056627157
9789056627164
9789056627171
9789056627188
9789056627218
9789056627225
9789056627232
9789056627249
9789056627256
9789056627263
9789056627300
9789056627348
9789056627362
9789056627386
9789056627393
9789056627423
9789056627430
9789056627461
9789056627478
9789056627485
9789056627515
9789056627522
9789056627539
9789056627546
9789056627553
9789056627560
9789056627577
9789056627584
9789056627621
9789056627638
9789056627645
9789056627669
9789056627690
9789056627737
9789056627751
9789056627768
9789056627799
9789056627805
9789056627973
9789056627980
9789056627997
9789056628000
9789056628024
9789056628031
9789056628062
9789056628079
9789056628086
9789056628093
9789056628116
9789056628123
9789056628147
9789056628178
9789056628192
9789056628239
9789056628246
9789056628260
9789056628307
9789056628314
9789056628338
9789056628352
9789056628369
9789056628383
9789056628390
9789056628406
9789056628413
9789056628482
9789056628499
9789056628505
9789056628529
9789056628536
9789056628543
9789056628550
9789056628567
9789056628581
9789056628604
9789056628628
9789056628659
9789056628673
9789056628680
9789056910778
9789056910792
9789056911249
9789056911393
9789056911409
9789056911621
9789056911638
9789056911690
9789056911706
9789056911713
9789056911867
9789056911935
9789056912017
9789056912024
9789056912031
9789056912048
9789056912215
9789056912222
9789056912413
9789056912437
9789056912468
9789056912475
9789056912567
9789056912574
9789056912604
9789056912635
9789056912697
9789056912703
9789056912727
9789056912734
9789056912932
9789056912949
9789056912956
9789056912970
9789056912987
9789056913083
9789056913090
9789056913106
9789056913144
9789056913151
9789056913274
9789056913281
9789056913298
9789056913304
9789056913328
9789056913342
9789056913403
9789056913410
9789056913441
9789056913458
9789056913465
9789056913557
9789056913588
9789056913601
9789056913618
9789056913649
9789056913663
9789056913687
9789056913694
9789056913700
9789056913717
9789056913724
9789056913731
9789056913779
9789056913786
9789056913793
9789056913816
9789056913823
9789056913830
9789056913847
9789056913854
9789056913861
9789056913878
9789056913885
9789056913892
9789056913908
9789056913977
9789056913984
9789056913991
9789056914004
9789056914028
9789056914042
9789056914059
9789056914066
9789056914141
9789056914165
9789056914172
9789056914189
9789056914257
9789056914264
9789056914271
9789056914295
9789056914318
9789056914332
9789056914349
9789056914356
9789056914370
9789056914387
9789056914394
9789056914400
9789056914417
9789056914684
9789056914691
9789056914721
9789056914943
9789056914950
9789056914967
9789056914974
9789056915001
9789056915018
9789056915025
9789056915032
9789056915049
9789056915056
9789056915063
9789056915070
9789056915087
9789056915094
9789056915100
9789056915117
9789056915124
9789056915131
9789056915377
9789056915384
9789056915438
9789056915452
9789056915476
9789056915537
9789056915551
9789056915681
9789056915704
9789056915728
9789056915742
9789056915766
9789056915773
9789056915780
9789056915797
9789056915810
9789056915827
9789056915834
9789056915841
9789056915858
9789056915865
9789056915889
9789056915896
9789056915902
9789056915919
9789056915933
9789056915957
9789056915971
9789056916015
9789056916039
9789056916053
9789056916077
9789056916091
9789056916114
9789056916138
9789056916176
9789056916299
9789056916312
9789056916336
9789056916350
9789056916398
9789056916404
9789056916411
9789056916428
9789056916435
9789056916442
9789056916459
9789056916466
9789056916473
9789056916480
9789056916497
9789056916503
9789056916510
9789056916527
9789056916534
9789056916541
9789056916558
9789056916596
9789056916619
9789056916633
9789056916725
9789056916749
9789056916763
9789056916824
9789056916848
9789056916862
9789056916893
9789056917159
9789056917166
9789056917173
9789056917180
9789056917197
9789056917203
9789056917210
9789056930035
9789056930066
9789056930073
9789056930103
9789056930110
9789056930127
9789056930141
9789056930189
9789056930196
9789056930233
9789056930240
9789056930288
9789056930295
9789056930301
9789056930318
9789056930325
9789056930332
9789056930356
9789056930363
9789056930394
9789056930417
9789056990015
9789056990053
9789056990060
9789056990084
9789056990183
9789056990190
9789056990206
9789056990220
9789056990237
9789056990244
9789056990251
9789056990282
9789056990305
9789056990312
9789056990329
9789056990350
9789056990367
9789056990411
9789056990428
9789056990459
9789056990466
9789056990473
9789056990565
9789056990572
9789056990589
9789056990626
9789056990657
9789056990664
9789056990695
9789056990701
9789056990718
9789056990787
9789056990800
9789056990817
9789056990855
9789056990886
9789056990909
9789056990916
9789056990923
9789056990947
9789056990954
9789056990961
9789056990985
9789056991012
9789056991036
9789056991050
9789056991074
9789056991128
9789056991135
9789056991180
9789056991197
9789056991210
9789056991227
9789056991272
9789056991296
9789056991302
9789056991319
9789056991357
9789056991364
9789056991371
9789056991401
9789056991418
9789056991432
9789056991449
9789056991456
9789056991463
9789056991470
9789056991524
9789056991531
9789056991609
9789056991616
9789056991623
9789056991647
9789056991678
9789056991692
9789056991715
9789056991722
9789056991739
9789056991760
9789056991845
9789056991852
9789056991890
9789056991920
9789056991937
9789056991951
9789056991968
9789056991999
9789056992002
9789056992101
9789056992118
9789056992163
9789056992217
9789056992224
9789056992255
9789056992293
9789056992309
9789056992316
9789056992347
9789056992354
9789056992378
9789056992392
9789056992422
9789056992484
9789056992514
9789056992569
9789056992583
9789056992606
9789056992637
9789056992668
9789056992675
9789056992682
9789056992729
9789056992736
9789056992859
9789056992866
9789056992897
9789056992958
9789056993009
9789056993061
9789056993153
9789056993177
9789056993245
9789056993252
9789056993269
9789056993276
9789056993283
9789056993290
9789056993337
9789056993368
9789056993481
9789056993511
9789056993559
9789056995041
9789056995072
9789056995126
9789056995164
9789056995171
9789056995188
9789056995218
9789056995225
9789056995287
9789056995294
9789056995331
9789056995348
9789056995355
9789056995386
9789056995393
9789056995409
9789056995430
9789056995447
9789056995461
9789056995485
9789056995492
9789056995522
9789056995539
9789056995553
9789056995577
9789056995645
9789056995652
9789056995676
9789056995690
9789056995706
9789056995744
9789056995768
9789056995775
9789056995829
9789056995836
9789056995850
9789056995867
9789056995881
9789056995898
9789056995904
9789056995928
9789056995942
9789056995966
9789056996017
9789056996048
9789056996055
9789056996062
9789056996079
9789056996086
9789056996093
9789056996123
9789056996147
9789056996208
9789056996215
9789056996239
9789056996253
9789056996277
9789056996314
9789056996345
9789056996352
9789056996383
9789056996437
9789056996444
9789056996475
9789056996499
9789056996505
9789056996550
9789056996574
9789056996581
9789056996598
9789056996604
9789056996611
9789056996659
9789056996666
9789056996673
9789056996697
9789056996703
9789056996710
9789056996727
9789056996772
9789056996789
9789056996833
9789056996864
9789056996895
9789056997014
9789056997045
9789057000034
9789057005022
9789057005107
9789057005114
9789057005145
9789057005176
9789057005190
9789057005213
9789057005244
9789057005268
9789057005275
9789057005343
9789057005350
9789057005374
9789057005381
9789057005398
9789057005459
9789057005473
9789057005497
9789057005503
9789057005510
9789057005671
9789057005695
9789057010033
9789057010217
9789057010231
9789057010415
9789057010620
9789057011122
9789057011320
9789057012327
9789057012426
9789057012914
9789057013119
9789057013225
9789057013317
9789057013324
9789057013423
9789057013812
9789057020025
9789057020094
9789057020117
9789057020124
9789057020162
9789057020193
9789057020216
9789057020247
9789057020261
9789057020278
9789057020285
9789057020315
9789057020322
9789057020353
9789057020360
9789057020407
9789057020414
9789057020438
9789057020452
9789057020469
9789057020490
9789057020544
9789057020605
9789057020612
9789057020629
9789057020643
9789057020681
9789057020698
9789057020742
9789057020780
9789057020803
9789057020827
9789057020834
9789057020858
9789057020865
9789057020872
9789057020889
9789057020919
9789057020926
9789057020995
9789057021039
9789057021046
9789057021053
9789057021060
9789057021091
9789057021114
9789057021145
9789057021152
9789057021169
9789057021176
9789057021206
9789057021220
9789057021268
9789057021275
9789057021312
9789057021329
9789057021336
9789057021343
9789057021350
9789057021411
9789057021428
9789057021480
9789057021510
9789057021527
9789057021565
9789057021589
9789057021602
9789057021619
9789057021626
9789057021671
9789057021688
9789057021701
9789057021725
9789057021732
9789057021756
9789057021763
9789057021770
9789057021787
9789057021794
9789057021817
9789057021824
9789057021831
9789057021855
9789057021862
9789057021886
9789057021893
9789057021930
9789057021954
9789057021961
9789057022036
9789057022074
9789057022098
9789057022104
9789057022173
9789057022180
9789057022197
9789057022203
9789057022210
9789057022227
9789057022272
9789057022289
9789057022296
9789057022364
9789057022371
9789057022449
9789057022500
9789057022517
9789057022531
9789057022579
9789057022586
9789057022609
9789057022654
9789057022708
9789057022715
9789057022760
9789057022777
9789057022838
9789057022845
9789057022852
9789057022906
9789057022913
9789057022920
9789057022944
9789057022982
9789057023040
9789057023057
9789057023064
9789057023071
9789057023088
9789057023101
9789057023149
9789057023170
9789057023194
9789057023217
9789057023262
9789057023286
9789057023293
9789057023330
9789057023347
9789057023354
9789057023378
9789057023385
9789057023408
9789057023415
9789057023422
9789057023439
9789057023453
9789057023477
9789057023484
9789057023491
9789057023507
9789057023545
9789057023552
9789057023620
9789057023637
9789057023644
9789057023699
9789057023705
9789057023750
9789057023798
9789057023811
9789057023842
9789057023873
9789057023903
9789057023927
9789057023941
9789057023958
9789057023972
9789057024016
9789057024023
9789057024030
9789057024061
9789057024078
9789057024115
9789057024139
9789057024153
9789057024177
9789057024191
9789057024221
9789057024320
9789057024337
9789057024344
9789057024382
9789057024412
9789057024580
9789057024597
9789057024665
9789057024689
9789057024702
9789057024733
9789057024788
9789057024795
9789057024801
9789057024849
9789057024863
9789057024887
9789057024894
9789057024917
9789057024948
9789057024962
9789057024993
9789057025037
9789057025044
9789057025068
9789057025075
9789057025112
9789057025167
9789057025235
9789057025310
9789057025327
9789057025334
9789057025341
9789057025372
9789057025389
9789057025402
9789057025426
9789057025457
9789057025495
9789057025501
9789057025518
9789057025525
9789057025556
9789057025594
9789057025624
9789057025662
9789057025709
9789057025747
9789057025754
9789057025778
9789057025785
9789057025877
9789057025891
9789057025907
9789057025983
9789057026027
9789057026034
9789057026058
9789057026089
9789057026102
9789057026126
9789057026133
9789057026157
9789057026195
9789057026201
9789057026232
9789057026300
9789057026317
9789057026348
9789057026454
9789057050022
9789057050213
9789057181146
9789057181573
9789057181764
9789057181795
9789057181849
9789057181870
9789057182150
9789057182242
9789057182358
9789057182396
9789057182631
9789057183850
9789057184611
9789057184833
9789057190384
9789057191138
9789057191145
9789057191442
9789057191459
9789057191466
9789057192128
9789057193224
9789057270017
9789057270024
9789057270055
9789057270062
9789057270086
9789057270109
9789057270116
9789057270130
9789057270147
9789057270161
9789057270178
9789057270185
9789057270215
9789057270222
9789057270239
9789057270246
9789057270253
9789057270260
9789057270284
9789057270314
9789057270338
9789057270345
9789057270352
9789057270369
9789057270390
9789057270406
9789057270413
9789057270420
9789057270437
9789057270444
9789057270468
9789057270475
9789057270482
9789057270499
9789057270505
9789057270512
9789057270529
9789057270536
9789057270550
9789057270574
9789057270598
9789057270604
9789057270611
9789057270628
9789057270635
9789057271014
9789057271052
9789057271069
9789057305658
9789057550010
9789057550034
9789057550041
9789057550065
9789057550072
9789057550089
9789057550126
9789057550195
9789057550218
9789057550249
9789057550256
9789057550263
9789057550270
9789057550294
9789057550300
9789057550317
9789057550324
9789057550348
9789057550355
9789057550379
9789057550409
9789057550423
9789057550454
9789057550461
9789057550485
9789057550508
9789057550522
9789057550560
9789057550690
9789057550751
9789057550775
9789057550805
9789057550812
9789057550843
9789057550850
9789057550898
9789057550911
9789057550942
9789057550966
9789057550980
9789057551031
9789057551161
9789057551185
9789057551192
9789057551208
9789057551215
9789057551222
9789057551284
9789057551307
9789057551338
9789057551369
9789057551437
9789057551451
9789057551581
9789057681233
9789057681264
9789057681301
9789057681332
9789057681493
9789057681509
9789057681578
9789057681592
9789057681608
9789057681622
9789057681639
9789057681660
9789057991448
9789058090010
9789058090027
9789058090041
9789058090119
9789058090225
9789058090270
9789058090287
9789058090294
9789058090393
9789058090430
9789058090447
9789058090454
9789058090478
9789058090515
9789058090607
9789058090614
9789058090621
9789058090669
9789058090676
9789058090737
9789058090782
9789058090799
9789058090829
9789058090850
9789058090867
9789058090966
9789058090980
9789058091017
9789058091031
9789058091048
9789058091079
9789058091123
9789058091147
9789058091154
9789058091260
9789058091277
9789058091307
9789058091314
9789058091321
9789058091345
9789058091376
9789058091475
9789058091482
9789058091505
9789058091512
9789058091536
9789058091543
9789058091567
9789058091581
9789058091604
9789058091628
9789058091642
9789058091659
9789058091727
9789058091734
9789058091765
9789058091796
9789058091802
9789058091826
9789058091833
9789058091871
9789058091918
9789058091925
9789058091932
9789058091956
9789058091963
9789058091970
9789058091987
9789058092007
9789058092083
9789058092120
9789058092137
9789058092182
9789058092199
9789058092205
9789058092212
9789058092229
9789058092236
9789058092250
9789058092298
9789058092304
9789058092311
9789058092335
9789058092359
9789058092366
9789058092373
9789058092434
9789058092441
9789058092465
9789058092496
9789058092540
9789058092557
9789058092588
9789058092601
9789058092632
9789058092649
9789058092670
9789058092694
9789058093073
9789058093080
9789058093110
9789058093141
9789058093172
9789058093219
9789058093226
9789058093240
9789058093257
9789058093264
9789058093295
9789058093301
9789058093431
9789058093455
9789058093462
9789058093479
9789058093509
9789058093561
9789058093578
9789058093592
9789058093622
9789058093639
9789058093646
9789058093660
9789058093677
9789058093684
9789058093707
9789058093721
9789058093738
9789058093745
9789058093752
9789058093769
9789058093776
9789058093783
9789058093813
9789058093820
9789058093837
9789058093844
9789058093851
9789058093868
9789058093875
9789058093899
9789058093912
9789058093929
9789058093967
9789058093974
9789058093998
9789058094032
9789058094049
9789058094056
9789058094063
9789058094087
9789058094094
9789058094155
9789058095008
9789058095022
9789058095053
9789058095060
9789058095077
9789058095121
9789058095138
9789058095145
9789058095190
9789058095220
9789058095268
9789058095275
9789058095282
9789058095299
9789058095305
9789058095329
9789058095336
9789058095350
9789058095367
9789058095381
9789058095428
9789058095459
9789058095473
9789058095480
9789058095497
9789058095503
9789058095510
9789058095527
9789058095534
9789058095541
9789058095558
9789058095565
9789058095589
9789058095596
9789058095602
9789058095626
9789058095664
9789058095671
9789058095688
9789058095725
9789058095732
9789058095770
9789058095794
9789058095817
9789058095831
9789058095886
9789058095893
9789058095909
9789058095930
9789058095947
9789058095954
9789058095961
9789058095985
9789058095992
9789058096029
9789058096036
9789058096043
9789058096067
9789058096074
9789058096081
9789058096104
9789058096135
9789058096166
9789058096173
9789058096197
9789058096203
9789058096234
9789058096241
9789058096333
9789058096340
9789058096357
9789058096364
9789058096388
9789058096401
9789058096425
9789058096456
9789058096470
9789058096531
9789058096562
9789058096579
9789058096586
9789058096593
9789058096609
9789058096630
9789058096647
9789058096661
9789058096678
9789058096692
9789058096746
9789058096753
9789058096791
9789058096821
9789058096845
9789058096920
9789058096999
9789058097002
9789058097019
9789058110558
9789058110763
9789058111319
9789058111326
9789058230065
9789058230072
9789058230119
9789058230133
9789058230218
9789058230225
9789058230270
9789058230294
9789058230300
9789058230348
9789058230355
9789058230386
9789058230454
9789058230461
9789058230515
9789058230522
9789058230553
9789058230560
9789058230577
9789058230584
9789058230607
9789058230614
9789058230652
9789058230676
9789058230737
9789058230744
9789058230751
9789058230768
9789058230812
9789058230836
9789058230867
9789058230881
9789058230898
9789058230973
9789058230997
9789058231017
9789058231024
9789058231055
9789058231079
9789058231215
9789058231239
9789058231291
9789058231321
9789058231437
9789058231598
9789058231611
9789058231642
9789058231697
9789058231796
9789058231802
9789058231987
9789058231994
9789058232083
9789058500243
9789058500564
9789058500663
9789058500700
9789058500991
9789058501196
9789058501295
9789058501356
9789058501950
9789058502308
9789058503206
9789058503237
9789058503862
9789058503954
9789058504296
9789058504456
9789058504517
9789058504630
9789058504678
9789058504685
9789058504692
9789058504722
9789058504791
9789058504845
9789058504944
9789058505088
9789058505118
9789058505156
9789058505194
9789058505309
9789058505316
9789058505323
9789058505385
9789058505422
9789058505484
9789058505491
9789058505590
9789058505620
9789058505736
9789058505743
9789058505774
9789058505866
9789058505873
9789058505880
9789058505927
9789058506061
9789058506108
9789058506191
9789058506207
9789058506221
9789058506337
9789058506344
9789058506399
9789058506405
9789058506443
9789058506450
9789058506474
9789058506504
9789058506511
9789058506535
9789058506559
9789058506580
9789058506610
9789058506634
9789058506665
9789058506696
9789058506726
9789058506733
9789058506801
9789058506825
9789058506832
9789058507051
9789058507068
9789058507129
9789058507167
9789058507235
9789058507242
9789058507259
9789058507266
9789058507273
9789058507389
9789058507402
9789058507501
9789058507518
9789058507525
9789058507532
9789058507723
9789058507730
9789058507747
9789058507754
9789058507761
9789058507778
9789058507785
9789058507792
9789058507877
9789058507990
9789058508003
9789058508010
9789058508027
9789058508034
9789058508041
9789058508089
9789058508096
9789058508171
9789058508195
9789058508201
9789058508225
9789058508232
9789058508263
9789058508409
9789058508416
9789058508423
9789058508430
9789058508461
9789058508485
9789058508553
9789058508560
9789058508577
9789058508614
9789058508621
9789058508683
9789058508720
9789058508768
9789058508775
9789058508782
9789058508799
9789058508829
9789058508836
9789058508928
9789058508935
9789058508942
9789058508959
9789058508966
9789058508973
9789058508980
9789058508997
9789058509000
9789058509017
9789058509024
9789058509031
9789058509048
9789058509062
9789058509086
9789058509093
9789058509116
9789058509185
9789058509208
9789058509215
9789058509222
9789058509239
9789058509246
9789058509253
9789058509260
9789058509277
9789058509444
9789058509451
9789058509475
9789058509529
9789058509536
9789058509567
9789058509574
9789058509581
9789058509598
9789058509758
9789058509789
9789058509796
9789058509826
9789058509833
9789058509864
9789058509895
9789058509963
9789058509970
9789058509987
9789058540041
9789058540140
9789058540218
9789058560797
9789058561329
9789058561619
9789058561732
9789058561886
9789058561916
9789058561923
9789058562210
9789058562241
9789058562647
9789058562661
9789058562685
9789058562692
9789058562791
9789058562944
9789058562968
9789058562999
9789058563071
9789058563095
9789058563231
9789058563255
9789058563309
9789058563378
9789058563385
9789058563392
9789058563408
9789058563415
9789058563521
9789058563606
9789058563620
9789058563668
9789058563675
9789058563897
9789058563910
9789058563927
9789058563941
9789058563958
9789058563965
9789058563972
9789058564016
9789058564030
9789058564054
9789058564085
9789058564108
9789058564122
9789058564139
9789058564146
9789058564191
9789058564207
9789058564214
9789058564337
9789058564382
9789058564399
9789058564412
9789058564498
9789058564542
9789058564665
9789058564726
9789058564757
9789058564788
9789058564795
9789058564801
9789058564818
9789058564825
9789058564832
9789058564900
9789058564924
9789058564955
9789058564962
9789058564979
9789058565006
9789058565013
9789058565037
9789058565044
9789058565075
9789058565082
9789058565105
9789058565143
9789058565167
9789058565198
9789058565242
9789058565259
9789058565266
9789058565327
9789058565341
9789058565365
9789058565389
9789058565396
9789058565402
9789058565419
9789058565495
9789058565501
9789058565532
9789058565563
9789058565587
9789058565600
9789058565617
9789058565631
9789058670014
9789058670229
9789058670243
9789058670250
9789058670267
9789058670342
9789058670359
9789058670502
9789058670540
9789058670632
9789058670649
9789058670724
9789058670793
9789058670885
9789058670908
9789058670939
9789058670984
9789058671097
9789058671172
9789058671271
9789058671493
9789058671608
9789058671615
9789058671622
9789058671660
9789058671677
9789058671721
9789058671769
9789058671776
9789058671790
9789058671813
9789058671943
9789058671950
9789058671967
9789058672018
9789058672056
9789058672094
9789058672124
9789058672216
9789058672223
9789058672360
9789058672391
9789058672414
9789058672452
9789058672469
9789058672483
9789058672506
9789058672551
9789058672667
9789058672797
9789058672810
9789058672865
9789058672933
9789058673015
9789058673077
9789058673114
9789058673152
9789058673169
9789058673220
9789058673237
9789058673251
9789058673299
9789058673305
9789058673329
9789058673350
9789058673428
9789058673459
9789058673473
9789058673497
9789058673541
9789058673657
9789058673688
9789058673695
9789058673725
9789058673763
9789058673770
9789058673794
9789058673831
9789058673855
9789058673954
9789058673985
9789058674029
9789058674081
9789058674111
9789058674135
9789058674180
9789058674210
9789058674234
9789058674241
9789058674272
9789058674302
9789058674371
9789058674449
9789058674456
9789058674463
9789058674647
9789058674678
9789058674692
9789058674715
9789058674739
9789058674746
9789058674760
9789058674883
9789058674920
9789058674975
9789058674999
9789058675057
9789058675064
9789058675095
9789058675187
9789058675194
9789058675200
9789058675224
9789058675248
9789058675361
9789058675378
9789058675460
9789058675606
9789058675620
9789058675637
9789058675644
9789058675699
9789058675705
9789058675712
9789058675781
9789058675873
9789058675910
9789058675927
9789058675965
9789058675989
9789058676009
9789058676030
9789058676085
9789058676146
9789058676177
9789058676252
9789058676320
9789058676382
9789058676412
9789058676467
9789058676498
9789058676504
9789058676511
9789058676603
9789058676610
9789058676634
9789058676658
9789058676665
9789058676696
9789058676719
9789058676726
9789058676900
9789058676917
9789058676924
9789058676993
9789058677006
9789058677082
9789058677143
9789058677167
9789058677310
9789058677334
9789058677341
9789058677358
9789058677365
9789058677372
9789058677396
9789058677402
9789058677457
9789058677501
9789058677518
9789058677549
9789058677563
9789058677594
9789058677600
9789058677655
9789058677662
9789058677686
9789058677709
9789058677723
9789058677815
9789058677860
9789058677907
9789058677914
9789058677921
9789058677938
9789058677969
9789058678010
9789058678027
9789058678034
9789058678058
9789058678089
9789058678225
9789058678256
9789058678263
9789058678287
9789058678379
9789058678409
9789058678416
9789058678423
9789058678447
9789058678454
9789058678461
9789058678478
9789058678485
9789058678577
9789058678584
9789058678652
9789058678676
9789058678720
9789058678737
9789058678744
9789058678751
9789058678775
9789058678812
9789058678829
9789058678836
9789058678843
9789058678850
9789058678867
9789058678874
9789058678942
9789058678959
9789058678966
9789058678997
9789058679000
9789058679017
9789058679024
9789058679055
9789058679062
9789058679093
9789058679109
9789058679116
9789058679123
9789058679130
9789058679154
9789058679161
9789058679178
9789058679185
9789058679192
9789058679239
9789058679246
9789058679253
9789058679260
9789058679284
9789058679291
9789058679307
9789058679321
9789058679338
9789058679345
9789058679352
9789058679369
9789058679376
9789058679383
9789058679390
9789058679406
9789058679413
9789058679437
9789058679451
9789058679475
9789058679499
9789058679505
9789058679512
9789058679550
9789058679567
9789058679574
9789058679581
9789058679604
9789058679611
9789058679628
9789058679635
9789058679673
9789058679680
9789058679703
9789058679710
9789058679727
9789058679734
9789058679741
9789058679758
9789058679765
9789058679772
9789058679796
9789058679819
9789058679857
9789058679864
9789058679888
9789058679895
9789058679901
9789058679918
9789058679925
9789058679932
9789058679949
9789058679970
9789058679987
9789058679994
9789058680068
9789058680129
9789058680136
9789058680228
9789058680235
9789058680310
9789058680327
9789058680334
9789058680358
9789058680365
9789058680419
9789058680594
9789058680600
9789058680617
9789058680723
9789058680730
9789058680907
9789058680914
9789058680952
9789058680969
9789058680983
9789058681027
9789058681041
9789058681249
9789058681270
9789058681355
9789058681478
9789058681492
9789058681829
9789058681850
9789058681874
9789058716309
9789058778987
9789058870001
9789058870278
9789058870285
9789058870292
9789058870315
9789058870322
9789058870339
9789058870353
9789058870360
9789058870377
9789058870384
9789058870391
9789058870407
9789058870438
9789058870469
9789058870476
9789058870490
9789058870506
9789058870605
9789058870612
9789058870629
9789058870636
9789058870643
9789058870650
9789058870667
9789058870674
9789058870681
9789058870698
9789058870704
9789058870780
9789058870902
9789058871084
9789058871091
9789058871107
9789058871114
9789058871176
9789058871183
9789058871282
9789058871299
9789058871329
9789058871336
9789058871343
9789058871350
9789058871367
9789058871374
9789058871534
9789058871541
9789058871572
9789058871626
9789058871640
9789058871671
9789058871688
9789058871695
9789058871701
9789058871718
9789058871725
9789058871732
9789058871749
9789058871756
9789058871763
9789058871770
9789058871787
9789058871794
9789058871800
9789058871817
9789058871824
9789058871831
9789058871855
9789058871862
9789058871879
9789058871886
9789058871893
9789058871923
9789058871930
9789058872210
9789058973764
9789058979865
9789059051102
9789059051188
9789059051805
9789059053700
9789059054226
9789059054233
9789059054325
9789059054332
9789059054417
9789059054431
9789059054516
9789059054530
9789059054615
9789059054639
9789059056817
9789059057012
9789059057319
9789059312012
9789059315211
9789059315389
9789059315723
9789059316089
9789059316195
9789059316263
9789059316287
9789059316591
9789059316782
9789059317406
9789059372672
9789059391444
9789059397927
9789059660380
9789059720169
9789059720176
9789059720206
9789059720251
9789059720336
9789059720367
9789059720374
9789059720381
9789059720398
9789059720428
9789059720558
9789059720619
9789059720640
9789059720688
9789059720732
9789059720749
9789059720817
9789059720824
9789059720862
9789059720992
9789059721036
9789059721043
9789059721135
9789059721203
9789059721746
9789059721920
9789059722040
9789059722163
9789059722293
9789059722613
9789059722835
9789059723276
9789059723443
9789059723535
9789059723610
9789059723696
9789059723986
9789059724082
9789059724129
9789059724136
9789059724228
9789059724396
9789059725249
9789059725256
9789059725263
9789059725362
9789059725393
9789059726192
9789059727090
9789059727144
9789059727557
9789059727960
9789059728844
9789059729902
9789059729995
9789059830103
9789060002506
9789060012185
9789060012840
9789060019948
9789060030011
9789060030028
9789060030035
9789060030059
9789060030066
9789060030080
9789060030097
9789060030103
9789060030110
9789060030127
9789060030134
9789060030141
9789060030158
9789060030219
9789060030318
9789060035344
9789060035351
9789060035368
9789060035375
9789060040010
9789060040041
9789060040065
9789060040072
9789060040096
9789060040102
9789060040126
9789060040133
9789060040157
9789060040164
9789060040195
9789060040218
9789060040225
9789060040232
9789060040263
9789060040287
9789060040294
9789060040324
9789060040379
9789060040393
9789060040409
9789060040416
9789060040423
9789060040430
9789060040447
9789060040454
9789060040461
9789060040492
9789060040515
9789060040522
9789060040546
9789060040560
9789060040577
9789060040584
9789060040591
9789060040614
9789060040621
9789060040638
9789060040645
9789060040669
9789060040706
9789060040713
9789060040737
9789060040768
9789060040775
9789060040799
9789060040829
9789060040867
9789060040874
9789060040898
9789060040904
9789060040911
9789060040928
9789060040942
9789060040973
9789060040980
9789060040997
9789060041000
9789060041017
9789060041048
9789060041055
9789060041062
9789060041079
9789060041086
9789060041109
9789060041130
9789060041147
9789060041154
9789060041161
9789060041178
9789060041185
9789060041222
9789060041239
9789060041253
9789060041284
9789060041338
9789060041345
9789060041369
9789060041383
9789060041390
9789060041413
9789060041420
9789060041437
9789060041444
9789060041468
9789060041482
9789060041499
9789060041536
9789060041574
9789060041581
9789060041611
9789060041635
9789060041642
9789060041659
9789060041666
9789060041673
9789060041680
9789060041703
9789060041710
9789060041727
9789060041734
9789060041741
9789060041758
9789060041765
9789060041772
9789060041789
9789060041819
9789060041826
9789060041833
9789060041871
9789060041901
9789060041918
9789060041925
9789060041932
9789060041949
9789060041963
9789060041970
9789060041987
9789060042403
9789060042557
9789060042564
9789060042571
9789060042595
9789060042601
9789060042618
9789060042625
9789060042632
9789060042649
9789060042656
9789060042663
9789060042670
9789060042687
9789060042694
9789060042717
9789060042724
9789060042755
9789060042762
9789060042779
9789060042786
9789060042793
9789060042816
9789060042823
9789060042861
9789060042878
9789060042892
9789060042922
9789060042939
9789060042946
9789060042953
9789060042984
9789060042991
9789060043004
9789060043011
9789060043028
9789060043035
9789060043042
9789060043059
9789060043066
9789060043073
9789060043080
9789060043103
9789060043141
9789060043158
9789060043165
9789060043172
9789060043189
9789060043196
9789060043202
9789060043226
9789060043233
9789060043257
9789060043264
9789060043271
9789060043288
9789060043295
9789060043318
9789060043349
9789060043356
9789060043363
9789060043370
9789060043394
9789060043400
9789060043417
9789060043431
9789060043448
9789060043462
9789060043479
9789060043493
9789060043509
9789060043516
9789060043523
9789060043530
9789060043547
9789060043554
9789060043561
9789060043578
9789060043585
9789060043592
9789060043608
9789060043622
9789060043639
9789060043646
9789060043653
9789060043677
9789060043684
9789060043691
9789060043707
9789060043721
9789060043738
9789060043752
9789060043769
9789060043783
9789060043806
9789060043813
9789060043820
9789060043837
9789060043851
9789060043868
9789060043875
9789060043882
9789060043899
9789060043905
9789060043912
9789060043929
9789060043936
9789060043943
9789060043950
9789060043974
9789060043981
9789060043998
9789060044001
9789060044018
9789060044025
9789060044032
9789060044049
9789060044056
9789060044063
9789060044087
9789060044094
9789060044100
9789060044117
9789060044124
9789060044131
9789060044155
9789060044162
9789060044179
9789060044186
9789060044193
9789060044216
9789060044223
9789060044247
9789060044254
9789060044261
9789060044278
9789060044285
9789060044292
9789060044308
9789060044346
9789060044353
9789060044377
9789060044391
9789060044407
9789060044414
9789060044520
9789060210123
9789060210598
9789060211250
9789060211397
9789060211762
9789060212271
9789060212363
9789060212370
9789060214169
9789060214343
9789060214435
9789060214459
9789060214466
9789060214473
9789060214657
9789060214800
9789060214862
9789060607015
9789060607039
9789060607046
9789060609040
9789060721100
9789060721117
9789060721223
9789060910863
9789061032199
9789061250326
9789061537151
9789061539414
9789061790860
9789061860051
9789061860082
9789061860112
9789061860150
9789061860198
9789061860204
9789061860228
9789061860259
9789061860334
9789061860372
9789061860396
9789061860464
9789061860501
9789061860518
9789061860549
9789061860556
9789061860563
9789061860624
9789061860662
9789061860716
9789061860747
9789061860778
9789061860808
9789061860839
9789061860891
9789061860921
9789061861041
9789061861072
9789061861195
9789061861218
9789061861256
9789061861294
9789061861355
9789061861362
9789061861416
9789061861447
9789061861553
9789061861577
9789061861584
9789061861652
9789061861683
9789061861690
9789061861751
9789061861799
9789061861843
9789061861980
9789061861997
9789061862055
9789061862192
9789061862208
9789061862284
9789061862352
9789061862376
9789061862437
9789061862550
9789061862598
9789061862628
9789061862635
9789061862673
9789061862765
9789061862949
9789061863007
9789061863014
9789061863366
9789061863380
9789061863410
9789061863519
9789061863649
9789061863663
9789061863724
9789061863823
9789061864059
9789061864080
9789061864189
9789061864240
9789061864288
9789061864325
9789061864394
9789061864486
9789061864493
9789061864608
9789061864622
9789061864639
9789061864677
9789061864691
9789061864769
9789061864868
9789061864875
9789061865063
9789061865087
9789061865162
9789061865285
9789061865292
9789061865391
9789061865513
9789061865636
9789061865711
9789061865742
9789061865827
9789061865834
9789061865841
9789061865865
9789061865919
9789061866206
9789061866404
9789061866534
9789061866565
9789061866572
9789061866640
9789061866770
9789061866800
9789061866831
9789061866930
9789061866947
9789061867074
9789061867197
9789061867227
9789061867319
9789061867333
9789061867364
9789061867371
9789061867401
9789061867463
9789061867630
9789061867647
9789061867654
9789061867661
9789061867715
9789061867739
9789061867753
9789061867760
9789061867777
9789061867784
9789061867791
9789061867838
9789061867883
9789061867920
9789061868088
9789061868095
9789061868163
9789061868224
9789061868361
9789061868453
9789061868477
9789061868583
9789061868590
9789061868637
9789061868644
9789061868750
9789061868934
9789061868996
9789061869009
9789061869023
9789061869061
9789061869184
9789061869191
9789061869207
9789061869252
9789061869269
9789061869276
9789061869290
9789061869320
9789061869399
9789061869511
9789061869528
9789061869672
9789061869719
9789061869726
9789061869863
9789061869948
9789061869955
9789061869993
9789061910121
9789061910275
9789061910282
9789061910350
9789061910374
9789061910381
9789061910398
9789061910503
9789061910640
9789061910725
9789061910732
9789061910749
9789061910770
9789061910848
9789061910855
9789061910886
9789061910893
9789061910909
9789061910930
9789061910947
9789061910954
9789061910961
9789061910978
9789061910992
9789061911081
9789061911098
9789061911104
9789061911142
9789061911159
9789061911166
9789061911203
9789061911210
9789061911227
9789061911241
9789061911258
9789061911319
9789061911326
9789061911333
9789061911340
9789061911364
9789061911371
9789061911401
9789061911418
9789061911487
9789061911494
9789061911500
9789061911531
9789061911548
9789061911579
9789061911685
9789061911692
9789061911708
9789061911715
9789061911722
9789061911739
9789061911746
9789061911753
9789061911777
9789061911791
9789061911838
9789061911845
9789061911869
9789061911876
9789061911890
9789061911906
9789061911913
9789061911920
9789061912019
9789061912033
9789061912040
9789061912057
9789061912064
9789061912071
9789061912088
9789061912163
9789061912200
9789061912231
9789061912248
9789061912255
9789061912286
9789061912293
9789061912347
9789061912354
9789061912446
9789061912453
9789061912514
9789061912521
9789061912576
9789061912606
9789061912613
9789061912637
9789061912644
9789061912651
9789061912811
9789061912903
9789061912927
9789061912941
9789061913238
9789061913542
9789061913580
9789061913719
9789061913771
9789061913801
9789061913818
9789061914105
9789061914143
9789061914150
9789061914990
9789061915096
9789061915102
9789061915133
9789061915140
9789061915157
9789061915164
9789061915171
9789061915188
9789061915201
9789061915256
9789061915355
9789061915423
9789061915515
9789061915546
9789061915669
9789061915683
9789061915782
9789061915799
9789061915867
9789061915874
9789061915904
9789061915928
9789061915935
9789061915942
9789061915966
9789061915997
9789061916017
9789061916048
9789061916109
9789061916116
9789061916239
9789061916253
9789061916277
9789061916284
9789061916321
9789061916338
9789061916369
9789061916383
9789061916390
9789061916444
9789061916475
9789061916482
9789061916550
9789061916567
9789061916574
9789061916581
9789061916598
9789061916611
9789061916628
9789061916635
9789061916642
9789061916789
9789061916796
9789061916819
9789061916826
9789061916833
9789061916840
9789061916864
9789061916871
9789061916888
9789061916895
9789061916918
9789061916925
9789061916949
9789061916970
9789061916994
9789061917021
9789061917052
9789061917069
9789061917076
9789061917151
9789061917168
9789061917212
9789061917229
9789061917236
9789061917328
9789061917335
9789061917342
9789061917359
9789061917489
9789061917496
9789061917502
9789061917533
9789061917571
9789061917595
9789061917601
9789061917618
9789061917632
9789061917649
9789061917656
9789061917670
9789061917687
9789061917694
9789061917700
9789061917717
9789061917724
9789061917731
9789061917748
9789061917755
9789061917779
9789061917809
9789061917823
9789061917847
9789061917854
9789061917861
9789061917878
9789061917892
9789061917915
9789061917946
9789061917953
9789061917977
9789061918042
9789061918059
9789061918127
9789061918158
9789061918196
9789061918202
9789061918257
9789061918264
9789061918318
9789061918325
9789061918356
9789061918363
9789061918448
9789061918455
9789061918462
9789061918479
9789061918486
9789061918509
9789061918516
9789061918578
9789061918585
9789061918646
9789061918660
9789061918691
9789061918707
9789061918721
9789061918738
9789061918752
9789061918769
9789061918790
9789061918806
9789061918851
9789061918868
9789061918967
9789061918974
9789061918981
9789061918998
9789061919032
9789061919056
9789061919087
9789061919094
9789061919155
9789061919223
9789061919247
9789061919254
9789061919308
9789061919322
9789061919353
9789061919445
9789061919452
9789061919483
9789061919551
9789061919599
9789061919629
9789061919643
9789061919704
9789061919766
9789061919773
9789061919780
9789061919841
9789061919858
9789061919872
9789061919889
9789061919896
9789061919902
9789061919919
9789061919926
9789061919957
9789061919964
9789061930020
9789061930037
9789061930198
9789061930204
9789061930228
9789061930235
9789061930242
9789061930259
9789061930266
9789061930273
9789061930280
9789061930297
9789061930303
9789061930396
9789061930402
9789061930426
9789061930433
9789061930440
9789061930457
9789061930464
9789061930471
9789061930488
9789061930495
9789061930501
9789061930525
9789061930532
9789061930617
9789061930631
9789061930648
9789061930662
9789061930679
9789061930686
9789061930716
9789061930723
9789061930730
9789061930754
9789061930761
9789061930778
9789061930785
9789061930792
9789061930808
9789061930822
9789061930839
9789061930846
9789061930853
9789061930860
9789061930877
9789061930884
9789061930891
9789061930914
9789061930938
9789061930945
9789061930952
9789061930969
9789061930976
9789061930983
9789061930990
9789061931010
9789061931027
9789061931034
9789061931041
9789061931058
9789061931065
9789061931072
9789061931096
9789061931119
9789061931133
9789061931140
9789061931157
9789061931164
9789061931171
9789061931188
9789061931195
9789061931201
9789061931218
9789061931225
9789061931232
9789061931249
9789061931263
9789061931287
9789061931300
9789061931317
9789061931324
9789061931331
9789061931348
9789061931355
9789061931362
9789061931379
9789061931386
9789061931393
9789061931416
9789061931423
9789061931430
9789061931447
9789061931454
9789061931461
9789061931492
9789061931508
9789061931515
9789061931522
9789061931546
9789061931553
9789061931560
9789061931577
9789061931584
9789061931591
9789061931607
9789061931614
9789061931621
9789061931638
9789061931645
9789061931652
9789061931720
9789061931744
9789061931768
9789061931799
9789061931805
9789061931850
9789061931874
9789061931881
9789061931898
9789061931935
9789061931942
9789061931959
9789061931966
9789061932031
9789061932055
9789061932062
9789061932086
9789061932093
9789061932109
9789061932116
9789061932123
9789061932130
9789061932147
9789061932154
9789061932161
9789061932178
9789061932185
9789061932192
9789061932321
9789061932338
9789061932345
9789061932352
9789061932369
9789061932451
9789061932468
9789061932475
9789061932482
9789061932505
9789061932512
9789061932536
9789061932543
9789061932550
9789061932574
9789061932581
9789061932598
9789061935025
9789061935032
9789061935049
9789061935056
9789061935063
9789061935070
9789061935087
9789061935094
9789061935100
9789061935117
9789061935124
9789061935131
9789061935148
9789061935155
9789061935209
9789061935223
9789061935230
9789061935247
9789061935254
9789061935261
9789061935278
9789061935285
9789061935292
9789061935308
9789061935315
9789061935322
9789061935339
9789061935346
9789061935353
9789061935360
9789061935377
9789061935384
9789061935391
9789061935407
9789061935414
9789061935421
9789061935438
9789061935452
9789061935469
9789061935476
9789061935483
9789061935490
9789061935513
9789061935544
9789061935568
9789061935575
9789061935599
9789061935605
9789061935612
9789061935629
9789061935636
9789061935667
9789061935674
9789061935681
9789061935698
9789061935704
9789061935742
9789061935759
9789061935766
9789061935773
9789061935780
9789061935803
9789061935810
9789061935896
9789061935902
9789061935919
9789061935926
9789061935933
9789061935940
9789061935957
9789061935964
9789061935971
9789061935995
9789061936008
9789061936022
9789061936053
9789061936060
9789061936077
9789061936084
9789061936091
9789061936107
9789061936121
9789061936138
9789061936145
9789061936152
9789061936169
9789061936176
9789061936183
9789061936190
9789061936206
9789061936220
9789061936237
9789061936244
9789061936251
9789061936312
9789061936336
9789061936343
9789061936367
9789061936374
9789061936398
9789061936404
9789061936411
9789061936428
9789061936435
9789061936459
9789061936466
9789061936473
9789061936480
9789061936497
9789061936503
9789061936527
9789061936534
9789061936541
9789061936558
9789061936565
9789061936572
9789061936589
9789061936596
9789061936602
9789061936619
9789061936626
9789061936824
9789061936831
9789061936848
9789061936855
9789061937012
9789061937029
9789061937210
9789061937227
9789061937234
9789061937241
9789061937258
9789061937265
9789061937272
9789061937289
9789061937296
9789061937302
9789061937319
9789061937326
9789061937333
9789061937340
9789061937357
9789061937524
9789061937548
9789061937555
9789061937562
9789061937579
9789061937586
9789061937593
9789061937609
9789061937616
9789061937623
9789061937630
9789061937647
9789061937654
9789061937661
9789061937678
9789061937692
9789061937708
9789061937715
9789061937739
9789061937746
9789061937753
9789061938019
9789061938026
9789061938064
9789061938071
9789061938088
9789061938217
9789061938224
9789061938231
9789061938415
9789061938422
9789061938835
9789061939016
9789061939023
9789061939030
9789061939047
9789061939054
9789061939061
9789061939078
9789061939085
9789061939412
9789061939429
9789061939443
9789061939450
9789061939467
9789061939474
9789061939481
9789061939498
9789061939504
9789061939511
9789061939535
9789061939825
9789061939832
9789061939917
9789061940081
9789061940104
9789061940128
9789061940135
9789061940142
9789061940173
9789061940180
9789061940203
9789061940289
9789061940302
9789061940357
9789061940388
9789061940395
9789061940401
9789061940449
9789061940470
9789061940487
9789061940494
9789061940500
9789061940548
9789061940555
9789061940562
9789061940586
9789061940593
9789061940609
9789061940630
9789061940654
9789061940661
9789061940678
9789061940739
9789061940807
9789061940883
9789061940890
9789061940937
9789061940982
9789061940999
9789061941088
9789061941187
9789061941255
9789061941378
9789061941385
9789061941392
9789061941415
9789061941460
9789061941484
9789061941491
9789061941545
9789061941583
9789061941590
9789061941644
9789061941675
9789061941743
9789061941767
9789061941774
9789061941798
9789061941811
9789061941842
9789061941866
9789061941897
9789061941903
9789061941934
9789061941958
9789061941965
9789061941972
9789061941996
9789061942016
9789061942085
9789061942092
9789061942108
9789061942184
9789061942207
9789061942283
9789061942290
9789061942306
9789061942313
9789061942351
9789061942375
9789061942382
9789061942405
9789061942429
9789061942436
9789061942481
9789061942498
9789061942504
9789061942542
9789061942573
9789061942580
9789061942597
9789061942603
9789061942689
9789061942696
9789061942702
9789061942788
9789061942795
9789061942801
9789061942870
9789061942894
9789061942900
9789061942924
9789061942986
9789061942993
9789061943006
9789061943075
9789061943099
9789061943105
9789061943112
9789061943198
9789061943204
9789061943280
9789061943341
9789061943365
9789061943389
9789061943396
9789061943402
9789061943419
9789061943464
9789061943488
9789061943495
9789061943501
9789061943518
9789061943594
9789061943600
9789061943617
9789061943662
9789061943679
9789061943686
9789061943693
9789061943709
9789061943754
9789061943778
9789061943792
9789061943808
9789061943815
9789061943853
9789061943877
9789061943884
9789061943891
9789061943907
9789061943976
9789061943983
9789061944072
9789061944089
9789061944096
9789061944133
9789061944188
9789061944195
9789061944201
9789061944287
9789061944300
9789061944379
9789061944386
9789061944393
9789061944409
9789061944416
9789061944478
9789061944485
9789061944492
9789061944553
9789061944584
9789061944591
9789061944614
9789061944621
9789061944652
9789061944690
9789061944713
9789061944775
9789061944799
9789061944805
9789061944850
9789061944874
9789061944898
9789061944904
9789061944911
9789061944928
9789061944935
9789061944942
9789061944973
9789061944997
9789061945000
9789061945017
9789061945208
9789061945215
9789061945307
9789061945314
9789061945406
9789061945413
9789061945505
9789061945512
9789061945611
9789061945802
9789061945819
9789061945918
9789061946106
9789061946205
9789061946212
9789061946304
9789061946403
9789061946502
9789061946601
9789061946700
9789061946809
9789061947004
9789061947301
9789061947400
9789061947509
9789061947608
9789061947707
9789061947806
9789061947905
9789061948001
9789061948308
9789061948391
9789061948407
9789061948490
9789061948506
9789061948599
9789061948698
9789061948803
9789061948896
9789061948902
9789061948995
9789061949008
9789061949190
9789061949206
9789061949299
9789061949305
9789061949398
9789061949404
9789061949497
9789061949503
9789061949596
9789061949602
9789061949695
9789061949701
9789061949794
9789061949893
9789061949909
9789061949992
9789062031412
9789062035120
9789062035236
9789062035915
9789062036202
9789062036448
9789062036967
9789062037100
9789062037247
9789062037469
9789062037551
9789062037797
9789062037858
9789062038527
9789062038558
9789062039135
9789062039241
9789062039555
9789062039593
9789062039814
9789062157365
9789062157495
9789062157556
9789062157563
9789062157693
9789062157723
9789062157754
9789062157860
9789062157877
9789062158034
9789062158041
9789062158096
9789062158195
9789062158201
9789062158416
9789062158423
9789062158812
9789062158911
9789062159239
9789062159246
9789062159253
9789062159390
9789062248773
9789062248780
9789062248797
9789062249008
9789062249701
9789062249725
9789062249756
9789062249763
9789062249770
9789062249787
9789062249794
9789062249800
9789062249817
9789062249848
9789062249862
9789062249879
9789062249886
9789062249893
9789062249923
9789062249961
9789062249978
9789062249985
9789062552344
9789062582266
9789062990580
9789062991600
9789062991983
9789062992027
9789062992034
9789062992072
9789062992089
9789062992133
9789062992188
9789062992195
9789062992201
9789062992218
9789062992423
9789062992454
9789062992461
9789062994601
9789063000103
9789063000257
9789063000363
9789063013226
9789063530136
9789063690434
9789063690441
9789063690793
9789063690939
9789063690984
9789063690991
9789063691035
9789063691097
9789063691219
9789063691264
9789063691554
9789063691561
9789063691622
9789063691660
9789063691684
9789063691714
9789063691769
9789063691776
9789063691783
9789063691790
9789063691837
9789063691851
9789063691875
9789063691912
9789063691950
9789063691981
9789063692049
9789063692056
9789063692063
9789063692070
9789063692148
9789063692155
9789063692162
9789063692179
9789063692186
9789063692216
9789063692230
9789063692247
9789063692278
9789063692308
9789063692315
9789063692322
9789063692339
9789063692346
9789063692353
9789063692377
9789063692414
9789063692421
9789063692445
9789063692452
9789063692476
9789063692506
9789063692513
9789063692537
9789063692575
9789063692582
9789063692605
9789063692629
9789063692636
9789063692643
9789063692650
9789063692674
9789063692698
9789063692704
9789063692711
9789063692728
9789063692735
9789063692759
9789063692766
9789063692773
9789063692780
9789063692803
9789063692827
9789063692834
9789063692841
9789063692865
9789063692872
9789063692889
9789063692896
9789063692902
9789063692926
9789063692940
9789063692964
9789063692988
9789063692995
9789063693015
9789063693022
9789063693039
9789063693046
9789063693077
9789063693091
9789063693107
9789063693114
9789063693121
9789063693138
9789063693145
9789063693152
9789063693213
9789063693220
9789063693237
9789063693251
9789063693275
9789063693282
9789063693299
9789063693305
9789063693312
9789063693343
9789063693350
9789063693367
9789063693398
9789063693404
9789063693411
9789063693466
9789063693473
9789063693480
9789063693497
9789063693503
9789063693510
9789063693534
9789063693541
9789063693558
9789063693589
9789063693657
9789063693701
9789063693718
9789063693732
9789063693749
9789063693756
9789063693763
9789063693770
9789063693787
9789063693794
9789063693800
9789063693817
9789063693862
9789063693879
9789063693886
9789063693893
9789063693909
9789063693916
9789063693923
9789063693930
9789063693947
9789063693954
9789063693961
9789063693978
9789063693985
9789063693992
9789063694005
9789063694012
9789063694029
9789063694036
9789063694067
9789063694081
9789063694098
9789063694104
9789063694111
9789063694135
9789063694142
9789063694159
9789063694166
9789063694180
9789063694197
9789063694203
9789063694227
9789063694234
9789063694241
9789063694258
9789063694302
9789063694319
9789063694326
9789063694333
9789063694340
9789063694357
9789063694364
9789063694371
9789063694388
9789063694395
9789063694401
9789063694418
9789063694425
9789063694432
9789063694449
9789063694456
9789063694517
9789063694524
9789063694531
9789063694548
9789063694555
9789063694562
9789063694579
9789063694586
9789063694593
9789063694609
9789064393037
9789064393044
9789064505003
9789064505119
9789064505287
9789064505386
9789064505638
9789064505652
9789064505669
9789064505737
9789064505928
9789064505942
9789064505980
9789064506055
9789064506093
9789064506116
9789064506161
9789064506192
9789064506215
9789064506307
9789064506420
9789064506437
9789064506468
9789064506475
9789064506482
9789064506529
9789064506567
9789064506574
9789064506628
9789064506710
9789064506734
9789064506741
9789064506758
9789064506765
9789064506796
9789064506826
9789064506840
9789064506864
9789064506901
9789064506918
9789064506994
9789064507014
9789064507083
9789064507144
9789064507151
9789064507205
9789064507243
9789064507335
9789064507342
9789064507373
9789064507380
9789064507410
9789064507427
9789064507441
9789064507458
9789064507465
9789064507472
9789064507489
9789064507496
9789064507519
9789064507526
9789064507540
9789064507588
9789064507601
9789064507618
9789064507625
9789064507632
9789064507649
9789064507656
9789064507663
9789064507724
9789064507755
9789064507779
9789064507793
9789064507830
9789064507847
9789064507878
9789064507885
9789064507892
9789064507922
9789064507946
9789064507960
9789064507977
9789064508004
9789065231284
9789065237026
9789065440037
9789065440150
9789065440358
9789065440457
9789065440464
9789065440594
9789065440686
9789065440730
9789065440846
9789065441188
9789065441201
9789065441218
9789065441447
9789065441713
9789065441782
9789065441829
9789065441836
9789065441843
9789065441997
9789065442000
9789065442055
9789065442109
9789065442130
9789065442161
9789065442246
9789065442451
9789065442475
9789065442536
9789065442628
9789065442635
9789065442642
9789065442659
9789065442666
9789065442703
9789065442727
9789065442963
9789065443014
9789065443052
9789065443175
9789065443212
9789065443250
9789065443267
9789065443328
9789065443342
9789065443366
9789065443465
9789065443540
9789065443595
9789065443601
9789065443816
9789065443847
9789065443854
9789065443939
9789065443946
9789065443953
9789065443977
9789065444066
9789065444080
9789065444264
9789065444288
9789065444370
9789065444387
9789065444790
9789065445056
9789065445186
9789065445278
9789065445285
9789065445339
9789065445377
9789065445421
9789065445469
9789065445520
9789065445674
9789065445681
9789065445711
9789065445735
9789065445773
9789065445780
9789065445810
9789065445896
9789065445902
9789065445926
9789065445940
9789065446008
9789065446107
9789065446138
9789065446145
9789065446275
9789065446282
9789065446305
9789065446381
9789065446602
9789065446619
9789065446657
9789065446664
9789065446701
9789065446725
9789065446787
9789065446909
9789065446961
9789065446985
9789065447029
9789065447043
9789065447050
9789065447081
9789065447098
9789065447166
9789065447173
9789065447180
9789065447210
9789065447456
9789065447463
9789065447470
9789065447531
9789065447593
9789065447661
9789065447708
9789065447739
9789065447852
9789065447869
9789065447913
9789065447937
9789065447975
9789065448002
9789065448040
9789065448149
9789065448156
9789065448309
9789065448354
9789065448439
9789065448446
9789065448453
9789065448507
9789065448545
9789065448675
9789065448682
9789065448767
9789065448798
9789065448828
9789065448835
9789065448873
9789065448880
9789065448903
9789065449351
9789065449375
9789065449399
9789065449405
9789065449412
9789065449429
9789065449436
9789065449443
9789065449450
9789065449467
9789065490292
9789065690005
9789065690173
9789065690180
9789065690210
9789065690227
9789065690241
9789065690258
9789065690265
9789065690272
9789065690289
9789065690296
9789065690326
9789065690357
9789065690364
9789065690371
9789065690456
9789065690517
9789065690531
9789065690562
9789065690579
9789065690661
9789065690678
9789065690753
9789065690784
9789065690814
9789065690821
9789065690838
9789065690869
9789065690883
9789065690944
9789065691002
9789065691033
9789065691064
9789065691088
9789065691132
9789065693471
9789065693594
9789065693808
9789065693815
9789065694034
9789065694249
9789065694379
9789065694461
9789065694515
9789065695949
9789065696069
9789065696304
9789065696557
9789065696564
9789065696571
9789065696618
9789065696625
9789065696632
9789065696649
9789065696779
9789065696885
9789065696908
9789065699015
9789065699022
9789065699039
9789065699046
9789065699060
9789065699077
9789065699107
9789065699114
9789065699121
9789065699169
9789065699176
9789065699213
9789065699220
9789065699251
9789065699275
9789065699282
9789065699299
9789065699305
9789065699329
9789065699336
9789065721303
9789066051959
9789066119215
9789066370463
9789066653665
9789066656055
9789067041072
9789067041096
9789067041119
9789067041164
9789067041171
9789067041188
9789067041195
9789067041225
9789067041249
9789067041256
9789067041263
9789067041270
9789067041287
9789067041294
9789067041300
9789067041317
9789067041324
9789067041331
9789067041348
9789067041393
9789067041409
9789067041416
9789067041423
9789067041430
9789067041447
9789067041461
9789067041478
9789067041485
9789067041508
9789067041515
9789067041539
9789067041553
9789067041560
9789067041577
9789067041584
9789067041591
9789067041614
9789067041638
9789067041669
9789067041676
9789067041683
9789067041690
9789067041706
9789067041713
9789067041720
9789067041737
9789067041744
9789067041775
9789067041782
9789067041799
9789067041805
9789067041812
9789067041829
9789067041836
9789067041843
9789067041850
9789067041867
9789067041874
9789067041881
9789067041898
9789067041904
9789067041911
9789067041942
9789067041959
9789067041973
9789067041980
9789067041997
9789067042000
9789067042017
9789067042031
9789067042048
9789067042055
9789067042079
9789067042109
9789067042130
9789067042147
9789067042154
9789067042161
9789067042178
9789067042185
9789067042208
9789067042215
9789067042239
9789067042246
9789067042253
9789067042260
9789067042277
9789067042284
9789067042291
9789067042307
9789067042314
9789067042321
9789067042338
9789067042345
9789067042352
9789067042369
9789067042376
9789067042383
9789067042390
9789067042406
9789067042413
9789067042420
9789067042437
9789067042444
9789067042451
9789067042468
9789067042482
9789067042499
9789067042505
9789067042512
9789067042543
9789067042567
9789067042574
9789067042581
9789067042598
9789067042604
9789067042611
9789067042628
9789067042635
9789067042642
9789067042659
9789067042666
9789067042673
9789067042680
9789067042703
9789067042710
9789067042727
9789067042734
9789067042741
9789067042758
9789067042765
9789067042789
9789067042796
9789067042802
9789067042819
9789067042826
9789067042833
9789067042840
9789067042857
9789067042864
9789067042871
9789067042888
9789067042895
9789067042901
9789067042918
9789067042925
9789067042932
9789067042949
9789067042956
9789067042963
9789067042970
9789067042987
9789067042994
9789067043007
9789067043014
9789067043021
9789067043038
9789067043045
9789067043052
9789067043069
9789067043076
9789067043083
9789067043090
9789067043106
9789067043113
9789067043120
9789067043137
9789067043144
9789067043151
9789067043182
9789067043199
9789067043205
9789067043212
9789067043229
9789067043236
9789067043243
9789067043274
9789067043281
9789067043298
9789067043304
9789067043311
9789067043328
9789067043335
9789067043342
9789067043359
9789067047272
9789067047302
9789067047333
9789067047364
9789067047395
9789067047425
9789067047890
9789067047920
9789067047951
9789067047982
9789067048019
9789067048040
9789067048071
9789067048101
9789067048132
9789067048163
9789067048194
9789067048224
9789067048255
9789067048286
9789067048316
9789067048323
9789067048330
9789067048347
9789067048354
9789067048361
9789067048378
9789067048385
9789067048392
9789067048422
9789067048453
9789067048484
9789067048514
9789067048545
9789067048576
9789067048606
9789067048637
9789067048668
9789067048699
9789067048729
9789067048750
9789067048781
9789067048811
9789067048842
9789067048873
9789067048903
9789067048934
9789067048965
9789067048996
9789067049023
9789067049054
9789067049085
9789067049115
9789067049146
9789067049177
9789067049207
9789067049238
9789067049269
9789067049290
9789067049320
9789067049382
9789067049436
9789067049467
9789067049474
9789067049481
9789067049498
9789067049528
9789067049559
9789067049573
9789067049580
9789067049597
9789067049610
9789067049627
9789067049634
9789067049641
9789067049658
9789067049665
9789067049672
9789067049696
9789067049702
9789067049719
9789067049726
9789067049764
9789067049788
9789067049795
9789067049801
9789067049818
9789067049825
9789067049849
9789067049856
9789067049870
9789067049894
9789067049900
9789067049924
9789067049955
9789067049962
9789067049986
9789067049993
9789067123891
9789067180238
9789067180245
9789067180276
9789067180290
9789067180313
9789067180320
9789067180337
9789067180344
9789067180368
9789067180399
9789067180412
9789067180429
9789067180436
9789067180450
9789067180467
9789067180481
9789067180504
9789067180511
9789067180528
9789067180535
9789067180580
9789067180597
9789067180603
9789067180610
9789067180658
9789067180665
9789067180689
9789067180696
9789067180740
9789067180771
9789067180795
9789067180801
9789067180832
9789067180849
9789067180856
9789067180870
9789067180887
9789067180948
9789067180962
9789067180979
9789067181006
9789067181013
9789067181020
9789067181044
9789067181051
9789067181068
9789067181082
9789067181099
9789067181143
9789067181150
9789067181174
9789067181198
9789067181204
9789067181228
9789067181242
9789067181266
9789067181273
9789067181280
9789067181297
9789067181310
9789067181327
9789067181334
9789067181341
9789067181372
9789067181389
9789067181396
9789067181402
9789067181419
9789067181426
9789067181433
9789067181440
9789067181457
9789067181464
9789067181471
9789067181495
9789067181518
9789067181525
9789067181532
9789067181549
9789067181556
9789067181563
9789067181570
9789067181587
9789067181594
9789067181600
9789067181617
9789067181624
9789067181631
9789067181723
9789067181785
9789067181815
9789067181822
9789067181846
9789067181853
9789067181860
9789067181877
9789067181884
9789067181891
9789067181907
9789067181921
9789067181938
9789067181952
9789067181976
9789067181983
9789067181990
9789067182065
9789067182072
9789067182096
9789067182102
9789067182119
9789067182126
9789067182133
9789067182140
9789067182157
9789067182164
9789067182171
9789067182188
9789067182195
9789067182218
9789067182225
9789067182232
9789067182249
9789067182256
9789067182270
9789067182287
9789067182294
9789067182300
9789067182317
9789067182324
9789067182331
9789067182348
9789067182355
9789067182362
9789067182379
9789067182393
9789067182409
9789067182423
9789067182430
9789067182447
9789067182454
9789067182461
9789067182478
9789067182492
9789067182508
9789067182539
9789067182546
9789067182553
9789067182577
9789067182584
9789067182591
9789067182607
9789067182621
9789067182638
9789067182645
9789067182652
9789067182676
9789067182683
9789067182690
9789067182706
9789067182713
9789067182720
9789067182751
9789067182768
9789067182775
9789067182782
9789067182799
9789067182805
9789067182829
9789067182843
9789067182850
9789067182867
9789067182874
9789067182881
9789067182898
9789067182904
9789067182935
9789067182942
9789067182959
9789067182980
9789067182997
9789067183048
9789067183055
9789067183062
9789067183079
9789067183116
9789067183123
9789067183130
9789067183147
9789067183178
9789067183192
9789067183208
9789067183215
9789067183239
9789067183246
9789067183253
9789067183260
9789067183277
9789067183284
9789067183314
9789067183321
9789067183338
9789067183345
9789067183352
9789067183369
9789067183383
9789067183390
9789067183406
9789067183437
9789067183444
9789067183451
9789067183475
9789067183482
9789067183505
9789067183512
9789067183529
9789067183536
9789067183543
9789067183550
9789067183567
9789067183574
9789067183581
9789067183598
9789067183604
9789067183611
9789067183635
9789067183642
9789067183659
9789067183666
9789067183680
9789067183697
9789067183710
9789067183734
9789067183772
9789067183789
9789067183796
9789067183802
9789067183826
9789067183840
9789067183857
9789067183864
9789067183871
9789067183888
9789067183925
9789067183932
9789067270533
9789067640022
9789067640039
9789067640084
9789067640374
9789067640411
9789067640510
9789067640565
9789067640572
9789067640589
9789067640640
9789067640800
9789067641081
9789067641234
9789067641319
9789067641357
9789067641654
9789067641661
9789067641715
9789067641838
9789067641869
9789067641913
9789067642019
9789067642040
9789067642156
9789067642361
9789067642378
9789067642439
9789067642507
9789067642545
9789067642552
9789067642682
9789067642705
9789067642729
9789067642736
9789067642750
9789067642873
9789067642910
9789067642927
9789067643016
9789067643078
9789067643108
9789067643122
9789067643214
9789067643238
9789067643252
9789067643290
9789067643313
9789067643368
9789067643382
9789067643399
9789067643405
9789067643436
9789067643467
9789067643474
9789067643511
9789067643559
9789067643566
9789067643573
9789067643580
9789067643597
9789067643603
9789067643627
9789067643634
9789067643665
9789067643672
9789067643689
9789067643702
9789067643719
9789067643726
9789067643733
9789067643757
9789067643764
9789067643788
9789067643795
9789067643818
9789067643825
9789067643832
9789067643849
9789067643856
9789067643863
9789067643870
9789067643887
9789067643894
9789067643900
9789067643917
9789067643924
9789067643931
9789067643948
9789067643955
9789067643962
9789067643979
9789067643986
9789067643993
9789067644006
9789067644013
9789067644020
9789067644037
9789067644044
9789067644051
9789067644068
9789067644075
9789067644082
9789067644099
9789067644105
9789067644129
9789067644136
9789067644143
9789067644150
9789067644167
