9781248268506
9781248268513
9781248268520
9781248268537
9781248268544
9781248268551
9781248268568
9781248268575
9781248268582
9781248268599
9781248268605
9781248268612
9781248268629
9781248268636
9781248268643
9781248268650
9781248268667
9781248268674
9781248268681
9781248268698
9781248268704
9781248268711
9781248268728
9781248268735
9781248268742
9781248268759
9781248268766
9781248268773
9781248268780
9781248268797
9781248268803
9781248268810
9781248268827
9781248268834
9781248268841
9781248268858
9781248268865
9781248268872
9781248268889
9781248268896
9781248268902
9781248268919
9781248268926
9781248268933
9781248268940
9781248268957
9781248268964
9781248268971
9781248268988
9781248268995
9781248269008
9781248269015
9781248269022
9781248269039
9781248269046
9781248269053
9781248269060
9781248269077
9781248269084
9781248269091
9781248269107
9781248269114
9781248269121
9781248269138
9781248269145
9781248269152
9781248269169
9781248269176
9781248269183
9781248269190
9781248269206
9781248269213
9781248269220
9781248269237
9781248269244
9781248269251
9781248269268
9781248269275
9781248269282
9781248269299
9781248269305
9781248269312
9781248269329
9781248269336
9781248269343
9781248269350
9781248269367
9781248269374
9781248269381
9781248269398
9781248269404
9781248269411
9781248269428
9781248269435
9781248269442
9781248269459
9781248269466
9781248269473
9781248269480
9781248269497
9781248269503
9781248269510
9781248269527
9781248269534
9781248269541
9781248269558
9781248269565
9781248269572
9781248269589
9781248269596
9781248269602
9781248269619
9781248269626
9781248269633
9781248269640
9781248269657
9781248269664
9781248269671
9781248269688
9781248269695
9781248269701
9781248269718
9781248269725
9781248269732
9781248269749
9781248269756
9781248269763
9781248269770
9781248269787
9781248269794
9781248269800
9781248269817
9781248269824
9781248269831
9781248269848
9781248269855
9781248269862
9781248269879
9781248269886
9781248269893
9781248269909
9781248269916
9781248269923
9781248269930
9781248269947
9781248269954
9781248269961
9781248269978
9781248269985
9781248269992
9781248270004
9781248270011
9781248270028
9781248270035
9781248270042
9781248270059
9781248270066
9781248270073
9781248270080
9781248270097
9781248270103
9781248270110
9781248270127
9781248270134
9781248270141
9781248270158
9781248270165
9781248270172
9781248270189
9781248270196
9781248270202
9781248270219
9781248270226
9781248270233
9781248270240
9781248270257
9781248270264
9781248270271
9781248270288
9781248270295
9781248270301
9781248270318
9781248270325
9781248270332
9781248270349
9781248270356
9781248270363
9781248270370
9781248270387
9781248270394
9781248270400
9781248270417
9781248270424
9781248270431
9781248270448
9781248270455
9781248270462
9781248270479
9781248270486
9781248270493
9781248270509
9781248270516
9781248270523
9781248270530
9781248270547
9781248270554
9781248270561
9781248270578
9781248270585
9781248270592
9781248270608
9781248270615
9781248270622
9781248270639
9781248270646
9781248270653
9781248270660
9781248270677
9781248270684
9781248270691
9781248270707
9781248270714
9781248270721
9781248270738
9781248270745
9781248270752
9781248270769
9781248270776
9781248270783
9781248270790
9781248270806
9781248270813
9781248270820
9781248270837
9781248270844
9781248270851
9781248270868
9781248270875
9781248270882
9781248270899
9781248270905
9781248270912
9781248270929
9781248270936
9781248270943
9781248270950
9781248270967
9781248270974
9781248270981
9781248270998
9781248271001
9781248271018
9781248271025
9781248271032
9781248271049
9781248271056
9781248271063
9781248271070
9781248271087
9781248271094
9781248271100
9781248271117
9781248271124
9781248271131
9781248271148
9781248271155
9781248271162
9781248271179
9781248271186
9781248271193
9781248271209
9781248271216
9781248271223
9781248271230
9781248271247
9781248271254
9781248271261
9781248271278
9781248271285
9781248271292
9781248271308
9781248271315
9781248271322
9781248271339
9781248271346
9781248271353
9781248271360
9781248271377
9781248271384
9781248271391
9781248271407
9781248271414
9781248271421
9781248271438
9781248271445
9781248271452
9781248271469
9781248271476
9781248271483
9781248271490
9781248271506
9781248271513
9781248271520
9781248271537
9781248271544
9781248271551
9781248271568
9781248271575
9781248271582
9781248271599
9781248271605
9781248271612
9781248271629
9781248271636
9781248271643
9781248271650
9781248271667
9781248271674
9781248271681
9781248271698
9781248271704
9781248271711
9781248271728
9781248271735
9781248271742
9781248271759
9781248271766
9781248271773
9781248271780
9781248271797
9781248271803
9781248271810
9781248271827
9781248271834
9781248271841
9781248271858
9781248271865
9781248271872
9781248271889
9781248271896
9781248271902
9781248271919
9781248271926
9781248271933
9781248271940
9781248271957
9781248271964
9781248271971
9781248271988
9781248271995
9781248272008
9781248272015
9781248272022
9781248272039
9781248272046
9781248272053
9781248272060
9781248272077
9781248272084
9781248272091
9781248272107
9781248272114
9781248272121
9781248272138
9781248272145
9781248272152
9781248272169
9781248272176
9781248272183
9781248272190
9781248272206
9781248272213
9781248272220
9781248272237
9781248272244
9781248272251
9781248272268
9781248272275
9781248272282
9781248272299
9781248272305
9781248272312
9781248272329
9781248272336
9781248272343
9781248272350
9781248272367
9781248272374
9781248272381
9781248272398
9781248272404
9781248272411
9781248272428
9781248272435
9781248272442
9781248272459
9781248272466
9781248272473
9781248272480
9781248272497
9781248272503
9781248272510
9781248272527
9781248272534
9781248272541
9781248272558
9781248272565
9781248272572
9781248272589
9781248272596
9781248272602
9781248272619
9781248272626
9781248272633
9781248272640
9781248272657
9781248272664
9781248272671
9781248272688
9781248272695
9781248272701
9781248272718
9781248272725
9781248272732
9781248272749
9781248272756
9781248272763
9781248272770
9781248272787
9781248272794
9781248272800
9781248272817
9781248272824
9781248272831
9781248272848
9781248272855
9781248272862
9781248272879
9781248272886
9781248272893
9781248272909
9781248272916
9781248272923
9781248272930
9781248272947
9781248272954
9781248272961
9781248272978
9781248272985
9781248272992
9781248273005
9781248273012
9781248273029
9781248273036
9781248273043
9781248273050
9781248273067
9781248273074
9781248273081
9781248273098
9781248273104
9781248273111
9781248273128
9781248273135
9781248273142
9781248273159
9781248273166
9781248273173
9781248273180
9781248273197
9781248273203
9781248273210
9781248273227
9781248273234
9781248273241
9781248273258
9781248273265
9781248273272
9781248273289
9781248273296
9781248273302
9781248273319
9781248273326
9781248273333
9781248273340
9781248273357
9781248273364
9781248273371
9781248273388
9781248273395
9781248273401
9781248273418
9781248273425
9781248273432
9781248273449
9781248273456
9781248273463
9781248273470
9781248273487
9781248273494
9781248273500
9781248273517
9781248273524
9781248273531
9781248273548
9781248273555
9781248273562
9781248273579
9781248273586
9781248273593
9781248273609
9781248273616
9781248273623
9781248273630
9781248273647
9781248273654
9781248273661
9781248273678
9781248273685
9781248273692
9781248273708
9781248273715
9781248273722
9781248273739
9781248273746
9781248273753
9781248273760
9781248273777
9781248273784
9781248273791
9781248273807
9781248273814
9781248273821
9781248273838
9781248273845
9781248273852
9781248273869
9781248273876
9781248273883
9781248273890
9781248273906
9781248273913
9781248273920
9781248273937
9781248273944
9781248273951
9781248273968
9781248273975
9781248273982
9781248273999
9781248274002
9781248274019
9781248274026
9781248274033
9781248274040
9781248274057
9781248274064
9781248274071
9781248274088
9781248274095
9781248274101
9781248274118
9781248274125
9781248274132
9781248274149
9781248274156
9781248274163
9781248274170
9781248274187
9781248274194
9781248274200
9781248274217
9781248274224
9781248274231
9781248274248
9781248274255
9781248274262
9781248274279
9781248274286
9781248274293
9781248274309
9781248274316
9781248274323
9781248274330
9781248274347
9781248274361
9781248274378
9781248274385
9781248274392
9781248274408
9781248274415
9781248274422
9781248274439
9781248274446
9781248274453
9781248274460
9781248274477
9781248274484
9781248274491
9781248274507
9781248274514
9781248274521
9781248274538
9781248274545
9781248274552
9781248274569
9781248274576
9781248274583
9781248274590
9781248274606
9781248274613
9781248274620
9781248274637
9781248274644
9781248274651
9781248274668
9781248274675
9781248274682
9781248274699
9781248274705
9781248274712
9781248274729
9781248274736
9781248274743
9781248274750
9781248274767
9781248274774
9781248274781
9781248274798
9781248274804
9781248274811
9781248274828
9781248274835
9781248274842
9781248274859
9781248274866
9781248274873
9781248274880
9781248274897
9781248274903
9781248274910
9781248274927
9781248274934
9781248274941
9781248274958
9781248274965
9781248274972
9781248274989
9781248274996
9781248275009
9781248275016
9781248275023
9781248275030
9781248275047
9781248275054
9781248275061
9781248275078
9781248275085
9781248275092
9781248275108
9781248275115
9781248275122
9781248275139
9781248275146
9781248275153
9781248275160
9781248275177
9781248275184
9781248275191
9781248275207
9781248275214
9781248275221
9781248275238
9781248275245
9781248275252
9781248275269
9781248275276
9781248275283
9781248275290
9781248275306
9781248275313
9781248275320
9781248275337
9781248275344
9781248275351
9781248275368
9781248275375
9781248275382
9781248275399
9781248275405
9781248275412
9781248275429
9781248275436
9781248275443
9781248275450
9781248275467
9781248275474
9781248275481
9781248275498
9781248275504
9781248275511
9781248275528
9781248275535
9781248275542
9781248275559
9781248275566
9781248275573
9781248275580
9781248275597
9781248275603
9781248275610
9781248275627
9781248275634
9781248275641
9781248275658
9781248275665
9781248275672
9781248275689
9781248275696
9781248275702
9781248275719
9781248275726
9781248275733
9781248275740
9781248275757
9781248275764
9781248275771
9781248275788
9781248275795
9781248275801
9781248275818
9781248275825
9781248275832
9781248275849
9781248275856
9781248275863
9781248275870
9781248275887
9781248275894
9781248275900
9781248275917
9781248275924
9781248275948
9781248275955
9781248275962
9781248275979
9781248275986
9781248275993
9781248276006
9781248276013
9781248276020
9781248276037
9781248276044
9781248276051
9781248276068
9781248276075
9781248276082
9781248276099
9781248276105
9781248276112
9781248276129
9781248276136
9781248276143
9781248276150
9781248276167
9781248276174
9781248276181
9781248276198
9781248276204
9781248276211
9781248276228
9781248276235
9781248276242
9781248276259
9781248276266
9781248276273
9781248276280
9781248276297
9781248276303
9781248276310
9781248276327
9781248276334
9781248276341
9781248276358
9781248276365
9781248276372
9781248276389
9781248276396
9781248276402
9781248276419
9781248276426
9781248276433
9781248276440
9781248276457
9781248276464
9781248276471
9781248276488
9781248276495
9781248276501
9781248276518
9781248276525
9781248276532
9781248276549
9781248276556
9781248276563
9781248276570
9781248276587
9781248276594
9781248276600
9781248276617
9781248276624
9781248276631
9781248276648
9781248276655
9781248276662
9781248276679
9781248276686
9781248276693
9781248276709
9781248276716
9781248276723
9781248276730
9781248276747
9781248276754
9781248276761
9781248276778
9781248276785
9781248276792
9781248276808
9781248276815
9781248276822
9781248276839
9781248276846
9781248276853
9781248276860
9781248276877
9781248276884
9781248276891
9781248276914
9781248276921
9781248276938
9781248276945
9781248276952
9781248276969
9781248276976
9781248276983
9781248276990
9781248277003
9781248277010
9781248277027
9781248277034
9781248277041
9781248277058
9781248277065
9781248277072
9781248277089
9781248277096
9781248277102
9781248277119
9781248277126
9781248277133
9781248277140
9781248277157
9781248277164
9781248277171
9781248277188
9781248277195
9781248277201
9781248277218
9781248277225
9781248277232
9781248277249
9781248277256
9781248277263
9781248277270
9781248277287
9781248277294
9781248277300
9781248277317
9781248277324
9781248277331
9781248277348
9781248277355
9781248277362
9781248277379
9781248277386
9781248277393
9781248277409
9781248277416
9781248277423
9781248277430
9781248277447
9781248277454
9781248277461
9781248277478
9781248277485
9781248277492
9781248277508
9781248277515
9781248277522
9781248277539
9781248277546
9781248277553
9781248277560
9781248277577
9781248277584
9781248277591
9781248277607
9781248277614
9781248277621
9781248277638
9781248277645
9781248277652
9781248277669
9781248277676
9781248277683
9781248277690
9781248277706
9781248277713
9781248277720
9781248277737
9781248277744
9781248277751
9781248277768
9781248277775
9781248277782
9781248277799
9781248277805
9781248277812
9781248277829
9781248277836
9781248277843
9781248277850
9781248277867
9781248277874
9781248277881
9781248277898
9781248277904
9781248277911
9781248277928
9781248277935
9781248277942
9781248277959
9781248277966
9781248277973
9781248277980
9781248277997
9781248278000
9781248278017
9781248278024
9781248278031
9781248278048
9781248278055
9781248278062
9781248278079
9781248278086
9781248278093
9781248278109
9781248278116
9781248278123
9781248278130
9781248278147
9781248278154
9781248278161
9781248278178
9781248278185
9781248278192
9781248278208
9781248278215
9781248278222
9781248278239
9781248278246
9781248278253
9781248278260
9781248278277
9781248278284
9781248278291
9781248278307
9781248278314
9781248278321
9781248278338
9781248278345
9781248278352
9781248278369
9781248278376
9781248278383
9781248278390
9781248278406
9781248278413
9781248278420
9781248278437
9781248278444
9781248278451
9781248278468
9781248278475
9781248278482
9781248278499
9781248278505
9781248278512
9781248278529
9781248278536
9781248278543
9781248278550
9781248278567
9781248278574
9781248278581
9781248278598
9781248278604
9781248278611
9781248278628
9781248278635
9781248278642
9781248278659
9781248278666
9781248278673
9781248278680
9781248278697
9781248278703
9781248278710
9781248278727
9781248278734
9781248278741
9781248278758
9781248278765
9781248278772
9781248278789
9781248278796
9781248278802
9781248278819
9781248278826
9781248278833
9781248278840
9781248278857
9781248278864
9781248278871
9781248278888
9781248278895
9781248278901
9781248278918
9781248278925
9781248278932
9781248278949
9781248278956
9781248278963
9781248278970
9781248278987
9781248278994
9781248279007
9781248279014
9781248279021
9781248279038
9781248279045
9781248279052
9781248279069
9781248279076
9781248279083
9781248279090
9781248279106
9781248279113
9781248279120
9781248279137
9781248279144
9781248279151
9781248279168
9781248279175
9781248279182
9781248279199
9781248279205
9781248279212
9781248279229
9781248279236
9781248279243
9781248279250
9781248279267
9781248279274
9781248279281
9781248279298
9781248279304
9781248279311
9781248279328
9781248279335
9781248279342
9781248279359
9781248279366
9781248279373
9781248279380
9781248279397
9781248279403
9781248279410
9781248279427
9781248279434
9781248279441
9781248279458
9781248279465
9781248279472
9781248279489
9781248279496
9781248279502
9781248279519
9781248279526
9781248279533
9781248279540
9781248279557
9781248279564
9781248279571
9781248279588
9781248279595
9781248279601
9781248279618
9781248279625
9781248279632
9781248279649
9781248279656
9781248279663
9781248279670
9781248279687
9781248279694
9781248279700
9781248279717
9781248279724
9781248279731
9781248279748
9781248279755
9781248279762
9781248279779
9781248279786
9781248279793
9781248279809
9781248279816
9781248279823
9781248279830
9781248279847
9781248279854
9781248279861
9781248279878
9781248279885
9781248279892
9781248279908
9781248279915
9781248279922
9781248279939
9781248279946
9781248279953
9781248279960
9781248279977
9781248279984
9781248279991
9781248280003
9781248280010
9781248280027
9781248280034
9781248280041
9781248280058
9781248280065
9781248280072
9781248280089
9781248280096
9781248280102
9781248280119
9781248280126
9781248280133
9781248280140
9781248280157
9781248280164
9781248280171
9781248280188
9781248280195
9781248280201
9781248280218
9781248280225
9781248280232
9781248280249
9781248280256
9781248280263
9781248280270
9781248280287
9781248280294
9781248280300
9781248280317
9781248280324
9781248280331
9781248280348
9781248280355
9781248280362
9781248280379
9781248280386
9781248280393
9781248280409
9781248280416
9781248280423
9781248280430
9781248280447
9781248280454
9781248280461
9781248280478
9781248280485
9781248280492
9781248280508
9781248280515
9781248280522
9781248280539
9781248280546
9781248280553
9781248280560
9781248280577
9781248280584
9781248280591
9781248280607
9781248280614
9781248280621
9781248280638
9781248280645
9781248280652
9781248280669
9781248280676
9781248280683
9781248280690
9781248280706
9781248280713
9781248280720
9781248280737
9781248280744
9781248280751
9781248280768
9781248280775
9781248280782
9781248280799
9781248280805
9781248280812
9781248280829
9781248280836
9781248280843
9781248280850
9781248280867
9781248280874
9781248280881
9781248280898
9781248280904
9781248280911
9781248280928
9781248280935
9781248280942
9781248280959
9781248280966
9781248280973
9781248280980
9781248280997
9781248281000
9781248281017
9781248281024
9781248281031
9781248281048
9781248281055
9781248281062
9781248281079
9781248281086
9781248281093
9781248281109
9781248281116
9781248281123
9781248281130
9781248281147
9781248281154
9781248281161
9781248281178
9781248281185
9781248281192
9781248281208
9781248281215
9781248281222
9781248281239
9781248281246
9781248281253
9781248281260
9781248281277
9781248281284
9781248281291
9781248281307
9781248281314
9781248281321
9781248281338
9781248281345
9781248281352
9781248281369
9781248281376
9781248281383
9781248281390
9781248281406
9781248281413
9781248281420
9781248281437
9781248281444
9781248281451
9781248281468
9781248281475
9781248281482
9781248281499
9781248281505
9781248281512
9781248281529
9781248281536
9781248281543
9781248281550
9781248281567
9781248281574
9781248281581
9781248281598
9781248281604
9781248281611
9781248281628
9781248281635
9781248281642
9781248281659
9781248281666
9781248281673
9781248281680
9781248281697
9781248281703
9781248281710
9781248281727
9781248281734
9781248281741
9781248281758
9781248281765
9781248281772
9781248281789
9781248281796
9781248281802
9781248281819
9781248281826
9781248281833
9781248281840
9781248281857
9781248281864
9781248281871
9781248281888
9781248281895
9781248281901
9781248281918
9781248281925
9781248281932
9781248281949
9781248281956
9781248281963
9781248281970
9781248281987
9781248281994
9781248282007
9781248282014
9781248282021
9781248282038
9781248282045
9781248282052
9781248282069
9781248282076
9781248282083
9781248282090
9781248282106
9781248282113
9781248282120
9781248282137
9781248282144
9781248282151
9781248282168
9781248282175
9781248282182
9781248282199
9781248282205
9781248282212
9781248282229
9781248282236
9781248282243
9781248282250
9781248282267
9781248282274
9781248282281
9781248282298
9781248282304
9781248282311
9781248282328
9781248282335
9781248282342
9781248282359
9781248282366
9781248282373
9781248282380
9781248282397
9781248282403
9781248282410
9781248282427
9781248282434
9781248282441
9781248282458
9781248282465
9781248282472
9781248282489
9781248282496
9781248282502
9781248282519
9781248282526
9781248282533
9781248282540
9781248282557
9781248282564
9781248282571
9781248282588
9781248282595
9781248282601
9781248282625
9781248282632
9781248282649
9781248282656
9781248282663
9781248282670
9781248282687
9781248282694
9781248282700
9781248282717
9781248282724
9781248282731
9781248282748
9781248282755
9781248282762
9781248282779
9781248282786
9781248282793
9781248282809
9781248282816
9781248282823
9781248282830
9781248282847
9781248282854
9781248282861
9781248282878
9781248282885
9781248282892
9781248282908
9781248282915
9781248282922
9781248282939
9781248282946
9781248282953
9781248282960
9781248282977
9781248282984
9781248282991
9781248283004
9781248283011
9781248283028
9781248283035
9781248283042
9781248283059
9781248283066
9781248283073
9781248283080
9781248283097
9781248283103
9781248283110
9781248283127
9781248283134
9781248283141
9781248283158
9781248283165
9781248283172
9781248283189
9781248283196
9781248283202
9781248283219
9781248283226
9781248283233
9781248283240
9781248283257
9781248283264
9781248283271
9781248283288
9781248283295
9781248283301
9781248283318
9781248283325
9781248283332
9781248283349
9781248283356
9781248283363
9781248283370
9781248283387
9781248283394
9781248283400
9781248283417
9781248283424
9781248283431
9781248283448
9781248283455
9781248283462
9781248283479
9781248283486
9781248283493
9781248283509
9781248283516
9781248283523
9781248283530
9781248283547
9781248283554
9781248283561
9781248283578
9781248283585
9781248283592
9781248283608
9781248283615
9781248283622
9781248283639
9781248283646
9781248283653
9781248283660
9781248283677
9781248283684
9781248283691
9781248283707
9781248283714
9781248283721
9781248283738
9781248283745
9781248283752
9781248283769
9781248283776
9781248283783
9781248283790
9781248283806
9781248283813
9781248283820
9781248283837
9781248283844
9781248283851
9781248283868
9781248283875
9781248283882
9781248283899
9781248283905
9781248283912
9781248283929
9781248283936
9781248283943
9781248283950
9781248283967
9781248283974
9781248283981
9781248283998
9781248284001
9781248284018
9781248284025
9781248284032
9781248284049
9781248284056
9781248284063
9781248284070
9781248284087
9781248284094
9781248284100
9781248284117
9781248284124
9781248284131
9781248284148
9781248284155
9781248284162
9781248284179
9781248284186
9781248284193
9781248284209
9781248284216
9781248284223
9781248284230
9781248284247
9781248284254
9781248284261
9781248284278
9781248284285
9781248284292
9781248284308
9781248284315
9781248284322
9781248284339
9781248284346
9781248284353
9781248284360
9781248284377
9781248284384
9781248284391
9781248284407
9781248284414
9781248284421
9781248284438
9781248284445
9781248284452
9781248284469
9781248284476
9781248284483
9781248284490
9781248284506
9781248284513
9781248284520
9781248284537
9781248284544
9781248284551
9781248284568
9781248284575
9781248284582
9781248284599
9781248284605
9781248284612
9781248284629
9781248284636
9781248284643
9781248284650
9781248284667
9781248284674
9781248284681
9781248284698
9781248284704
9781248284711
9781248284728
9781248284735
9781248284742
9781248284759
9781248284766
9781248284773
9781248284780
9781248284797
9781248284803
9781248284810
9781248284827
9781248284834
9781248284858
9781248284865
9781248284872
9781248284889
9781248284896
9781248284902
9781248284919
9781248284926
9781248284933
9781248284940
9781248284957
9781248284964
9781248284971
9781248284988
9781248284995
9781248285008
9781248285015
9781248285022
9781248285039
9781248285046
9781248285053
9781248285060
9781248285077
9781248285084
9781248285091
9781248285107
9781248285114
9781248285121
9781248285138
9781248285145
9781248285152
9781248285169
9781248285176
9781248285183
9781248285190
9781248285206
9781248285213
9781248285220
9781248285237
9781248285244
9781248285251
9781248285268
9781248285275
9781248285282
9781248285299
9781248285305
9781248285312
9781248285329
9781248285336
9781248285343
9781248285350
9781248285367
9781248285374
9781248285381
9781248285398
9781248285404
9781248285411
9781248285428
9781248285435
9781248285442
9781248285459
9781248285466
9781248285473
9781248285480
9781248285497
9781248285503
9781248285510
9781248285527
9781248285534
9781248285541
9781248285558
9781248285565
9781248285589
9781248285596
9781248285602
9781248285619
9781248285626
9781248285633
9781248285640
9781248285657
9781248285664
9781248285671
9781248285688
9781248285695
9781248285701
9781248285718
9781248285725
9781248285732
9781248285749
9781248285756
9781248285763
9781248285770
9781248285787
9781248285794
9781248285800
9781248285817
9781248285824
9781248285831
9781248285848
9781248285855
9781248285862
9781248285879
9781248285886
9781248285893
9781248285909
9781248285916
9781248285923
9781248285930
9781248285947
9781248285954
9781248285961
9781248285978
9781248285985
9781248285992
9781248286005
9781248286012
9781248286029
9781248286036
9781248286043
9781248286050
9781248286067
9781248286074
9781248286081
9781248286098
9781248286104
9781248286111
9781248286128
9781248286135
9781248286142
9781248286159
9781248286166
9781248286173
9781248286180
9781248286197
9781248286203
9781248286210
9781248286227
9781248286234
9781248286241
9781248286258
9781248286265
9781248286272
9781248286289
9781248286296
9781248286302
9781248286319
9781248286326
9781248286333
9781248286340
9781248286357
9781248286364
9781248286371
9781248286388
9781248286395
9781248286401
9781248286418
9781248286425
9781248286432
9781248286449
9781248286456
9781248286463
9781248286470
9781248286487
9781248286494
9781248286500
9781248286517
9781248286524
9781248286531
9781248286548
9781248286555
9781248286562
9781248286579
9781248286586
9781248286593
9781248286609
9781248286616
9781248286623
9781248286630
9781248286647
9781248286654
9781248286661
9781248286678
9781248286685
9781248286692
9781248286708
9781248286715
9781248286722
9781248286739
9781248286746
9781248286753
9781248286760
9781248286777
9781248286784
9781248286791
9781248286807
9781248286814
9781248286821
9781248286838
9781248286845
9781248286852
9781248286869
9781248286876
9781248286883
9781248286890
9781248286906
9781248286913
9781248286920
9781248286937
9781248286944
9781248286951
9781248286968
9781248286975
9781248286982
9781248286999
9781248287002
9781248287019
9781248287026
9781248287033
9781248287040
9781248287057
9781248287064
9781248287071
9781248287088
9781248287095
9781248287101
9781248287118
9781248287125
9781248287132
9781248287149
9781248287156
9781248287163
9781248287170
9781248287187
9781248287194
9781248287200
9781248287217
9781248287224
9781248287231
9781248287248
9781248287255
9781248287262
9781248287279
9781248287286
9781248287293
9781248287309
9781248287316
9781248287323
9781248287330
9781248287347
9781248287354
9781248287361
9781248287378
9781248287385
9781248287392
9781248287408
9781248287415
9781248287422
9781248287439
9781248287446
9781248287453
9781248287460
9781248287477
9781248287484
9781248287491
9781248287507
9781248287514
9781248287521
9781248287538
9781248287545
9781248287552
9781248287569
9781248287576
9781248287583
9781248287590
9781248287606
9781248287613
9781248287620
9781248287637
9781248287644
9781248287651
9781248287668
9781248287675
9781248287682
9781248287699
9781248287705
9781248287712
9781248287729
9781248287736
9781248287743
9781248287750
9781248287767
9781248287774
9781248287781
9781248287798
9781248287804
9781248287811
9781248287828
9781248287835
9781248287842
9781248287859
9781248287866
9781248287873
9781248287880
9781248287897
9781248287903
9781248287910
9781248287927
9781248287934
9781248287941
9781248287958
9781248287965
9781248287972
9781248287989
9781248287996
9781248288009
9781248288016
9781248288023
9781248288030
9781248288047
9781248288054
9781248288061
9781248288078
9781248288085
9781248288092
9781248288108
9781248288115
9781248288122
9781248288139
9781248288146
9781248288153
9781248288160
9781248288177
9781248288184
9781248288191
9781248288207
9781248288214
9781248288221
9781248288238
9781248288245
9781248288252
9781248288269
9781248288276
9781248288283
9781248288290
9781248288306
9781248288313
9781248288320
9781248288337
9781248288344
9781248288351
9781248288368
9781248288375
9781248288382
9781248288399
9781248288405
9781248288412
9781248288429
9781248288436
9781248288443
9781248288450
9781248288467
9781248288474
9781248288481
9781248288504
9781248288511
9781248288528
9781248288535
9781248288542
9781248288559
9781248288566
9781248288573
9781248288580
9781248288597
9781248288603
9781248288610
9781248288627
9781248288634
9781248288641
9781248288658
9781248288665
9781248288672
9781248288689
9781248288696
9781248288702
9781248288719
9781248288726
9781248288733
9781248288740
9781248288757
9781248288764
9781248288771
9781248288788
9781248288795
9781248288801
9781248288818
9781248288825
9781248288832
9781248288849
9781248288856
9781248288863
9781248288870
9781248288887
9781248288894
9781248288900
9781248288917
9781248288924
9781248288931
9781248288948
9781248288955
9781248288962
9781248288979
9781248288986
9781248288993
9781248289006
9781248289013
9781248289020
9781248289037
9781248289044
9781248289051
9781248289068
9781248289075
9781248289082
9781248289099
9781248289105
9781248289112
9781248289129
9781248289136
9781248289143
9781248289150
9781248289167
9781248289174
9781248289181
9781248289198
9781248289204
9781248289211
9781248289228
9781248289235
9781248289242
9781248289259
9781248289266
9781248289273
9781248289280
9781248289297
9781248289303
9781248289310
9781248289327
9781248289334
9781248289341
9781248289358
9781248289365
9781248289372
9781248289389
9781248289396
9781248289402
9781248289419
9781248289426
9781248289433
9781248289440
9781248289457
9781248289464
9781248289471
9781248289488
9781248289495
9781248289501
9781248289518
9781248289525
9781248289532
9781248289549
9781248289556
9781248289563
9781248289570
9781248289587
9781248289594
9781248289600
9781248289617
9781248289624
9781248289631
9781248289648
9781248289655
9781248289662
9781248289679
9781248289686
9781248289693
9781248289709
9781248289716
9781248289723
9781248289730
9781248289747
9781248289754
9781248289761
9781248289778
9781248289785
9781248289792
9781248289808
9781248289815
9781248289822
9781248289839
9781248289846
9781248289853
9781248289860
9781248289877
9781248289884
9781248289891
9781248289907
9781248289914
9781248289921
9781248289938
9781248289945
9781248289952
9781248289969
9781248289976
9781248289983
9781248289990
9781248290002
9781248290019
9781248290026
9781248290033
9781248290040
9781248290057
9781248290064
9781248290071
9781248290088
9781248290095
9781248290101
9781248290118
9781248290125
9781248290132
9781248290149
9781248290156
9781248290163
9781248290170
9781248290187
9781248290194
9781248290200
9781248290217
9781248290224
9781248290231
9781248290248
9781248290255
9781248290262
9781248290279
9781248290286
9781248290293
9781248290309
9781248290316
9781248290323
9781248290330
9781248290347
9781248290354
9781248290361
9781248290378
9781248290385
9781248290392
9781248290408
9781248290415
9781248290422
9781248290439
9781248290446
9781248290453
9781248290460
9781248290477
9781248290484
9781248290491
9781248290507
9781248290514
9781248290521
9781248290538
9781248290545
9781248290552
9781248290569
9781248290576
9781248290583
9781248290590
9781248290606
9781248290613
9781248290620
9781248290637
9781248290644
9781248290651
9781248290668
9781248290675
9781248290682
9781248290699
9781248290705
9781248290712
9781248290729
9781248290736
9781248290743
9781248290750
9781248290767
9781248290774
9781248290781
9781248290798
9781248290804
9781248290811
9781248290828
9781248290835
9781248290842
9781248290859
9781248290866
9781248290873
9781248290880
9781248290897
9781248290903
9781248290910
9781248290927
9781248290934
9781248290941
9781248290958
9781248290965
9781248290972
9781248290989
9781248290996
9781248291009
9781248291016
9781248291023
9781248291030
9781248291047
9781248291054
9781248291061
9781248291078
9781248291085
9781248291092
9781248291108
9781248291115
9781248291122
9781248291139
9781248291146
9781248291153
9781248291160
9781248291177
9781248291184
9781248291191
9781248291207
9781248291214
9781248291221
9781248291238
9781248291245
9781248291252
9781248291269
9781248291276
9781248291283
9781248291290
9781248291306
9781248291313
9781248291320
9781248291337
9781248291344
9781248291351
9781248291368
9781248291375
9781248291382
9781248291399
9781248291405
9781248291412
9781248291429
9781248291436
9781248291443
9781248291450
9781248291467
9781248291474
9781248291481
9781248291498
9781248291504
9781248291511
9781248291528
9781248291535
9781248291542
9781248291559
9781248291566
9781248291573
9781248291580
9781248291597
9781248291603
9781248291610
9781248291627
9781248291634
9781248291641
9781248291658
9781248291665
9781248291672
9781248291689
9781248291696
9781248291702
9781248291719
9781248291726
9781248291733
9781248291740
9781248291757
9781248291764
9781248291771
9781248291788
9781248291795
9781248291801
9781248291818
9781248291825
9781248291832
9781248291849
9781248291856
9781248291863
9781248291870
9781248291887
9781248291894
9781248291900
9781248291917
9781248291924
9781248291931
9781248291948
9781248291955
9781248291962
9781248291979
9781248291986
9781248291993
9781248292006
9781248292013
9781248292020
9781248292037
9781248292044
9781248292051
9781248292068
9781248292075
9781248292082
9781248292099
9781248292105
9781248292112
9781248292129
9781248292136
9781248292143
9781248292150
9781248292167
9781248292174
9781248292181
9781248292198
9781248292204
9781248292211
9781248292228
9781248292235
9781248292242
9781248292259
9781248292266
9781248292273
9781248292280
9781248292297
9781248292303
9781248292310
9781248292327
9781248292334
9781248292341
9781248292358
9781248292365
9781248292372
9781248292389
9781248292396
9781248292402
9781248292419
9781248292426
9781248292433
9781248292440
9781248292457
9781248292464
9781248292471
9781248292488
9781248292495
9781248292501
9781248292518
9781248292525
9781248292532
9781248292549
9781248292556
9781248292563
9781248292570
9781248292587
9781248292594
9781248292600
9781248292617
9781248292624
9781248292631
9781248292648
9781248292655
9781248292662
9781248292679
9781248292686
9781248292693
9781248292709
9781248292716
9781248292723
9781248292730
9781248292747
9781248292754
9781248292761
9781248292778
9781248292785
9781248292792
9781248292808
9781248292815
9781248292822
9781248292839
9781248292846
9781248292853
9781248292860
9781248292877
9781248292884
9781248292891
9781248292907
9781248292914
9781248292921
9781248292938
9781248292945
9781248292952
9781248292969
9781248292976
9781248292983
9781248292990
9781248293003
9781248293010
9781248293027
9781248293034
9781248293041
9781248293058
9781248293065
9781248293072
9781248293089
9781248293096
9781248293102
9781248293119
9781248293126
9781248293133
9781248293140
9781248293157
9781248293164
9781248293171
9781248293188
9781248293195
9781248293201
9781248293218
9781248293225
9781248293232
9781248293249
9781248293256
9781248293263
9781248293270
9781248293287
9781248293294
9781248293300
9781248293317
9781248293324
9781248293331
9781248293348
9781248293355
9781248293362
9781248293379
9781248293386
9781248293393
9781248293409
9781248293416
9781248293423
9781248293430
9781248293447
9781248293454
9781248293461
9781248293478
9781248293485
9781248293492
9781248293508
9781248293515
9781248293522
9781248293539
9781248293546
9781248293553
9781248293560
9781248293577
9781248293584
9781248293591
9781248293607
9781248293614
9781248293621
9781248293638
9781248293645
9781248293652
9781248293669
9781248293676
9781248293683
9781248293690
9781248293706
9781248293713
9781248293720
9781248293737
9781248293744
9781248293751
9781248293768
9781248293775
9781248293782
9781248293799
9781248293805
9781248293812
9781248293829
9781248293836
9781248293843
9781248293850
9781248293867
9781248293874
9781248293881
9781248293898
9781248293904
9781248293911
9781248293928
9781248293935
9781248293942
9781248293959
9781248293966
9781248293973
9781248293980
9781248293997
9781248294000
9781248294017
9781248294024
9781248294031
9781248294048
9781248294055
9781248294062
9781248294079
9781248294086
9781248294093
9781248294109
9781248294116
9781248294123
9781248294130
9781248294147
9781248294154
9781248294161
9781248294178
9781248294185
9781248294192
9781248294208
9781248294215
9781248294222
9781248294239
9781248294246
9781248294253
9781248294260
9781248294277
9781248294284
9781248294291
9781248294307
9781248294314
9781248294321
9781248294338
9781248294345
9781248294352
9781248294369
9781248294376
9781248294383
9781248294390
9781248294406
9781248294413
9781248294420
9781248294437
9781248294444
9781248294451
9781248294468
9781248294475
9781248294482
9781248294499
9781248294505
9781248294512
9781248294529
9781248294536
9781248294543
9781248294550
9781248294567
9781248294574
9781248294581
9781248294598
9781248294604
9781248294611
9781248294628
9781248294635
9781248294642
9781248294659
9781248294666
9781248294673
9781248294680
9781248294697
9781248294703
9781248294710
9781248294727
9781248294734
9781248294741
9781248294758
9781248294765
9781248294772
9781248294789
9781248294796
9781248294802
9781248294819
9781248294826
9781248294833
9781248294840
9781248294857
9781248294864
9781248294871
9781248294888
9781248294895
9781248294901
9781248294918
9781248294925
9781248294932
9781248294949
9781248294956
9781248294963
9781248294970
9781248294987
9781248294994
9781248295007
9781248295014
9781248295021
9781248295038
9781248295045
9781248295052
9781248295069
9781248295076
9781248295083
9781248295090
9781248295106
9781248295113
9781248295120
9781248295137
9781248295144
9781248295151
9781248295168
9781248295175
9781248295182
9781248295199
9781248295205
9781248295212
9781248295229
9781248295236
9781248295243
9781248295250
9781248295267
9781248295274
9781248295281
9781248295298
9781248295304
9781248295311
9781248295328
9781248295335
9781248295342
9781248295359
9781248295366
9781248295373
9781248295380
9781248295397
9781248295403
9781248295410
9781248295427
9781248295434
9781248295441
9781248295458
9781248295465
9781248295472
9781248295489
9781248295496
9781248295502
9781248295519
9781248295526
9781248295533
9781248295540
9781248295557
9781248295564
9781248295571
9781248295588
9781248295595
9781248295601
9781248295618
9781248295625
9781248295632
9781248295649
9781248295656
9781248295663
9781248295670
9781248295687
9781248295694
9781248295700
9781248295717
9781248295724
9781248295731
9781248295748
9781248295755
9781248295762
9781248295779
9781248295786
9781248295793
9781248295809
9781248295816
9781248295823
9781248295830
9781248295847
9781248295854
9781248295861
9781248295878
9781248295885
9781248295892
9781248295908
9781248295915
9781248295922
9781248295939
9781248295946
9781248295953
9781248295960
9781248295977
9781248295984
9781248295991
9781248296004
9781248296011
9781248296028
9781248296035
9781248296042
9781248296059
9781248296066
9781248296073
9781248296080
9781248296097
9781248296103
9781248296110
9781248296127
9781248296134
9781248296141
9781248296158
9781248296165
9781248296172
9781248296189
9781248296196
9781248296202
9781248296219
9781248296226
9781248296233
9781248296240
9781248296257
9781248296264
9781248296271
9781248296288
9781248296295
9781248296301
9781248296318
9781248296325
9781248296332
9781248296349
9781248296356
9781248296363
9781248296370
9781248296387
9781248296394
9781248296400
9781248296417
9781248296424
9781248296431
9781248296448
9781248296455
9781248296462
9781248296479
9781248296486
9781248296493
9781248296509
9781248296516
9781248296523
9781248296530
9781248296547
9781248296554
9781248296561
9781248296578
9781248296585
9781248296592
9781248296608
9781248296615
9781248296622
9781248296639
9781248296646
9781248296653
9781248296660
9781248296677
9781248296684
9781248296691
9781248296707
9781248296714
9781248296721
9781248296738
9781248296745
9781248296752
9781248296769
9781248296776
9781248296783
9781248296790
9781248296806
9781248296813
9781248296820
9781248296837
9781248296844
9781248296851
9781248296868
9781248296875
9781248296882
9781248296899
9781248296905
9781248296912
9781248296929
9781248296936
9781248296943
9781248296950
9781248296967
9781248296974
9781248296981
9781248296998
9781248297001
9781248297018
9781248297025
9781248297032
9781248297049
9781248297056
9781248297063
9781248297070
9781248297087
9781248297094
9781248297100
9781248297117
9781248297124
9781248297131
9781248297148
9781248297155
9781248297162
9781248297179
9781248297186
9781248297193
9781248297209
9781248297216
9781248297223
9781248297230
9781248297247
9781248297254
9781248297261
9781248297278
9781248297285
9781248297292
9781248297308
9781248297315
9781248297322
9781248297339
9781248297346
9781248297353
9781248297360
9781248297377
9781248297384
9781248297391
9781248297407
9781248297414
9781248297421
9781248297438
9781248297445
9781248297452
9781248297469
9781248297476
9781248297483
9781248297490
9781248297506
9781248297513
9781248297520
9781248297537
9781248297544
9781248297551
9781248297568
9781248297575
9781248297582
9781248297599
9781248297605
9781248297612
9781248297629
9781248297636
9781248297643
9781248297650
9781248297667
9781248297674
9781248297681
9781248297698
9781248297704
9781248297711
9781248297728
9781248297735
9781248297742
9781248297759
9781248297766
9781248297773
9781248297780
9781248297797
9781248297803
9781248297810
9781248297827
9781248297834
9781248297841
9781248297858
9781248297865
9781248297872
9781248297889
9781248297896
9781248297902
9781248297919
9781248297926
9781248297933
9781248297940
9781248297957
9781248297964
9781248297971
9781248297988
9781248297995
9781248298008
9781248298015
9781248298022
9781248298039
9781248298046
9781248298053
9781248298060
9781248298077
9781248298084
9781248298091
9781248298107
9781248298114
9781248298121
9781248298138
9781248298145
9781248298152
9781248298169
9781248298176
9781248298183
9781248298190
9781248298206
9781248298213
9781248298220
9781248298237
9781248298244
9781248298251
9781248298268
9781248298275
9781248298282
9781248298299
9781248298305
9781248298312
9781248298329
9781248298336
9781248298343
9781248298350
9781248298367
9781248298374
9781248298381
9781248298398
9781248298404
9781248298411
9781248298428
9781248298435
9781248298442
9781248298459
9781248298466
9781248298473
9781248298480
9781248298497
9781248298503
9781248298510
9781248298527
9781248298534
9781248298541
9781248298558
9781248298565
9781248298572
9781248298589
9781248298596
9781248298602
9781248298619
9781248298626
9781248298633
9781248298640
9781248298657
9781248298664
9781248298671
9781248298688
9781248298695
9781248298701
9781248298718
9781248298725
9781248298732
9781248298749
9781248298756
9781248298763
9781248298770
9781248298787
9781248298794
9781248298800
9781248298817
9781248298824
9781248298831
9781248298848
9781248298855
9781248298862
9781248298879
9781248298886
9781248298893
9781248298909
9781248298916
9781248298923
9781248298930
9781248298947
9781248298954
9781248298961
9781248298978
9781248298985
9781248298992
9781248299005
9781248299012
9781248299029
9781248299036
9781248299043
9781248299050
9781248299067
9781248299074
9781248299081
9781248299098
9781248299104
9781248299111
9781248299128
9781248299135
9781248299142
9781248299159
9781248299166
9781248299173
9781248299180
9781248299197
9781248299203
9781248299210
9781248299227
9781248299234
9781248299241
9781248299258
9781248299265
9781248299272
9781248299289
9781248299296
9781248299302
9781248299319
9781248299326
9781248299333
9781248299340
9781248299357
9781248299364
9781248299371
9781248299388
9781248299395
9781248299401
9781248299418
9781248299425
9781248299432
9781248299449
9781248299456
9781248299463
9781248299470
9781248299487
9781248299494
9781248299500
9781248299517
9781248299524
9781248299531
9781248299548
9781248299555
9781248299562
9781248299579
9781248299586
9781248299593
9781248299609
9781248299616
9781248299623
9781248299630
9781248299647
9781248299654
9781248299661
9781248299678
9781248299685
9781248299692
9781248299708
9781248299715
9781248299722
9781248299739
9781248299746
9781248299753
9781248299760
9781248299777
9781248299784
9781248299791
9781248299807
9781248299814
9781248299821
9781248299838
9781248299845
9781248299852
9781248299869
9781248299876
9781248299883
9781248299890
9781248299906
9781248299913
9781248299920
9781248299937
9781248299944
9781248299951
9781248299968
9781248299975
9781248299982
9781248299999
9781248300008
9781248300015
9781248300022
9781248300039
9781248300046
9781248300053
9781248300060
9781248300077
9781248300084
9781248300091
9781248300107
9781248300114
9781248300121
9781248300138
9781248300145
9781248300152
9781248300169
9781248300176
9781248300183
9781248300190
9781248300206
9781248300213
9781248300220
9781248300237
9781248300244
9781248300251
9781248300268
9781248300275
9781248300282
9781248300299
9781248300305
9781248300312
9781248300329
9781248300336
9781248300343
9781248300350
9781248300367
9781248300374
9781248300381
9781248300398
9781248300404
9781248300411
9781248300428
9781248300435
9781248300442
9781248300459
9781248300466
9781248300473
9781248300480
9781248300497
9781248300503
9781248300510
9781248300527
9781248300534
9781248300541
9781248300558
9781248300565
9781248300572
9781248300589
9781248300596
9781248300602
9781248300619
9781248300626
9781248300633
9781248300640
9781248300657
9781248300664
9781248300671
9781248300688
9781248300695
9781248300701
9781248300718
9781248300725
9781248300732
9781248300749
9781248300756
9781248300763
9781248300770
9781248300787
9781248300794
9781248300800
9781248300817
9781248300824
9781248300831
9781248300848
9781248300855
9781248300862
9781248300879
9781248300886
9781248300893
9781248300909
9781248300916
9781248300923
9781248300930
9781248300947
9781248300954
9781248300961
9781248300978
9781248300985
9781248300992
9781248301005
9781248301012
9781248301029
9781248301036
9781248301043
9781248301050
9781248301067
9781248301074
9781248301081
9781248301098
9781248301104
9781248301111
9781248301128
9781248301135
9781248301142
9781248301159
9781248301166
9781248301173
9781248301180
9781248301197
9781248301203
9781248301210
9781248301227
9781248301234
9781248301241
9781248301258
9781248301265
9781248301272
9781248301289
9781248301296
9781248301302
9781248301319
9781248301326
9781248301333
9781248301340
9781248301357
9781248301364
9781248301371
9781248301388
9781248301395
9781248301401
9781248301418
9781248301425
9781248301432
9781248301449
9781248301456
9781248301463
9781248301470
9781248301487
9781248301494
9781248301500
9781248301517
9781248301524
9781248301531
9781248301548
9781248301555
9781248301562
9781248301579
9781248301586
9781248301593
9781248301609
9781248301616
9781248301623
9781248301630
9781248301647
9781248301654
9781248301661
9781248301678
9781248301685
9781248301692
9781248301708
9781248301715
9781248301722
9781248301739
9781248301746
9781248301753
9781248301760
9781248301777
9781248301791
9781248301807
9781248301814
9781248301821
9781248301838
9781248301845
9781248301852
9781248301869
9781248301876
9781248301883
9781248301890
9781248301906
9781248301913
9781248301920
9781248301937
9781248301944
9781248301951
9781248301968
9781248301975
9781248301982
9781248301999
9781248302002
9781248302019
9781248302026
9781248302033
9781248302040
9781248302057
9781248302064
9781248302071
9781248302088
9781248302095
9781248302101
9781248302118
9781248302125
9781248302132
9781248302149
9781248302156
9781248302163
9781248302170
9781248302187
9781248302194
9781248302200
9781248302217
9781248302224
9781248302231
9781248302248
9781248302255
9781248302262
9781248302279
9781248302286
9781248302293
9781248302309
9781248302316
9781248302323
9781248302330
9781248302347
9781248302354
9781248302361
9781248302378
9781248302385
9781248302392
9781248302408
9781248302415
9781248302422
9781248302439
9781248302446
9781248302453
9781248302460
9781248302477
9781248302484
9781248302491
9781248302507
9781248302514
9781248302521
9781248302538
9781248302545
9781248302552
9781248302569
9781248302576
9781248302583
9781248302590
9781248302606
9781248302613
9781248302620
9781248302637
9781248302644
9781248302651
9781248302668
9781248302675
9781248302682
9781248302699
9781248302705
9781248302712
9781248302729
9781248302736
9781248302743
9781248302750
9781248302767
9781248302774
9781248302781
9781248302798
9781248302804
9781248302811
9781248302828
9781248302835
9781248302842
9781248302859
9781248302866
9781248302873
9781248302880
9781248302897
9781248302903
9781248302910
9781248302927
9781248302934
9781248302941
9781248302958
9781248302965
9781248302972
9781248302989
9781248302996
9781248303009
9781248303016
9781248303023
9781248303030
9781248303047
9781248303054
9781248303061
9781248303078
9781248303085
9781248303092
9781248303108
9781248303115
9781248303122
9781248303139
9781248303146
9781248303153
9781248303160
9781248303177
9781248303184
9781248303191
9781248303207
9781248303214
9781248303221
9781248303238
9781248303245
9781248303252
9781248303269
9781248303276
9781248303283
9781248303290
9781248303306
9781248303313
9781248303320
9781248303337
9781248303344
9781248303351
9781248303368
9781248303375
9781248303382
9781248303399
9781248303405
9781248303412
9781248303429
9781248303436
9781248303443
9781248303450
9781248303467
9781248303474
9781248303481
9781248303498
9781248303504
9781248303511
9781248303528
9781248303535
9781248303542
9781248303559
9781248303566
9781248303573
9781248303580
9781248303597
9781248303603
9781248303610
9781248303627
9781248303634
9781248303641
9781248303658
9781248303665
9781248303672
9781248303689
9781248303696
9781248303702
9781248303719
9781248303726
9781248303733
9781248303740
9781248303757
9781248303764
9781248303771
9781248303788
9781248303795
9781248303801
9781248303818
9781248303825
9781248303832
9781248303849
9781248303856
9781248303863
9781248303870
9781248303887
9781248303894
9781248303900
9781248303917
9781248303924
9781248303931
9781248303948
9781248303955
9781248303962
9781248303979
9781248303986
9781248303993
9781248304006
9781248304013
9781248304020
9781248304037
9781248304044
9781248304051
9781248304068
9781248304075
9781248304082
9781248304099
9781248304105
9781248304112
9781248304129
9781248304136
9781248304143
9781248304150
9781248304167
9781248304174
9781248304181
9781248304198
9781248304204
9781248304211
9781248304228
9781248304235
9781248304242
9781248304259
9781248304273
9781248304280
9781248304297
9781248304303
9781248304310
9781248304327
9781248304334
9781248304341
9781248304358
9781248304365
9781248304372
9781248304389
9781248304396
9781248304402
9781248304419
9781248304426
9781248304433
9781248304440
9781248304457
9781248304464
9781248304471
9781248304488
9781248304495
9781248304501
9781248304518
9781248304525
9781248304532
9781248304549
9781248304556
9781248304563
9781248304570
9781248304587
9781248304594
9781248304600
9781248304617
9781248304624
9781248304631
9781248304648
9781248304655
9781248304662
9781248304679
9781248304686
9781248304693
9781248304709
9781248304716
9781248304723
9781248304730
9781248304747
9781248304754
9781248304761
9781248304778
9781248304785
9781248304792
9781248304808
9781248304815
9781248304822
9781248304839
9781248304846
9781248304853
9781248304860
9781248304877
9781248304884
9781248304891
9781248304907
9781248304914
9781248304921
9781248304938
9781248304945
9781248304952
9781248304969
9781248304976
9781248304983
9781248304990
9781248305003
9781248305010
9781248305027
9781248305034
9781248305041
9781248305058
9781248305065
9781248305072
9781248305089
9781248305096
9781248305102
9781248305119
9781248305126
9781248305133
9781248305140
9781248305157
9781248305164
9781248305171
9781248305188
9781248305195
9781248305201
9781248305218
9781248305225
9781248305232
9781248305249
9781248305256
9781248305263
9781248305270
9781248305287
9781248305294
9781248305300
9781248305317
9781248305324
9781248305331
9781248305348
9781248305355
9781248305362
9781248305379
9781248305386
9781248305393
9781248305409
9781248305416
9781248305423
9781248305430
9781248305447
9781248305454
9781248305461
9781248305478
9781248305485
9781248305492
9781248305508
9781248305515
9781248305522
9781248305539
9781248305546
9781248305553
9781248305560
9781248305577
9781248305584
9781248305591
9781248305607
9781248305614
9781248305621
9781248305638
9781248305645
9781248305652
9781248305669
9781248305676
9781248305683
9781248305690
9781248305706
9781248305713
9781248305720
9781248305737
9781248305744
9781248305751
9781248305768
9781248305775
9781248305782
9781248305799
9781248305805
9781248305812
9781248305829
9781248305836
9781248305843
9781248305850
9781248305867
9781248305874
9781248305881
9781248305898
9781248305904
9781248305911
9781248305928
9781248305935
9781248305942
9781248305959
9781248305966
9781248305973
9781248305980
9781248305997
9781248306000
9781248306017
9781248306024
9781248306031
9781248306048
9781248306055
9781248306062
9781248306079
9781248306086
9781248306093
9781248306109
9781248306116
9781248306123
9781248306130
9781248306147
9781248306154
9781248306161
9781248306178
9781248306185
9781248306192
9781248306208
9781248306215
9781248306222
9781248306239
9781248306246
9781248306253
9781248306260
9781248306277
9781248306284
9781248306291
9781248306307
9781248306314
9781248306321
9781248306338
9781248306345
9781248306352
9781248306369
9781248306376
9781248306383
9781248306390
9781248306406
9781248306413
9781248306420
9781248306437
9781248306444
9781248306451
9781248306468
9781248306475
9781248306482
9781248306499
9781248306505
9781248306512
9781248306529
9781248306536
9781248306543
9781248306550
9781248306567
9781248306574
9781248306581
9781248306598
9781248306604
9781248306611
9781248306628
9781248306635
9781248306642
9781248306659
9781248306666
9781248306673
9781248306680
9781248306697
9781248306703
9781248306710
9781248306727
9781248306734
9781248306741
9781248306758
9781248306765
9781248306772
9781248306789
9781248306796
9781248306802
9781248306819
9781248306826
9781248306833
9781248306840
9781248306857
9781248306864
9781248306871
9781248306888
9781248306895
9781248306901
9781248306918
9781248306925
9781248306932
9781248306949
9781248306956
9781248306963
9781248306970
9781248306987
9781248306994
9781248307007
9781248307014
9781248307021
9781248307038
9781248307045
9781248307052
9781248307069
9781248307076
9781248307083
9781248307090
9781248307106
9781248307113
9781248307120
9781248307137
9781248307144
9781248307151
9781248307168
9781248307175
9781248307182
9781248307199
9781248307205
9781248307212
9781248307229
9781248307236
9781248307243
9781248307250
9781248307267
9781248307274
9781248307281
9781248307298
9781248307304
9781248307311
9781248307328
9781248307335
9781248307342
9781248307359
9781248307366
9781248307373
9781248307380
9781248307397
9781248307403
9781248307410
9781248307427
9781248307434
9781248307441
9781248307458
9781248307465
9781248307472
9781248307489
9781248307496
9781248307502
9781248307519
9781248307526
9781248307533
9781248307540
9781248307557
9781248307564
9781248307571
9781248307588
9781248307595
9781248307601
9781248307618
9781248307625
9781248307632
9781248307649
9781248307656
9781248307663
9781248307670
9781248307687
9781248307694
9781248307700
9781248307717
9781248307724
9781248307731
9781248307748
9781248307755
9781248307762
9781248307779
9781248307786
9781248307793
9781248307809
9781248307816
9781248307823
9781248307830
9781248307847
9781248307854
9781248307861
9781248307878
9781248307885
9781248307892
9781248307908
9781248307915
9781248307922
9781248307939
9781248307946
9781248307953
9781248307960
9781248307977
9781248307984
9781248307991
9781248308004
9781248308011
9781248308028
9781248308035
9781248308042
9781248308059
9781248308066
9781248308073
9781248308080
9781248308097
9781248308103
9781248308110
9781248308127
9781248308134
9781248308141
9781248308158
9781248308165
9781248308172
9781248308189
9781248308196
9781248308202
9781248308219
9781248308226
9781248308233
9781248308240
9781248308257
9781248308264
9781248308271
9781248308288
9781248308295
9781248308301
9781248308318
9781248308325
9781248308332
9781248308349
9781248308356
9781248308363
9781248308370
9781248308387
9781248308394
9781248308400
9781248308417
9781248308424
9781248308431
9781248308448
9781248308455
9781248308462
9781248308479
9781248308486
9781248308493
9781248308509
9781248308516
9781248308523
9781248308530
9781248308547
9781248308554
9781248308561
9781248308578
9781248308585
9781248308592
9781248308608
9781248308615
9781248308622
9781248308639
9781248308646
9781248308653
9781248308660
9781248308677
9781248308684
9781248308691
9781248308707
9781248308714
9781248308721
9781248308738
9781248308745
9781248308752
9781248308769
9781248308776
9781248308783
9781248308790
9781248308806
9781248308813
9781248308820
9781248308837
9781248308844
9781248308851
9781248308868
9781248308875
9781248308882
9781248308899
9781248308905
9781248308912
9781248308929
9781248308936
9781248308943
9781248308950
9781248308967
9781248308974
9781248308981
9781248308998
9781248309001
9781248309018
9781248309025
9781248309032
9781248309049
9781248309056
9781248309063
9781248309070
9781248309087
9781248309094
9781248309100
9781248309117
9781248309124
9781248309131
9781248309148
9781248309155
9781248309162
9781248309179
9781248309186
9781248309193
9781248309209
9781248309216
9781248309223
9781248309230
9781248309247
9781248309254
9781248309261
9781248309278
9781248309285
9781248309292
9781248309308
9781248309315
9781248309322
9781248309339
9781248309346
9781248309353
9781248309360
9781248309377
9781248309384
9781248309391
9781248309407
9781248309414
9781248309421
9781248309438
9781248309445
9781248309452
9781248309469
9781248309476
9781248309483
9781248309490
9781248309506
9781248309513
9781248309520
9781248309537
9781248309544
9781248309551
9781248309568
9781248309575
9781248309582
9781248309599
9781248309605
9781248309612
9781248309629
9781248309636
9781248309650
9781248309667
9781248309674
9781248309681
9781248309698
9781248309704
9781248309711
9781248309728
9781248309735
9781248309742
9781248309759
9781248309766
9781248309773
9781248309780
9781248309797
9781248309803
9781248309810
9781248309827
9781248309834
9781248309841
9781248309858
9781248309865
9781248309872
9781248309889
9781248309896
9781248309902
9781248309919
9781248309926
9781248309933
9781248309940
9781248309957
9781248309964
9781248309971
9781248309988
9781248309995
9781248310007
9781248310014
9781248310021
9781248310038
9781248310045
9781248310052
9781248310069
9781248310076
9781248310083
9781248310090
9781248310106
9781248310113
9781248310120
9781248310137
9781248310144
9781248310151
9781248310168
9781248310175
9781248310182
9781248310199
9781248310205
9781248310212
9781248310229
9781248310236
9781248310243
9781248310250
9781248310267
9781248310274
9781248310281
9781248310298
9781248310304
9781248310311
9781248310328
9781248310335
9781248310342
9781248310359
9781248310366
9781248310373
9781248310380
9781248310397
9781248310403
9781248310410
9781248310427
9781248310434
9781248310441
9781248310458
9781248310465
9781248310472
9781248310489
9781248310496
9781248310502
9781248310519
9781248310526
9781248310533
9781248310540
9781248310557
9781248310564
9781248310571
9781248310588
9781248310595
9781248310601
9781248310618
9781248310625
9781248310632
9781248310649
9781248310656
9781248310663
9781248310670
9781248310687
9781248310694
9781248310700
9781248310717
9781248310724
9781248310731
9781248310748
9781248310755
9781248310762
9781248310779
9781248310786
9781248310793
9781248310809
9781248310816
9781248310823
9781248310830
9781248310847
9781248310854
9781248310861
9781248310878
9781248310885
9781248310892
9781248310908
9781248310915
9781248310922
9781248310939
9781248310946
9781248310953
9781248310960
9781248310977
9781248310984
9781248310991
9781248311004
9781248311011
9781248311028
9781248311035
9781248311042
9781248311059
9781248311066
9781248311073
9781248311080
9781248311097
9781248311103
9781248311110
9781248311127
9781248311141
9781248311158
9781248311165
9781248311172
9781248311189
9781248311196
9781248311202
9781248311219
9781248311226
9781248311233
9781248311240
9781248311257
9781248311264
9781248311271
9781248311288
9781248311295
9781248311301
9781248311318
9781248311325
9781248311332
9781248311349
9781248311356
9781248311363
9781248311370
9781248311387
9781248311394
9781248311400
9781248311417
9781248311424
9781248311431
9781248311448
9781248311455
9781248311462
9781248311479
9781248311486
9781248311493
9781248311509
9781248311516
9781248311523
9781248311530
9781248311547
9781248311554
9781248311561
9781248311578
9781248311585
9781248311592
9781248311608
9781248311615
9781248311622
9781248311639
9781248311653
9781248311660
9781248311677
9781248311684
9781248311707
9781248311714
9781248311721
9781248311738
9781248311745
9781248311752
9781248311769
9781248311776
9781248311783
9781248311790
9781248311806
9781248311813
9781248311820
9781248311837
9781248311851
9781248311868
9781248311875
9781248311882
9781248311899
9781248311905
9781248311912
9781248311929
9781248311936
9781248311943
9781248311950
9781248311967
9781248311974
9781248311981
9781248311998
9781248312001
9781248312018
9781248312025
9781248312032
9781248312049
9781248312056
9781248312063
9781248312070
9781248312087
9781248312094
9781248312100
9781248312117
9781248312124
9781248312131
9781248312148
9781248312155
9781248312162
9781248312179
9781248312186
9781248312193
9781248312209
9781248312216
9781248312223
9781248312230
9781248312247
9781248312254
9781248312261
9781248312278
9781248312285
9781248312292
9781248312308
9781248312315
9781248312322
9781248312339
9781248312346
9781248312353
9781248312360
9781248312377
9781248312384
9781248312391
9781248312407
9781248312414
9781248312421
9781248312438
9781248312445
9781248312452
9781248312469
9781248312476
9781248312483
9781248312490
9781248312506
9781248312513
9781248312520
9781248312537
9781248312544
9781248312551
9781248312568
9781248312575
9781248312582
9781248312599
9781248312605
9781248312612
9781248312629
9781248312636
9781248312643
9781248312650
9781248312667
9781248312674
9781248312681
9781248312698
9781248312704
9781248312711
9781248312728
9781248312735
9781248312742
9781248312759
9781248312766
9781248312773
9781248312780
9781248312797
9781248312803
9781248312810
9781248312827
9781248312834
9781248312841
9781248312858
9781248312865
9781248312872
9781248312889
9781248312896
9781248312902
9781248312919
9781248312926
9781248312933
9781248312940
9781248312957
9781248312964
9781248312971
9781248312988
9781248312995
9781248313008
9781248313015
9781248313022
9781248313039
9781248313046
9781248313053
9781248313060
9781248313077
9781248313084
9781248313091
9781248313107
9781248313114
9781248313121
9781248313138
9781248313145
9781248313152
9781248313169
9781248313176
9781248313183
9781248313190
9781248313206
9781248313213
9781248313220
9781248313237
9781248313244
9781248313251
9781248313268
9781248313275
9781248313282
9781248313299
9781248313305
9781248313312
9781248313329
9781248313336
9781248313343
9781248313350
9781248313367
9781248313374
9781248313381
9781248313398
9781248313404
9781248313411
9781248313428
9781248313435
9781248313442
9781248313459
9781248313466
9781248313473
9781248313480
9781248313497
9781248313503
9781248313510
9781248313527
9781248313534
9781248313541
9781248313558
9781248313565
9781248313572
9781248313589
9781248313596
9781248313602
9781248313619
9781248313626
9781248313633
9781248313640
9781248313657
9781248313664
9781248313671
9781248313688
9781248313695
9781248313701
9781248313718
9781248313725
9781248313732
9781248313749
9781248313756
9781248313763
9781248313770
9781248313787
9781248313794
9781248313800
9781248313817
9781248313824
9781248313831
9781248313848
9781248313855
9781248313862
9781248313879
9781248313886
9781248313893
9781248313909
9781248313916
9781248313923
9781248313930
9781248313947
9781248313954
9781248313961
9781248313978
9781248313985
9781248313992
9781248314005
9781248314012
9781248314029
9781248314036
9781248314043
9781248314050
9781248314067
9781248314074
9781248314081
9781248314098
9781248314104
9781248314128
9781248314135
9781248314142
9781248314159
9781248314166
9781248314173
9781248314180
9781248314197
9781248314203
9781248314210
9781248314227
9781248314234
9781248314241
9781248314258
9781248314265
9781248314272
9781248314289
9781248314296
9781248314302
9781248314319
9781248314326
9781248314333
9781248314340
9781248314357
9781248314364
9781248314371
9781248314388
9781248314395
9781248314401
9781248314418
9781248314425
9781248314432
9781248314449
9781248314456
9781248314463
9781248314470
9781248314487
9781248314494
9781248314500
9781248314517
9781248314524
9781248314548
9781248314555
9781248314562
9781248314579
9781248314586
9781248314593
9781248314609
9781248314616
9781248314623
9781248314630
9781248314647
9781248314654
9781248314661
9781248314678
9781248314685
9781248314692
9781248314708
9781248314715
9781248314722
9781248314739
9781248314746
9781248314753
9781248314760
9781248314777
9781248314784
9781248314791
9781248314807
9781248314814
9781248314821
9781248314838
9781248314845
9781248314852
9781248314869
9781248314876
9781248314883
9781248314890
9781248314906
9781248314913
9781248314920
9781248314937
9781248314944
9781248314951
9781248314968
9781248314975
9781248314982
9781248314999
9781248315002
9781248315019
9781248315026
9781248315033
9781248315040
9781248315057
9781248315064
9781248315071
9781248315088
9781248315095
9781248315101
9781248315118
9781248315125
9781248315132
9781248315149
9781248315156
9781248315163
9781248315170
9781248315187
9781248315194
9781248315200
9781248315217
9781248315224
9781248315231
9781248315248
9781248315255
9781248315262
9781248315279
9781248315286
9781248315293
9781248315309
9781248315316
9781248315323
9781248315330
9781248315347
9781248315354
9781248315361
9781248315378
9781248315385
9781248315392
9781248315408
9781248315415
9781248315422
9781248315439
9781248315446
9781248315453
9781248315460
9781248315477
9781248315484
9781248315491
9781248315507
9781248315514
9781248315521
9781248315538
9781248315545
9781248315552
9781248315569
9781248315576
9781248315590
9781248315606
9781248315613
9781248315620
9781248315637
9781248315644
9781248315651
9781248315668
9781248315675
9781248315682
9781248315699
9781248315705
9781248315712
9781248315729
9781248315736
9781248315743
9781248315750
9781248315767
9781248315774
9781248315781
9781248315798
9781248315804
9781248315811
9781248315828
9781248315835
9781248315842
9781248315859
9781248315866
9781248315873
9781248315880
9781248315897
9781248315903
9781248315910
9781248315927
9781248315934
9781248315941
9781248315958
9781248315965
9781248315972
9781248315989
9781248315996
9781248316009
9781248316016
9781248316023
9781248316030
9781248316054
9781248316061
9781248316078
9781248316085
9781248316092
9781248316108
9781248316115
9781248316122
9781248316139
9781248316146
9781248316153
9781248316160
9781248316177
9781248316184
9781248316191
9781248316207
9781248316214
9781248316221
9781248316238
9781248316245
9781248316252
9781248316269
9781248316276
9781248316283
9781248316290
9781248316306
9781248316313
9781248316320
9781248316337
9781248316344
9781248316351
9781248316368
9781248316375
9781248316382
9781248316399
9781248316405
9781248316412
9781248316429
9781248316436
9781248316443
9781248316450
9781248316467
9781248316474
9781248316481
9781248316498
9781248316504
9781248316511
9781248316528
9781248316535
9781248316542
9781248316559
9781248316566
9781248316573
9781248316580
9781248316597
9781248316610
9781248316627
9781248316634
9781248316641
9781248316658
9781248316665
9781248316672
9781248316689
9781248316696
9781248316702
9781248316719
9781248316726
9781248316733
9781248316740
9781248316757
9781248316764
9781248316771
9781248316788
9781248316795
9781248316801
9781248316818
9781248316825
9781248316832
9781248316849
9781248316856
9781248316863
9781248316870
9781248316887
9781248316894
9781248316900
9781248316924
9781248316931
9781248316948
9781248316955
9781248316962
9781248316979
9781248316986
9781248316993
9781248317006
9781248317013
9781248317020
9781248317037
9781248317044
9781248317051
9781248317068
9781248317075
9781248317082
9781248317099
9781248317105
9781248317112
9781248317129
9781248317136
9781248317143
9781248317150
9781248317167
9781248317174
9781248317181
9781248317198
9781248317204
9781248317211
9781248317228
9781248317235
9781248317242
9781248317259
9781248317266
9781248317273
9781248317280
9781248317297
9781248317303
9781248317310
9781248317327
9781248317334
9781248317341
9781248317358
9781248317365
9781248317372
9781248317389
9781248317396
9781248317402
9781248317419
9781248317426
9781248317433
9781248317440
9781248317457
9781248317464
9781248317471
9781248317488
9781248317495
9781248317501
9781248317518
9781248317525
9781248317532
9781248317549
9781248317556
9781248317563
9781248317570
9781248317587
9781248317594
9781248317600
9781248317617
9781248317624
9781248317631
9781248317648
9781248317655
9781248317662
9781248317679
9781248317686
9781248317693
9781248317709
9781248317716
9781248317723
9781248317730
9781248317747
9781248317754
9781248317761
9781248317778
9781248317785
9781248317792
9781248317808
9781248317815
9781248317822
9781248317839
9781248317846
9781248317853
9781248317860
9781248317877
9781248317884
9781248317891
9781248317907
9781248317914
9781248317921
9781248317938
9781248317945
9781248317952
9781248317969
9781248317976
9781248317983
9781248318003
9781248318010
9781248318027
9781248318034
9781248318041
9781248318058
9781248318065
9781248318072
9781248318089
9781248318096
9781248318102
9781248318119
9781248318126
9781248318133
9781248318140
9781248318157
9781248318164
9781248318171
9781248318188
9781248318195
9781248318201
9781248318218
9781248318225
9781248318232
9781248318249
9781248318256
9781248318263
9781248318270
9781248318287
9781248318294
9781248318300
9781248318317
9781248318324
9781248318331
9781248318348
9781248318355
9781248318362
9781248318379
9781248318386
9781248318393
9781248318409
9781248318416
9781248318423
9781248318430
9781248318447
9781248318454
9781248318461
9781248318478
9781248318485
9781248318492
9781248318508
9781248318515
9781248318522
9781248318539
9781248318546
9781248318553
9781248318560
9781248318577
9781248318584
9781248318591
9781248318607
9781248318614
9781248318621
9781248318638
9781248318645
9781248318652
9781248318669
9781248318676
9781248318683
9781248318690
9781248318706
9781248318713
9781248318720
9781248318737
9781248318744
9781248318751
9781248318768
9781248318775
9781248318782
9781248318799
9781248318805
9781248318812
9781248318829
9781248318836
9781248318843
9781248318850
9781248318867
9781248318874
9781248318881
9781248318898
9781248318904
9781248318911
9781248318928
9781248318935
9781248318942
9781248318959
9781248318966
9781248318973
9781248318980
9781248318997
9781248319000
9781248319017
9781248319024
9781248319031
9781248319048
9781248319055
9781248319062
9781248319079
9781248319086
9781248319093
9781248319109
9781248319116
9781248319123
9781248319130
9781248319147
9781248319154
9781248319161
9781248319178
9781248319185
9781248319192
9781248319208
9781248319215
9781248319222
9781248319239
9781248319246
9781248319253
9781248319260
9781248319277
9781248319284
9781248319291
9781248319307
9781248319314
9781248319321
9781248319338
9781248319345
9781248319352
9781248319369
9781248319376
9781248319383
9781248319390
9781248319406
9781248319413
9781248319420
9781248319437
9781248319444
9781248319451
9781248319468
9781248319475
9781248319482
9781248319499
9781248319505
9781248319512
9781248319529
9781248319536
9781248319543
9781248319550
9781248319567
9781248319574
9781248319581
9781248319598
9781248319604
9781248319611
9781248319628
9781248319635
9781248319642
9781248319659
9781248319666
9781248319673
9781248319680
9781248319697
9781248319703
9781248319710
9781248319727
9781248319734
9781248319741
9781248319758
9781248319765
9781248319772
9781248319789
9781248319796
9781248319802
9781248319819
9781248319826
9781248319833
9781248319840
9781248319857
9781248319864
9781248319871
9781248319888
9781248319895
9781248319901
9781248319918
9781248319925
9781248319932
9781248319949
9781248319956
9781248319963
9781248319970
9781248319987
9781248319994
9781248320006
9781248320013
9781248320020
9781248320037
9781248320044
9781248320051
9781248320068
9781248320075
9781248320082
9781248320099
9781248320105
9781248320112
9781248320129
9781248320136
9781248320143
9781248320150
9781248320167
9781248320174
9781248320181
9781248320198
9781248320204
9781248320211
9781248320228
9781248320235
9781248320242
9781248320259
9781248320266
9781248320273
9781248320280
9781248320310
9781248320327
9781248320334
9781248320341
9781248320358
9781248320365
9781248320372
9781248320389
9781248320396
9781248320402
9781248320419
9781248320426
9781248320433
9781248320440
9781248320457
9781248320464
9781248320471
9781248320488
9781248320495
9781248320501
9781248320518
9781248320525
9781248320532
9781248320549
9781248320563
9781248320570
9781248320587
9781248320594
9781248320600
9781248320617
9781248320624
9781248320631
9781248320648
9781248320655
9781248320662
9781248320679
9781248320686
9781248320693
9781248320709
9781248320716
9781248320723
9781248320730
9781248320747
9781248320754
9781248320761
9781248320778
9781248320785
9781248320792
9781248320808
9781248320815
9781248320822
9781248320839
9781248320846
9781248320853
9781248320860
9781248320877
9781248320884
9781248320891
9781248320907
9781248320914
9781248320938
9781248320945
9781248320952
9781248320969
9781248320976
9781248320983
9781248320990
9781248321003
9781248321010
9781248321027
9781248321034
9781248321041
9781248321058
9781248321065
9781248321072
9781248321089
9781248321096
9781248321102
9781248321119
9781248321126
9781248321133
9781248321140
9781248321157
9781248321164
9781248321171
9781248321188
9781248321195
9781248321201
9781248321218
9781248321225
9781248321232
9781248321249
9781248321256
9781248321263
9781248321270
9781248321287
9781248321294
9781248321300
9781248321317
9781248321324
9781248321331
9781248321348
9781248321355
9781248321362
9781248321379
9781248321386
9781248321393
9781248321409
9781248321416
9781248321423
9781248321430
9781248321447
9781248321454
9781248321461
9781248321478
9781248321485
9781248321492
9781248321508
9781248321515
9781248321522
9781248321539
9781248321546
9781248321553
9781248321560
9781248321577
9781248321584
9781248321591
9781248321607
9781248321614
9781248321621
9781248321638
9781248321645
9781248321652
9781248321669
9781248321676
9781248321683
9781248321690
9781248321706
9781248321713
9781248321720
9781248321737
9781248321744
9781248321751
9781248321768
9781248321775
9781248321782
9781248321799
9781248321805
9781248321812
9781248321829
9781248321836
9781248321843
9781248321850
9781248321867
9781248321874
9781248321881
9781248321898
9781248321904
9781248321911
9781248321928
9781248321935
9781248321942
9781248321959
9781248321966
9781248321973
9781248321980
9781248321997
9781248322000
9781248322017
9781248322024
9781248322031
9781248322048
9781248322055
9781248322062
9781248322079
9781248322086
9781248322093
9781248322109
9781248322116
9781248322123
9781248322130
9781248322147
9781248322154
9781248322161
9781248322178
9781248322185
9781248322192
9781248322208
9781248322215
9781248322222
9781248322239
9781248322246
9781248322253
9781248322260
9781248322277
9781248322284
9781248322291
9781248322307
9781248322314
9781248322321
9781248322338
9781248322345
9781248322352
9781248322369
9781248322376
9781248322383
9781248322390
9781248322406
9781248322413
9781248322420
9781248322437
9781248322444
9781248322451
9781248322468
9781248322475
9781248322482
9781248322499
9781248322505
9781248322512
9781248322529
9781248322536
9781248322543
9781248322550
9781248322567
9781248322574
9781248322581
9781248322598
9781248322604
9781248322611
9781248322628
9781248322635
9781248322642
9781248322659
9781248322666
9781248322673
9781248322680
9781248322697
9781248322703
9781248322710
9781248322727
9781248322734
9781248322741
9781248322758
9781248322765
9781248322772
9781248322789
9781248322796
9781248322802
9781248322819
9781248322826
9781248322833
9781248322840
9781248322857
9781248322864
9781248322871
9781248322888
9781248322895
9781248322901
9781248322918
9781248322925
9781248322932
9781248322949
9781248322956
9781248322963
9781248322970
9781248322987
9781248322994
9781248323007
9781248323014
9781248323021
9781248323038
9781248323045
9781248323052
9781248323069
9781248323076
9781248323083
9781248323090
9781248323106
9781248323113
9781248323120
9781248323137
9781248323144
9781248323151
9781248323168
9781248323175
9781248323182
9781248323205
9781248323212
9781248323229
9781248323236
9781248323243
9781248323250
9781248323267
9781248323274
9781248323281
9781248323298
9781248323304
9781248323311
9781248323328
9781248323335
9781248323342
9781248323359
9781248323366
9781248323373
9781248323380
9781248323397
9781248323403
9781248323410
9781248323427
9781248323434
9781248323441
9781248323458
9781248323465
9781248323472
9781248323489
9781248323496
9781248323502
9781248323519
9781248323526
9781248323533
9781248323540
9781248323557
9781248323564
9781248323571
9781248323588
9781248323595
9781248323601
9781248323618
9781248323625
9781248323632
9781248323649
9781248323656
9781248323663
9781248323670
9781248323687
9781248323694
9781248323700
9781248323717
9781248323724
9781248323731
9781248323748
9781248323755
9781248323762
9781248323779
9781248323786
9781248323793
9781248323809
9781248323816
9781248323823
9781248323830
9781248323847
9781248323854
9781248323861
9781248323878
9781248323885
9781248323892
9781248323908
9781248323915
9781248323922
9781248323939
9781248323946
9781248323953
9781248323960
9781248323977
9781248323984
9781248323991
9781248324004
9781248324011
9781248324028
9781248324035
9781248324042
9781248324059
9781248324066
9781248324073
9781248324080
9781248324097
9781248324103
9781248324110
9781248324127
9781248324134
9781248324141
9781248324158
9781248324165
9781248324172
9781248324189
9781248324196
9781248324202
9781248324219
9781248324226
9781248324233
9781248324240
9781248324257
9781248324264
9781248324271
9781248324288
9781248324295
9781248324301
9781248324318
9781248324325
9781248324332
9781248324349
9781248324356
9781248324363
9781248324370
9781248324387
9781248324394
9781248324400
9781248324417
9781248324424
9781248324431
9781248324448
9781248324455
9781248324479
9781248324486
9781248324509
9781248324516
9781248324523
9781248324530
9781248324547
9781248324554
9781248324561
9781248324578
9781248324585
9781248324592
9781248324608
9781248324615
9781248324622
9781248324639
9781248324646
9781248324653
9781248324660
9781248324677
9781248324684
9781248324691
9781248324707
9781248324714
9781248324721
9781248324738
9781248324745
9781248324752
9781248324769
9781248324776
9781248324783
9781248324790
9781248324806
9781248324813
9781248324820
9781248324844
9781248324851
9781248324868
9781248324875
9781248324882
9781248324899
9781248324905
9781248324912
9781248324929
9781248324936
9781248324950
9781248324967
9781248324974
9781248324981
9781248324998
9781248325001
9781248325018
9781248325025
9781248325032
9781248325049
9781248325056
9781248325063
9781248325070
9781248325087
9781248325094
9781248325100
9781248325117
9781248325124
9781248325131
9781248325148
9781248325155
9781248325162
9781248325179
9781248325186
9781248325193
9781248325209
9781248325216
9781248325223
9781248325230
9781248325247
9781248325254
9781248325261
9781248325278
9781248325285
9781248325292
9781248325308
9781248325315
9781248325322
9781248325339
9781248325346
9781248325353
9781248325360
9781248325377
9781248325384
9781248325391
9781248325407
9781248325414
9781248325421
9781248325438
9781248325445
9781248325452
9781248325469
9781248325476
9781248325483
9781248325490
9781248325506
9781248325513
9781248325520
9781248325537
9781248325544
9781248325551
9781248325568
9781248325575
9781248325582
9781248325599
9781248325605
9781248325612
9781248325629
9781248325636
9781248325643
9781248325650
9781248325667
9781248325674
9781248325681
9781248325698
9781248325704
9781248325711
9781248325728
9781248325735
9781248325742
9781248325759
9781248325766
9781248325773
9781248325780
9781248325797
9781248325803
9781248325810
9781248325827
9781248325834
9781248325841
9781248325858
9781248325865
9781248325872
9781248325889
9781248325896
9781248325902
9781248325919
9781248325926
9781248325933
9781248325940
9781248325957
9781248325964
9781248325971
9781248325988
9781248325995
9781248326008
9781248326015
9781248326022
9781248326039
9781248326046
9781248326053
9781248326060
9781248326077
9781248326084
9781248326091
9781248326107
9781248326114
9781248326121
9781248326138
9781248326145
9781248326152
9781248326169
9781248326176
9781248326183
9781248326190
9781248326206
9781248326213
9781248326220
9781248326237
9781248326244
9781248326251
9781248326268
9781248326275
9781248326282
9781248326299
9781248326305
9781248326312
9781248326329
9781248326336
9781248326343
9781248326367
9781248326374
9781248326381
9781248326398
9781248326404
9781248326411
9781248326428
9781248326435
9781248326442
9781248326459
9781248326466
9781248326473
9781248326480
9781248326497
9781248326503
9781248326510
9781248326527
9781248326534
9781248326541
9781248326558
9781248326565
9781248326572
9781248326589
9781248326596
9781248326602
9781248326619
9781248326626
9781248326633
9781248326640
9781248326657
9781248326664
9781248326671
9781248326688
9781248326695
9781248326701
9781248326718
9781248326725
9781248326732
9781248326749
9781248326756
9781248326763
9781248326770
9781248326787
9781248326794
9781248326800
9781248326817
9781248326824
9781248326831
9781248326848
9781248326855
9781248326862
9781248326879
9781248326886
9781248326893
9781248326909
9781248326916
9781248326923
9781248326930
9781248326947
9781248326954
9781248326961
9781248326978
9781248326985
9781248326992
9781248327005
9781248327012
9781248327029
9781248327036
9781248327043
9781248327050
9781248327067
9781248327074
9781248327081
9781248327098
9781248327104
9781248327111
9781248327128
9781248327135
9781248327142
9781248327159
9781248327166
9781248327173
9781248327180
9781248327197
9781248327203
9781248327210
9781248327227
9781248327234
9781248327241
9781248327258
9781248327265
9781248327272
9781248327289
9781248327296
9781248327302
9781248327319
9781248327326
9781248327333
9781248327340
9781248327357
9781248327364
9781248327371
9781248327388
9781248327395
9781248327401
9781248327418
9781248327425
9781248327432
9781248327449
9781248327456
9781248327463
9781248327470
9781248327487
9781248327494
9781248327500
9781248327517
9781248327524
9781248327531
9781248327548
9781248327555
9781248327562
9781248327579
9781248327586
9781248327593
9781248327609
9781248327616
9781248327623
9781248327630
9781248327647
9781248327654
9781248327661
9781248327678
9781248327685
9781248327692
9781248327708
9781248327715
9781248327722
9781248327739
9781248327746
9781248327753
9781248327760
9781248327777
9781248327784
9781248327791
9781248327807
9781248327814
9781248327821
9781248327838
9781248327845
9781248327852
9781248327869
9781248327876
9781248327883
9781248327890
9781248327906
9781248327913
9781248327920
9781248327937
9781248327944
9781248327968
9781248327975
9781248327982
9781248327999
9781248328002
9781248328019
9781248328026
9781248328033
9781248328040
9781248328057
9781248328064
9781248328071
9781248328088
9781248328095
9781248328101
9781248328118
9781248328125
9781248328132
9781248328149
9781248328156
9781248328163
9781248328170
9781248328187
9781248328194
9781248328200
9781248328217
9781248328224
9781248328231
9781248328248
9781248328255
9781248328262
9781248328279
9781248328286
9781248328293
9781248328309
9781248328316
9781248328323
9781248328330
9781248328354
9781248328361
9781248328378
9781248328385
9781248328392
9781248328408
9781248328415
9781248328422
9781248328439
9781248328446
9781248328453
9781248328460
9781248328477
9781248328491
9781248328507
9781248328514
9781248328521
9781248328538
9781248328545
9781248328552
9781248328569
9781248328576
9781248328583
9781248328590
9781248328606
9781248328613
9781248328620
9781248328637
9781248328644
9781248328651
9781248328668
9781248328675
9781248328682
9781248328699
9781248328705
9781248328712
9781248328729
9781248328736
9781248328743
9781248328750
9781248328767
9781248328774
9781248328781
9781248328798
9781248328804
9781248328811
9781248328828
9781248328835
9781248328842
9781248328859
9781248328873
9781248328880
9781248328897
9781248328903
9781248328910
9781248328927
9781248328934
9781248328941
9781248328958
9781248328965
9781248328972
9781248328989
9781248328996
9781248329009
9781248329016
9781248329023
9781248329030
9781248329047
9781248329054
9781248329061
9781248329078
9781248329085
9781248329092
9781248329108
9781248329115
9781248329122
9781248329139
9781248329146
9781248329153
9781248329160
9781248329177
9781248329184
9781248329191
9781248329207
9781248329214
9781248329238
9781248329245
9781248329252
9781248329269
9781248329276
9781248329290
9781248329306
9781248329313
9781248329320
9781248329337
9781248329344
9781248329351
9781248329368
9781248329375
9781248329382
9781248329399
9781248329405
9781248329412
9781248329429
9781248329436
9781248329443
9781248329450
9781248329467
9781248329474
9781248329481
9781248329498
9781248329504
9781248329511
9781248329528
9781248329535
9781248329542
9781248329559
9781248329566
9781248329573
9781248329580
9781248329597
9781248329603
9781248329610
9781248329627
9781248329634
9781248329641
9781248329658
9781248329665
9781248329672
9781248329689
9781248329696
9781248329702
9781248329719
9781248329726
9781248329733
9781248329740
9781248329757
9781248329764
9781248329771
9781248329788
9781248329795
9781248329801
9781248329818
9781248329825
9781248329832
9781248329849
9781248329856
9781248329863
9781248329870
9781248329887
9781248329894
9781248329900
9781248329917
9781248329924
9781248329931
9781248329948
9781248329955
9781248329962
9781248329979
9781248329986
9781248329993
9781248330005
9781248330012
9781248330029
9781248330036
9781248330043
9781248330050
9781248330067
9781248330074
9781248330081
9781248330098
9781248330104
9781248330111
9781248330128
9781248330135
9781248330142
9781248330159
9781248330166
9781248330173
9781248330180
9781248330197
9781248330203
9781248330210
9781248330227
9781248330234
9781248330241
9781248330258
9781248330265
9781248330272
9781248330289
9781248330296
9781248330302
9781248330319
9781248330326
9781248330333
9781248330340
9781248330357
9781248330364
9781248330371
9781248330388
9781248330395
9781248330401
9781248330418
9781248330425
9781248330432
9781248330449
9781248330456
9781248330463
9781248330470
9781248330487
9781248330494
9781248330500
9781248330517
9781248330524
9781248330531
9781248330548
9781248330555
9781248330562
9781248330579
9781248330586
9781248330593
9781248330609
9781248330616
9781248330623
9781248330630
9781248330647
9781248330654
9781248330661
9781248330678
9781248330685
9781248330692
9781248330708
9781248330715
9781248330722
9781248330739
9781248330753
9781248330760
9781248330777
9781248330784
9781248330791
9781248330807
9781248330814
9781248330821
9781248330838
9781248330845
9781248330852
9781248330869
9781248330876
9781248330883
9781248330890
9781248330906
9781248330913
9781248330920
9781248330937
9781248330944
9781248330951
9781248330968
9781248330975
9781248330982
9781248330999
9781248331002
9781248331019
9781248331026
9781248331033
9781248331040
9781248331057
9781248331064
9781248331071
9781248331088
9781248331095
9781248331101
9781248331118
9781248331125
9781248331132
9781248331149
9781248331156
9781248331163
9781248331170
9781248331187
9781248331194
9781248331200
9781248331217
9781248331224
9781248331231
9781248331248
9781248331255
9781248331262
9781248331286
9781248331293
9781248331309
9781248331316
9781248331323
9781248331330
9781248331347
9781248331354
9781248331361
9781248331385
9781248331392
9781248331408
9781248331415
9781248331422
9781248331439
9781248331453
9781248331460
9781248331477
9781248331484
9781248331491
9781248331507
9781248331514
9781248331521
9781248331538
9781248331545
9781248331552
9781248331569
9781248331576
9781248331583
9781248331590
9781248331606
9781248331613
9781248331620
9781248331637
9781248331644
9781248331651
9781248331668
9781248331675
9781248331682
9781248331699
9781248331705
9781248331712
9781248331729
9781248331736
9781248331743
9781248331750
9781248331767
9781248331774
9781248331781
9781248331798
9781248331804
9781248331811
9781248331828
9781248331835
9781248331842
9781248331859
9781248331866
9781248331873
9781248331880
9781248331897
9781248331903
9781248331910
9781248331927
9781248331934
9781248331941
9781248331958
9781248331965
9781248331972
9781248331989
9781248331996
9781248332009
9781248332016
9781248332023
9781248332030
9781248332047
9781248332054
9781248332061
9781248332078
9781248332085
9781248332092
9781248332108
9781248332115
9781248332122
9781248332139
9781248332146
9781248332153
9781248332160
9781248332177
9781248332184
9781248332191
9781248332207
9781248332214
9781248332221
9781248332238
9781248332245
9781248332252
9781248332269
9781248332276
9781248332283
9781248332290
9781248332306
9781248332313
9781248332320
9781248332337
9781248332344
9781248332351
9781248332368
9781248332375
9781248332382
9781248332399
9781248332405
9781248332412
9781248332429
9781248332436
9781248332443
9781248332450
9781248332467
9781248332474
9781248332498
9781248332504
9781248332511
9781248332528
9781248332535
9781248332542
9781248332559
9781248332566
9781248332573
9781248332580
9781248332597
9781248332603
9781248332610
9781248332627
9781248332634
9781248332641
9781248332658
9781248332665
9781248332672
9781248332689
9781248332702
9781248332719
9781248332726
9781248332733
9781248332740
9781248332757
9781248332764
9781248332771
9781248332788
9781248332795
9781248332801
9781248332818
9781248332825
9781248332832
9781248332849
9781248332856
9781248332863
9781248332870
9781248332887
9781248332894
9781248332900
9781248332917
9781248332924
9781248332931
9781248332948
9781248332955
9781248332962
9781248332979
9781248332986
9781248332993
9781248333006
9781248333013
9781248333020
9781248333037
9781248333044
9781248333051
9781248333068
9781248333075
9781248333082
9781248333099
9781248333105
9781248333112
9781248333129
9781248333136
9781248333143
9781248333150
9781248333167
9781248333174
9781248333181
9781248333198
9781248333204
9781248333211
9781248333228
9781248333235
9781248333242
9781248333259
9781248333266
9781248333273
9781248333280
9781248333297
9781248333303
9781248333310
9781248333327
9781248333334
9781248333341
9781248333358
9781248333365
9781248333372
9781248333389
9781248333396
9781248333402
9781248333419
9781248333426
9781248333433
9781248333440
9781248333457
9781248333464
9781248333471
9781248333495
9781248333518
9781248333525
9781248333532
9781248333549
9781248333556
9781248333563
9781248333570
9781248333587
9781248333594
9781248333600
9781248333617
9781248333624
9781248333631
9781248333648
9781248333655
9781248333662
9781248333679
9781248333686
9781248333693
9781248333709
9781248333716
9781248333723
9781248333730
9781248333747
9781248333754
9781248333761
9781248333785
9781248333792
9781248333808
9781248333815
9781248333822
9781248333839
9781248333846
9781248333853
9781248333877
9781248333884
9781248333891
9781248333907
9781248333914
9781248333921
9781248333938
9781248333945
9781248333952
9781248333969
9781248333976
9781248333983
9781248333990
9781248334003
9781248334010
9781248334027
9781248334034
9781248334041
9781248334058
9781248334065
9781248334072
9781248334089
9781248334096
9781248334102
9781248334119
9781248334126
9781248334133
9781248334140
9781248334157
9781248334164
9781248334171
9781248334188
9781248334195
9781248334201
9781248334218
9781248334225
9781248334232
9781248334249
9781248334256
9781248334263
9781248334270
9781248334294
9781248334300
9781248334317
9781248334324
9781248334331
9781248334348
9781248334355
9781248334362
9781248334379
9781248334386
9781248334393
9781248334409
9781248334416
9781248334423
9781248334430
9781248334447
9781248334454
9781248334461
9781248334478
9781248334485
9781248334492
9781248334508
9781248334515
9781248334522
9781248334539
9781248334546
9781248334560
9781248334577
9781248334584
9781248334591
9781248334607
9781248334614
9781248334621
9781248334645
9781248334652
9781248334669
9781248334676
9781248334683
9781248334690
9781248334706
9781248334713
9781248334720
9781248334737
9781248334744
9781248334751
9781248334768
9781248334775
9781248334805
9781248334812
9781248334829
9781248334836
9781248334843
9781248334850
9781248334867
9781248334874
9781248334881
9781248334898
9781248334904
9781248334911
9781248334928
9781248334935
9781248334942
9781248334959
9781248334966
9781248334973
9781248334980
9781248334997
9781248335000
9781248335017
9781248335024
9781248335031
9781248335048
9781248335055
9781248335062
9781248335079
9781248335086
9781248335093
9781248335109
9781248335116
9781248335123
9781248335130
9781248335147
9781248335154
9781248335161
9781248335178
9781248335185
9781248335192
9781248335208
9781248335215
9781248335222
9781248335239
9781248335246
9781248335253
9781248335260
9781248335277
9781248335291
9781248335307
9781248335314
9781248335321
9781248335338
9781248335345
9781248335352
9781248335369
9781248335376
9781248335383
9781248335390
9781248335406
9781248335413
9781248335420
9781248335437
9781248335444
9781248335451
9781248335468
9781248335475
9781248335482
9781248335499
9781248335505
9781248335512
9781248335529
9781248335536
9781248335543
9781248335550
9781248335567
9781248335574
9781248335581
9781248335598
9781248335604
9781248335611
9781248335628
9781248335635
9781248335642
9781248335659
9781248335666
9781248335673
9781248335680
9781248335697
9781248335703
9781248335710
9781248335727
9781248335734
9781248335741
9781248335758
9781248335765
9781248335772
9781248335789
9781248335796
9781248335802
9781248335819
9781248335826
9781248335833
9781248335840
9781248335857
9781248335871
9781248335888
9781248335895
9781248335901
9781248335918
9781248335925
9781248335932
9781248335949
9781248335956
9781248335963
9781248335970
9781248335987
9781248335994
9781248336007
9781248336014
9781248336021
9781248336038
9781248336045
9781248336052
9781248336069
9781248336076
9781248336083
9781248336090
9781248336106
9781248336113
9781248336120
9781248336137
9781248336144
9781248336151
9781248336168
9781248336175
9781248336182
9781248336199
9781248336205
9781248336212
9781248336229
9781248336236
9781248336243
9781248336250
9781248336267
9781248336281
9781248336298
9781248336304
9781248336311
9781248336328
9781248336335
9781248336342
9781248336359
9781248336366
9781248336373
9781248336380
9781248336397
9781248336403
9781248336410
9781248336427
9781248336434
9781248336441
9781248336458
9781248336472
9781248336489
9781248336496
9781248336502
9781248336519
9781248336526
9781248336533
9781248336540
9781248336557
9781248336564
9781248336571
9781248336588
9781248336595
9781248336601
9781248336618
9781248336625
9781248336632
9781248336649
9781248336656
9781248336663
9781248336670
9781248336687
9781248336694
9781248336700
9781248336717
9781248336724
9781248336731
9781248336748
9781248336755
9781248336762
9781248336779
9781248336786
9781248336793
9781248336809
9781248336816
9781248336823
9781248336830
9781248336847
9781248336854
9781248336878
9781248336885
9781248336892
9781248336908
9781248336915
9781248336922
9781248336939
9781248336946
9781248336953
9781248336960
9781248336977
9781248336984
9781248336991
9781248337004
9781248337011
9781248337035
9781248337059
9781248337066
9781248337073
9781248337080
9781248337097
9781248337103
9781248337110
9781248337127
9781248337134
9781248337141
9781248337158
9781248337165
9781248337172
9781248337189
9781248337196
9781248337202
9781248337219
9781248337226
9781248337233
9781248337240
9781248337257
9781248337264
9781248337271
9781248337288
9781248337295
9781248337301
9781248337318
9781248337325
9781248337349
9781248337356
9781248337363
9781248337370
9781248337387
9781248337394
9781248337400
9781248337417
9781248337424
9781248337431
9781248337448
9781248337455
9781248337462
9781248337479
9781248337486
9781248337493
9781248337509
9781248337516
9781248337523
9781248337530
9781248337547
9781248337554
9781248337561
9781248337578
9781248337585
9781248337592
9781248337608
9781248337615
9781248337622
9781248337639
9781248337646
9781248337653
9781248337660
9781248337677
9781248337684
9781248337691
9781248337707
9781248337714
9781248337721
9781248337738
9781248337745
9781248337752
9781248337769
9781248337776
9781248337783
9781248337790
9781248337806
9781248337813
9781248337820
9781248337837
9781248337844
9781248337851
9781248337868
9781248337875
9781248337882
9781248337899
9781248337905
9781248337912
9781248337929
9781248337943
9781248337950
9781248337967
9781248337974
9781248337998
9781248338001
9781248338018
9781248338025
9781248338032
9781248338049
9781248338056
9781248338063
9781248338070
9781248338087
9781248338100
9781248338117
9781248338124
9781248338131
9781248338148
9781248338155
9781248338162
9781248338179
9781248338186
9781248338193
9781248338209
9781248338216
9781248338223
9781248338230
9781248338247
9781248338254
9781248338261
9781248338278
9781248338285
9781248338292
9781248338308
9781248338315
9781248338322
9781248338339
9781248338346
9781248338353
9781248338360
9781248338377
9781248338384
9781248338391
9781248338407
9781248338414
9781248338421
9781248338438
9781248338445
9781248338452
9781248338469
9781248338476
9781248338483
9781248338490
9781248338506
9781248338513
9781248338520
9781248338537
9781248338544
9781248338551
9781248338568
9781248338575
9781248338582
9781248338599
9781248338605
9781248338629
9781248338636
9781248338643
9781248338650
9781248338667
9781248338674
9781248338681
9781248338698
9781248338704
9781248338711
9781248338728
9781248338735
9781248338742
9781248338759
9781248338766
9781248338773
9781248338780
9781248338797
9781248338803
9781248338810
9781248338827
9781248338834
9781248338841
9781248338858
9781248338872
9781248338889
9781248338896
9781248338902
9781248338919
9781248338926
9781248338933
9781248338940
9781248338957
9781248338964
9781248338971
9781248338988
9781248338995
9781248339008
9781248339015
9781248339022
9781248339039
9781248339046
9781248339053
9781248339060
9781248339077
9781248339091
9781248339107
9781248339114
9781248339121
9781248339138
9781248339145
9781248339152
9781248339169
9781248339183
9781248339190
9781248339206
9781248339213
9781248339220
9781248339237
9781248339244
9781248339251
9781248339268
9781248339275
9781248339282
9781248339299
9781248339305
9781248339312
9781248339336
9781248339343
9781248339350
9781248339367
9781248339374
9781248339381
9781248339398
9781248339404
9781248339411
9781248339428
9781248339435
9781248339442
9781248339459
9781248339466
9781248339473
9781248339480
9781248339497
9781248339503
9781248339510
9781248339527
9781248339541
9781248339558
9781248339565
9781248339572
9781248339589
9781248339596
9781248339602
9781248339619
9781248339626
9781248339633
9781248339640
9781248339657
9781248339664
9781248339671
9781248339688
9781248339695
9781248339701
9781248339718
9781248339725
9781248339732
9781248339749
9781248339756
9781248339763
9781248339770
9781248339787
9781248339794
9781248339800
9781248339817
9781248339824
9781248339831
9781248339848
9781248339855
9781248339862
9781248339879
9781248339886
9781248339893
9781248339909
9781248339916
9781248339923
9781248339930
9781248339947
9781248339954
9781248339978
9781248339985
9781248339992
9781248340004
9781248340011
9781248340028
9781248340042
9781248340059
9781248340066
9781248340073
9781248340080
9781248340097
9781248340103
9781248340110
9781248340127
9781248340141
9781248340158
9781248340165
9781248340172
9781248340189
9781248340196
9781248340202
9781248340219
9781248340226
9781248340233
9781248340240
9781248340257
9781248340264
9781248340271
9781248340288
9781248340295
9781248340301
9781248340318
9781248340325
9781248340332
9781248340349
9781248340356
9781248340363
9781248340370
9781248340387
9781248340394
9781248340400
9781248340417
9781248340424
9781248340431
9781248340448
9781248340455
9781248340462
9781248340479
9781248340486
9781248340493
9781248340509
9781248340516
9781248340523
9781248340530
9781248340547
9781248340554
9781248340561
9781248340578
9781248340585
9781248340592
9781248340608
9781248340615
9781248340622
9781248340639
9781248340646
9781248340653
9781248340660
9781248340677
9781248340684
9781248340691
9781248340707
9781248340714
9781248340721
9781248340738
9781248340745
9781248340752
9781248340769
9781248340776
9781248340783
9781248340790
9781248340806
9781248340813
9781248340820
9781248340837
9781248340844
9781248340851
9781248340868
9781248340875
9781248340882
9781248340899
9781248340905
9781248340912
9781248340929
9781248340936
9781248340943
9781248340950
9781248340967
9781248340974
9781248340981
9781248340998
9781248341001
9781248341018
9781248341025
9781248341032
9781248341049
9781248341056
9781248341070
9781248341087
9781248341094
9781248341100
9781248341117
9781248341124
9781248341131
9781248341148
9781248341155
9781248341162
9781248341179
9781248341186
9781248341193
9781248341209
9781248341216
9781248341223
9781248341230
9781248341247
9781248341254
9781248341261
9781248341278
9781248341285
9781248341292
9781248341308
9781248341315
9781248341322
9781248341339
9781248341346
9781248341353
9781248341360
9781248341377
9781248341384
9781248341391
9781248341407
9781248341414
9781248341421
9781248341438
9781248341445
9781248341452
9781248341469
9781248341476
9781248341483
9781248341490
9781248341506
9781248341513
9781248341520
9781248341537
9781248341544
9781248341551
9781248341568
9781248341575
9781248341582
9781248341599
9781248341605
9781248341612
9781248341629
9781248341636
9781248341643
9781248341650
9781248341667
9781248341674
9781248341681
9781248341698
9781248341704
9781248341711
9781248341728
9781248341735
9781248341742
9781248341759
9781248341766
9781248341773
9781248341780
9781248341797
9781248341803
9781248341810
9781248341827
9781248341834
9781248341841
9781248341858
9781248341865
9781248341872
9781248341889
9781248341896
9781248341902
9781248341919
9781248341926
9781248341933
9781248341940
9781248341957
9781248341964
9781248341971
9781248341988
9781248341995
9781248342008
9781248342015
9781248342022
9781248342039
9781248342046
9781248342053
9781248342060
9781248342077
9781248342084
9781248342091
9781248342107
9781248342114
9781248342121
9781248342138
9781248342145
9781248342152
9781248342169
9781248342183
9781248342190
9781248342206
9781248342213
9781248342220
9781248342237
9781248342244
9781248342251
9781248342268
9781248342282
9781248342541
9781248342558
9781248342565
9781248342572
9781248342589
9781248342596
9781248342602
9781248342619
9781248342626
9781248342633
9781248342640
9781248342657
9781248342664
9781248342671
9781248342688
9781248342695
9781248342701
9781248342718
9781248342725
9781248342732
9781248342749
9781248342756
9781248342763
9781248342770
9781248342787
9781248342794
9781248342800
9781248342817
9781248342824
9781248342831
9781248342848
9781248342855
9781248342862
9781248342879
9781248342886
9781248342893
9781248342909
9781248342916
9781248342923
9781248342930
9781248342947
9781248342954
9781248342961
9781248342978
9781248342985
9781248342992
9781248343005
9781248343012
9781248343029
9781248343036
9781248343043
9781248343050
9781248343067
9781248343074
9781248343081
9781248343098
9781248343104
9781248343111
9781248343128
9781248343135
9781248343142
9781248343159
9781248343166
9781248343173
9781248343180
9781248343197
9781248343203
9781248343210
9781248343227
9781248343234
9781248343241
9781248343258
9781248343265
9781248343272
9781248343289
9781248343296
9781248343302
9781248343319
9781248343326
9781248343333
9781248343340
9781248343357
9781248343364
9781248343371
9781248343388
9781248343395
9781248343401
9781248343418
9781248343425
9781248343432
9781248343449
9781248343456
9781248343463
9781248343470
9781248343487
9781248343494
9781248343500
9781248343517
9781248343524
9781248343531
9781248343548
9781248343555
9781248343562
9781248343579
9781248343586
9781248343593
9781248343609
9781248343616
9781248343623
9781248343630
9781248343647
9781248343654
9781248343661
9781248343678
9781248343685
9781248343692
9781248343708
9781248343715
9781248343722
9781248343739
9781248343746
9781248343753
9781248343760
9781248343777
9781248343784
9781248343791
9781248343807
9781248343814
9781248343821
9781248343838
9781248343845
9781248343852
9781248343869
9781248343876
9781248343883
9781248343890
9781248343906
9781248343913
9781248343920
9781248343937
9781248343944
9781248343951
9781248343968
9781248343975
9781248343982
9781248343999
9781248344002
9781248344019
9781248344026
9781248344033
9781248344040
9781248344057
9781248344064
9781248344071
9781248344088
9781248344095
9781248344101
9781248344118
9781248344125
9781248344132
9781248344149
9781248344156
9781248344163
9781248344170
9781248344187
9781248344194
9781248344200
9781248344217
9781248344224
9781248344231
9781248344248
9781248344255
9781248344262
9781248344279
9781248344286
9781248344293
9781248344309
9781248344316
9781248344323
9781248344330
9781248344347
9781248344354
9781248344361
9781248344378
9781248344385
9781248344392
9781248344408
9781248344415
9781248344422
9781248344439
9781248344446
9781248344453
9781248344460
9781248344477
9781248344484
9781248344491
9781248344507
9781248344514
9781248344521
9781248344538
9781248344545
9781248344552
9781248344569
9781248344576
9781248344583
9781248344590
9781248344606
9781248344613
9781248344620
9781248344637
9781248344644
9781248344651
9781248344668
9781248344675
9781248344682
9781248344699
9781248344705
9781248344712
9781248344729
9781248344736
9781248344743
9781248344750
9781248344767
9781248344774
9781248344781
9781248344798
9781248344804
9781248344811
9781248344828
9781248344835
9781248344842
9781248344859
9781248344866
9781248344873
9781248344880
9781248344897
9781248344903
9781248344910
9781248344927
9781248344934
9781248344941
9781248344958
9781248344965
9781248344972
9781248344989
9781248344996
9781248345009
9781248345016
9781248345023
9781248345030
9781248345047
9781248345054
9781248345061
9781248345078
9781248345085
9781248345092
9781248345108
9781248345115
9781248345122
9781248345139
9781248345146
9781248345153
9781248345160
9781248345177
9781248345184
9781248345191
9781248345207
9781248345214
9781248345221
9781248345238
9781248345245
9781248345252
9781248345269
9781248345276
9781248345283
9781248345290
9781248345306
9781248345313
9781248345320
9781248345337
9781248345344
9781248345351
9781248345368
9781248345375
9781248345382
9781248345399
9781248345405
9781248345412
9781248345429
9781248345436
9781248345443
9781248345450
9781248345467
9781248345474
9781248345481
9781248345498
9781248345504
9781248345511
9781248345528
9781248345535
9781248345542
9781248345559
9781248345566
9781248345573
9781248345580
9781248345597
9781248345603
9781248345610
9781248345627
9781248345634
9781248345641
9781248345658
9781248345665
9781248345672
9781248345689
9781248345696
9781248345702
9781248345719
9781248345726
9781248345733
9781248345740
9781248345757
9781248345764
9781248345771
9781248345788
9781248345795
9781248345801
9781248345818
9781248345825
9781248345832
9781248345849
9781248345856
9781248345863
9781248345870
9781248345887
9781248345894
9781248345900
9781248345917
9781248345924
9781248345931
9781248345948
9781248345955
9781248345962
9781248345979
9781248345986
9781248345993
9781248346006
9781248346013
9781248346020
9781248346037
9781248346044
9781248346051
9781248346068
9781248346075
9781248346082
9781248346099
9781248346105
9781248346112
9781248346129
9781248346136
9781248346143
9781248346150
9781248346167
9781248346174
9781248346181
9781248346198
9781248346204
9781248346211
9781248346228
9781248346235
9781248346242
9781248346259
9781248346266
9781248346273
9781248346280
9781248346297
9781248346303
9781248346310
9781248346327
9781248346334
9781248346341
9781248346358
9781248346365
9781248346372
9781248346389
9781248346396
9781248346402
9781248346419
9781248346426
9781248346433
9781248346440
9781248346457
9781248346464
9781248346471
9781248346488
9781248346495
9781248346501
9781248346518
9781248346525
9781248346532
9781248346549
9781248346556
9781248346563
9781248346570
9781248346587
9781248346594
9781248346600
9781248346617
9781248346624
9781248346631
9781248346648
9781248346655
9781248346662
9781248346679
9781248346686
9781248346693
9781248346709
9781248346716
9781248346723
9781248346730
9781248346747
9781248346754
9781248346761
9781248346778
9781248346785
9781248346792
9781248346808
9781248346815
9781248346822
9781248346839
9781248346846
9781248346853
9781248346860
9781248346877
9781248346884
9781248346891
9781248346907
9781248346914
9781248346921
9781248346938
9781248346945
9781248346952
9781248346969
9781248346976
9781248346983
9781248346990
9781248347003
9781248347010
9781248347027
9781248347034
9781248347041
9781248347058
9781248347065
9781248347072
9781248347089
9781248347096
9781248347102
9781248347119
9781248347126
9781248347133
9781248347140
9781248347157
9781248347164
9781248347171
9781248347188
9781248347195
9781248347201
9781248347218
9781248347225
9781248347232
9781248347249
9781248347256
9781248347263
9781248347270
9781248347287
9781248347294
9781248347300
9781248347317
9781248347324
9781248347331
9781248347348
9781248347355
9781248347362
9781248347379
9781248347386
9781248347393
9781248347409
9781248347416
9781248347423
9781248347430
9781248347447
9781248347454
9781248347461
9781248347478
9781248347485
9781248347492
9781248347508
9781248347515
9781248347522
9781248347539
9781248347546
9781248347553
9781248347560
9781248347577
9781248347584
9781248347591
9781248347607
9781248347614
9781248347621
9781248347638
9781248347645
9781248347652
9781248347669
9781248347676
9781248347683
9781248347690
9781248347706
9781248347713
9781248347720
9781248347737
9781248347744
9781248347751
9781248347768
9781248347775
9781248347782
9781248347799
9781248347805
9781248347812
9781248347829
9781248347836
9781248347843
9781248347850
9781248347874
9781248347881
9781248347898
9781248347904
9781248347911
9781248347928
9781248347935
9781248347942
9781248347959
9781248347966
9781248347973
9781248347980
9781248347997
9781248348000
9781248348017
9781248348024
9781248348031
9781248348048
9781248348055
9781248348062
9781248348079
9781248348086
9781248348093
9781248348109
9781248348116
9781248348123
9781248348130
9781248348147
9781248348154
9781248348161
9781248348178
9781248348185
9781248348192
9781248348208
9781248348215
9781248348222
9781248348239
9781248348246
9781248348253
9781248348260
9781248348277
9781248348284
9781248348291
9781248348307
9781248348314
9781248348321
9781248348338
9781248348345
9781248348352
9781248348369
9781248348376
9781248348383
9781248348390
9781248348406
9781248348413
9781248348420
9781248348437
9781248348444
9781248348451
9781248348468
9781248348475
9781248348482
9781248348499
9781248348505
9781248348512
9781248348529
9781248348536
9781248348543
9781248348550
9781248348567
9781248348574
9781248348581
9781248348598
9781248348604
9781248348611
9781248348628
9781248348635
9781248348642
9781248348659
9781248348666
9781248348673
9781248348680
9781248348697
9781248348703
9781248348710
9781248348727
9781248348734
9781248348741
9781248348758
9781248348765
9781248348772
9781248348789
9781248348796
9781248348802
9781248348819
9781248348826
9781248348833
9781248348840
9781248348857
9781248348864
9781248348871
9781248348888
9781248348895
9781248348901
9781248348918
9781248348932
9781248348949
9781248348956
9781248348963
9781248348970
9781248348987
9781248348994
9781248349007
9781248349014
9781248349021
9781248349038
9781248349045
9781248349052
9781248349069
9781248349076
9781248349083
9781248349090
9781248349106
9781248349113
9781248349120
9781248349137
9781248349144
9781248349151
9781248349168
9781248349175
9781248349182
9781248349199
9781248349205
9781248349212
9781248349229
9781248349236
9781248349243
9781248349250
9781248349267
9781248349281
9781248349298
9781248349304
9781248349311
9781248349328
9781248349335
9781248349342
9781248349359
9781248349366
9781248349373
9781248349380
9781248349397
9781248349403
9781248349410
9781248349427
9781248349434
9781248349441
9781248349458
9781248349465
9781248349472
9781248349489
9781248349496
9781248349502
9781248349519
9781248349526
9781248349533
9781248349540
9781248349557
9781248349564
9781248349571
9781248349595
9781248349601
9781248349618
9781248349625
9781248349632
9781248349649
9781248349656
9781248349663
9781248349670
9781248349687
9781248349694
9781248349700
9781248349717
9781248349724
9781248349731
9781248349748
9781248349755
9781248349762
9781248349779
9781248349786
9781248349793
9781248349809
9781248349816
9781248349823
9781248349830
9781248349847
9781248349854
9781248349861
9781248349878
9781248349885
9781248349892
9781248349908
9781248349915
9781248349922
9781248349939
9781248349946
9781248349953
9781248349960
9781248349977
9781248349984
9781248349991
9781248350003
9781248350010
9781248350027
9781248350034
9781248350041
9781248350058
9781248350065
9781248350072
9781248350089
9781248350096
9781248350102
9781248350119
9781248350126
9781248350133
9781248350140
9781248350157
9781248350164
9781248350171
9781248350188
9781248350195
9781248350201
9781248350218
9781248350225
9781248350232
9781248350249
9781248350256
9781248350263
9781248350270
9781248350287
9781248350294
9781248350300
9781248350317
9781248350324
9781248350331
9781248350348
9781248350355
9781248350362
9781248350379
9781248350386
9781248350393
9781248350409
9781248350416
9781248350423
9781248350430
9781248350447
9781248350454
9781248350461
9781248350478
9781248350485
9781248350492
9781248350508
9781248350515
9781248350522
9781248350539
9781248350546
9781248350553
9781248350560
9781248350577
9781248350584
9781248350591
9781248350607
9781248350614
9781248350621
9781248350638
9781248350645
9781248350652
9781248350669
9781248350676
9781248350683
9781248350690
9781248350706
9781248350713
9781248350720
9781248350737
9781248350744
9781248350751
9781248350768
9781248350775
9781248350782
9781248350799
9781248350805
9781248350812
9781248350829
9781248350836
9781248350843
9781248350850
9781248350867
9781248350874
9781248350881
9781248350898
9781248350904
9781248350911
9781248350928
9781248350935
9781248350942
9781248350959
9781248350966
9781248350973
9781248350980
9781248350997
9781248351000
9781248351017
9781248351024
9781248351031
9781248351048
9781248351055
9781248351062
9781248351079
9781248351086
9781248351093
9781248351109
9781248351116
9781248351123
9781248351130
9781248351147
9781248351154
9781248351161
9781248351178
9781248351185
9781248351208
9781248351215
9781248351222
9781248351239
9781248351246
9781248351253
9781248351260
9781248351277
9781248351284
9781248351291
9781248351307
9781248351314
9781248351321
9781248351338
9781248351345
9781248351352
9781248351369
9781248351376
9781248351383
9781248351390
9781248351406
9781248351413
9781248351420
9781248351437
9781248351444
9781248351451
9781248351468
9781248351475
9781248351482
9781248351499
9781248351505
9781248351512
9781248351529
9781248351536
9781248351543
9781248351550
9781248351567
9781248351574
9781248351581
9781248351598
9781248351604
9781248351611
9781248351628
9781248351635
9781248351642
9781248351659
9781248351666
9781248351673
9781248351680
9781248351697
9781248351703
9781248351710
9781248351727
9781248351734
9781248351741
9781248351758
9781248351765
9781248351772
9781248351789
9781248351796
9781248351802
9781248351819
9781248351826
9781248351833
9781248351840
9781248351857
9781248351864
9781248351871
9781248351888
9781248351895
9781248351901
9781248351918
9781248351925
9781248351932
9781248351949
9781248351956
9781248351963
9781248351970
9781248351987
9781248351994
9781248352007
9781248352014
9781248352021
9781248352038
9781248352045
9781248352052
9781248352069
9781248352076
9781248352083
9781248352090
9781248352106
9781248352113
9781248352120
9781248352137
9781248352144
9781248352151
9781248352168
9781248352175
9781248352182
9781248352199
9781248352205
9781248352212
9781248352229
9781248352236
9781248352243
9781248352250
9781248352267
9781248352274
9781248352281
9781248352298
9781248352304
9781248352311
9781248352328
9781248352335
9781248352342
9781248352359
9781248352366
9781248352373
9781248352380
9781248352403
9781248352410
9781248352427
9781248352434
9781248352441
9781248352458
9781248352465
9781248352472
9781248352489
9781248352496
9781248352502
9781248352519
9781248352526
9781248352533
9781248352540
9781248352557
9781248352564
9781248352571
9781248352588
9781248352595
9781248352601
9781248352618
9781248352632
9781248352649
9781248352656
9781248352663
9781248352670
9781248352687
9781248352694
9781248352700
9781248352717
9781248352724
9781248352731
9781248352748
9781248352755
9781248352762
9781248352779
9781248352786
9781248352793
9781248352809
9781248352816
9781248352823
9781248352830
9781248352847
9781248352854
9781248352861
9781248352878
9781248352885
9781248352892
9781248352908
9781248352915
9781248352922
9781248352939
9781248352946
9781248352953
9781248352960
9781248352977
9781248352984
9781248352991
9781248353004
9781248353011
9781248353028
9781248353035
9781248353042
9781248353059
9781248353066
9781248353073
9781248353097
9781248353103
9781248353110
9781248353127
9781248353134
9781248353141
9781248353158
9781248353165
9781248353172
9781248353189
9781248353196
9781248353202
9781248353219
9781248353226
9781248353233
9781248353240
9781248353257
9781248353264
9781248353271
9781248353288
9781248353295
9781248353301
9781248353318
9781248353325
9781248353332
9781248353349
9781248353356
9781248353363
9781248353370
9781248353387
9781248353394
9781248353400
9781248353417
9781248353424
9781248353431
9781248353448
9781248353455
9781248353462
9781248353479
9781248353486
9781248353493
9781248353509
9781248353516
9781248353523
9781248353530
9781248353547
9781248353554
9781248353561
9781248353578
9781248353585
9781248353592
9781248353615
9781248353622
9781248353639
9781248353646
9781248353653
9781248353660
9781248353677
9781248353684
9781248353691
9781248353707
9781248353714
9781248353721
9781248353738
9781248353745
9781248353752
9781248353769
9781248353776
9781248353783
9781248353790
9781248353806
9781248353813
9781248353820
9781248353837
9781248353844
9781248353851
9781248353868
9781248353875
9781248353882
9781248353899
9781248353905
9781248353912
9781248353929
9781248353936
9781248353943
9781248353950
9781248353967
9781248353974
9781248353981
9781248353998
9781248354001
9781248354018
9781248354025
9781248354032
9781248354049
9781248354056
9781248354063
9781248354070
9781248354087
9781248354094
9781248354100
9781248354117
9781248354124
9781248354131
9781248354148
9781248354155
9781248354162
9781248354179
9781248354186
9781248354193
9781248354209
9781248354216
9781248354223
9781248354230
9781248354247
9781248354254
9781248354261
9781248354278
9781248354285
9781248354292
9781248354308
9781248354315
9781248354322
9781248354339
9781248354346
9781248354353
9781248354360
9781248354377
9781248354384
9781248354391
9781248354407
9781248354414
9781248354421
9781248354438
9781248354445
9781248354452
9781248354469
9781248354476
9781248354483
9781248354490
9781248354506
9781248354513
9781248354520
9781248354537
9781248354544
9781248354551
9781248354568
9781248354575
9781248354582
9781248354599
9781248354605
9781248354612
9781248354629
9781248354636
9781248354643
9781248354650
9781248354667
9781248354674
9781248354681
9781248354698
9781248354704
9781248354711
9781248354728
9781248354735
9781248354742
9781248354759
9781248354766
9781248354773
9781248354780
9781248354797
9781248354803
9781248354810
9781248354827
9781248354834
9781248354841
9781248354858
9781248354865
9781248354872
9781248354889
9781248354896
9781248354902
9781248354919
9781248354926
9781248354933
9781248354940
9781248354957
9781248354964
9781248354971
9781248354988
9781248354995
9781248355008
9781248355015
9781248355022
9781248355039
9781248355046
9781248355053
9781248355060
9781248355077
9781248355084
9781248355091
9781248355107
9781248355114
9781248355121
9781248355138
9781248355145
9781248355152
9781248355169
9781248355176
9781248355183
9781248355190
9781248355206
9781248355213
9781248355220
9781248355237
9781248355244
9781248355251
9781248355268
9781248355275
9781248355282
9781248355299
9781248355305
9781248355312
9781248355329
9781248355336
9781248355343
9781248355350
9781248355367
9781248355374
9781248355381
9781248355398
9781248355404
9781248355411
9781248355428
9781248355435
9781248355442
9781248355459
9781248355466
9781248355473
9781248355480
9781248355497
9781248355503
9781248355510
9781248355527
9781248355534
9781248355541
9781248355558
9781248355565
9781248355572
9781248355589
9781248355596
9781248355602
9781248355619
9781248355626
9781248355633
9781248355640
9781248355657
9781248355664
9781248355671
9781248355688
9781248355695
9781248355701
9781248355718
9781248355725
9781248355732
9781248355749
9781248355756
9781248355763
9781248355770
9781248355787
9781248355794
9781248355800
9781248355817
9781248355824
9781248355831
9781248355848
9781248355855
9781248355862
9781248355879
9781248355886
9781248355893
9781248355909
9781248355916
9781248355923
9781248355930
9781248355947
9781248355954
9781248355961
9781248355978
9781248355985
9781248355992
9781248356005
9781248356012
9781248356029
9781248356036
9781248356043
9781248356050
9781248356067
9781248356074
9781248356081
9781248356098
9781248356104
9781248356111
9781248356128
9781248356135
9781248356142
9781248356159
9781248356166
9781248356173
9781248356180
9781248356197
9781248356203
9781248356210
9781248356227
9781248356234
9781248356241
9781248356258
9781248356265
9781248356272
9781248356289
9781248356296
9781248356302
9781248356319
9781248356326
9781248356333
9781248356340
9781248356357
9781248356364
9781248356371
9781248356388
9781248356395
9781248356401
9781248356418
9781248356425
9781248356432
9781248356449
9781248356456
9781248356463
9781248356470
9781248356487
9781248356494
9781248356500
9781248356517
9781248356524
9781248356531
9781248356548
9781248356555
9781248356562
9781248356579
9781248356586
9781248356593
9781248356609
9781248356616
9781248356623
9781248356630
9781248356647
9781248356654
9781248356661
9781248356678
9781248356685
9781248356692
9781248356708
9781248356715
9781248356722
9781248356739
9781248356746
9781248356753
9781248356760
9781248356777
9781248356784
9781248356791
9781248356807
9781248356814
9781248356821
9781248356838
9781248356845
9781248356852
9781248356869
9781248356876
9781248356883
9781248356890
9781248356906
9781248356913
9781248356920
9781248356937
9781248356944
9781248356951
9781248356968
9781248356975
9781248356982
9781248356999
9781248357002
9781248357019
9781248357026
9781248357033
9781248357040
9781248357057
9781248357064
9781248357071
9781248357088
9781248357095
9781248357101
9781248357118
9781248357125
9781248357132
9781248357149
9781248357156
9781248357163
9781248357170
9781248357187
9781248357194
9781248357217
9781248357224
9781248357231
9781248357248
9781248357255
9781248357262
9781248357279
9781248357286
9781248357293
9781248357309
9781248357316
9781248357323
9781248357330
9781248357347
9781248357354
9781248357361
9781248357378
9781248357385
9781248357392
9781248357408
9781248357415
9781248357422
9781248357439
9781248357446
9781248357453
9781248357460
9781248357477
9781248357484
9781248357491
9781248357507
9781248357514
9781248357521
9781248357538
9781248357545
9781248357552
9781248357569
9781248357576
9781248357583
9781248357590
9781248357606
9781248357613
9781248357620
9781248357637
9781248357644
9781248357651
9781248357668
9781248357675
9781248357682
9781248357699
9781248357705
9781248357712
9781248357729
9781248357736
9781248357743
9781248357750
9781248357767
9781248357774
9781248357781
9781248357798
9781248357804
9781248357811
9781248357828
9781248357835
9781248357842
9781248357859
9781248357866
9781248357873
9781248357880
9781248357897
9781248357903
9781248357910
9781248357927
9781248357934
9781248357941
9781248357958
9781248357965
9781248357972
9781248357989
9781248357996
9781248358009
9781248358016
9781248358023
9781248358030
9781248358047
9781248358054
9781248358061
9781248358078
9781248358085
9781248358092
9781248358108
9781248358115
9781248358122
9781248358139
9781248358146
9781248358153
9781248358160
9781248358177
9781248358184
9781248358191
9781248358207
9781248358214
9781248358221
9781248358238
9781248358245
9781248358252
9781248358269
9781248358276
9781248358283
9781248358290
9781248358306
9781248358313
9781248358320
9781248358337
9781248358344
9781248358351
9781248358368
9781248358375
9781248358382
9781248358399
9781248358405
9781248358412
9781248358429
9781248358436
9781248358443
9781248358450
9781248358467
9781248358474
9781248358481
9781248358498
9781248358504
9781248358511
9781248358528
9781248358535
9781248358542
9781248358559
9781248358566
9781248358573
9781248358580
9781248358597
9781248358603
9781248358610
9781248358627
9781248358634
9781248358641
9781248358658
9781248358665
9781248358672
9781248358689
9781248358696
9781248358702
9781248358719
9781248358726
9781248358733
9781248358740
9781248358757
9781248358764
9781248358771
9781248358788
9781248358795
9781248358801
9781248358818
9781248358825
9781248358832
9781248358849
9781248358856
9781248358863
9781248358870
9781248358887
9781248358894
9781248358900
9781248358917
9781248358924
9781248358931
9781248358948
9781248358955
9781248358962
9781248358979
9781248358986
9781248358993
9781248359006
9781248359013
9781248359020
9781248359037
9781248359044
9781248359051
9781248359068
9781248359075
9781248359082
9781248359099
9781248359105
9781248359112
9781248359129
9781248359136
9781248359143
9781248359150
9781248359167
9781248359174
9781248359181
9781248359198
9781248359204
9781248359211
9781248359228
9781248359235
9781248359242
9781248359259
9781248359266
9781248359273
9781248359280
9781248359297
9781248359303
9781248359310
9781248359327
9781248359334
9781248359341
9781248359358
9781248359365
9781248359372
9781248359389
9781248359396
9781248359402
9781248359419
9781248359426
9781248359433
9781248359440
9781248359457
9781248359464
9781248359471
9781248359488
9781248359495
9781248359501
9781248359518
9781248359525
9781248359532
9781248359549
9781248359556
9781248359563
9781248359570
9781248359587
9781248359594
9781248359600
9781248359617
9781248359624
9781248359631
9781248359648
9781248359655
9781248359662
9781248359679
9781248359686
9781248359693
9781248359709
9781248359716
9781248359723
9781248359730
9781248359747
9781248359754
9781248359761
9781248359778
9781248359785
9781248359792
9781248359808
9781248359815
9781248359822
9781248359839
9781248359846
9781248359853
9781248359860
9781248359877
9781248359884
9781248359891
9781248359907
9781248359914
9781248359921
9781248359938
9781248359945
9781248359952
9781248359969
9781248359983
9781248359990
9781248360002
9781248360019
9781248360026
9781248360033
9781248360040
9781248360057
9781248360064
9781248360071
9781248360088
9781248360095
9781248360101
9781248360118
9781248360125
9781248360132
9781248360149
9781248360156
9781248360163
9781248360170
9781248360187
9781248360194
9781248360200
9781248360217
9781248360224
9781248360231
9781248360248
9781248360255
9781248360262
9781248360279
9781248360286
9781248360293
9781248360309
9781248360316
9781248360323
9781248360330
9781248360347
9781248360354
9781248360361
9781248360378
9781248360385
9781248360392
9781248360408
9781248360415
9781248360422
9781248360439
9781248360446
9781248360453
9781248360460
9781248360477
9781248360484
9781248360507
9781248360514
9781248360521
9781248360538
9781248360545
9781248360552
9781248360569
9781248360576
9781248360583
9781248360590
9781248360606
9781248360613
9781248360620
9781248360637
9781248360644
9781248360651
9781248360668
9781248360675
9781248360682
9781248360699
9781248360705
9781248360712
9781248360729
9781248360736
9781248360743
9781248360750
9781248360767
9781248360774
9781248360781
9781248360798
9781248360804
9781248360811
9781248360828
9781248360835
9781248360842
9781248360859
9781248360866
9781248360873
9781248360880
9781248360897
9781248360903
9781248360910
9781248360927
9781248360934
9781248360941
9781248360958
9781248360965
9781248360972
9781248360989
9781248360996
9781248361009
9781248361016
9781248361023
9781248361030
9781248361047
9781248361054
9781248361061
9781248361078
9781248361085
9781248361092
9781248361108
9781248361115
9781248361122
9781248361139
9781248361146
9781248361153
9781248361160
9781248361177
9781248361184
9781248361191
9781248361207
9781248361214
9781248361221
9781248361238
9781248361245
9781248361252
9781248361269
9781248361276
9781248361283
9781248361290
9781248361306
9781248361313
9781248361320
9781248361337
9781248361344
9781248361351
9781248361368
9781248361375
9781248361382
9781248361399
9781248361405
9781248361412
9781248361429
9781248361436
9781248361443
9781248361450
9781248361467
9781248361474
9781248361481
9781248361498
9781248361504
9781248361511
9781248361528
9781248361535
9781248361542
9781248361559
9781248361566
9781248361573
9781248361580
9781248361597
9781248361603
9781248361610
9781248361627
9781248361634
9781248361641
9781248361658
9781248361665
9781248361672
9781248361689
9781248361696
9781248361702
9781248361719
9781248361726
9781248361733
9781248361740
9781248361757
9781248361764
9781248361771
9781248361788
9781248361795
9781248361801
9781248361818
9781248361825
9781248361832
9781248361849
9781248361856
9781248361863
9781248361870
9781248361887
9781248361894
9781248361900
9781248361917
9781248361924
9781248361931
9781248361948
9781248361955
9781248361962
9781248361979
9781248361986
9781248361993
9781248362006
9781248362013
9781248362020
9781248362037
9781248362044
9781248362051
9781248362068
9781248362075
9781248362082
9781248362099
9781248362105
9781248362112
9781248362129
9781248362136
9781248362143
9781248362150
9781248362167
9781248362174
9781248362181
9781248362198
9781248362204
9781248362211
9781248362228
9781248362235
9781248362242
9781248362259
9781248362266
9781248362273
9781248362280
9781248362297
9781248362303
9781248362310
9781248362327
9781248362334
9781248362341
9781248362358
9781248362365
9781248362372
9781248362389
9781248362396
9781248362402
9781248362419
9781248362426
9781248362433
9781248362440
9781248362457
9781248362464
9781248362471
9781248362488
9781248362495
9781248362501
9781248362518
9781248362525
9781248362532
9781248362549
9781248362556
9781248362563
9781248362570
9781248362587
9781248362594
9781248362600
9781248362617
9781248362624
9781248362631
9781248362648
9781248362655
9781248362662
9781248362679
9781248362686
9781248362693
9781248362709
9781248362716
9781248362723
9781248362730
9781248362747
9781248362754
9781248362761
9781248362778
9781248362785
9781248362808
9781248362815
9781248362822
9781248362839
9781248362846
9781248362853
9781248362860
9781248362877
9781248362884
9781248362891
9781248362907
9781248362914
9781248362921
9781248362938
9781248362945
9781248362952
9781248362969
9781248362976
9781248362983
9781248362990
9781248363003
9781248363010
9781248363027
9781248363034
9781248363041
9781248363058
9781248363065
9781248363072
9781248363089
9781248363096
9781248363102
9781248363119
9781248363126
9781248363133
9781248363140
9781248363157
9781248363164
9781248363171
9781248363188
9781248363195
9781248363201
9781248363218
9781248363225
9781248363232
9781248363249
9781248363256
9781248363263
9781248363270
9781248363287
9781248363294
9781248363300
9781248363317
9781248363324
9781248363331
9781248363348
9781248363355
9781248363362
9781248363379
9781248363386
9781248363393
9781248363409
9781248363416
9781248363430
9781248363447
9781248363454
9781248363461
9781248363478
9781248363485
9781248363492
9781248363508
9781248363515
9781248363522
9781248363539
9781248363546
9781248363553
9781248363560
9781248363577
9781248363584
9781248363591
9781248363607
9781248363614
9781248363621
9781248363638
9781248363645
9781248363652
9781248363669
9781248363676
9781248363683
9781248363690
9781248363706
9781248363713
9781248363720
9781248363737
9781248363744
9781248363751
9781248363768
9781248363775
9781248363782
9781248363799
9781248363805
9781248363812
9781248363829
9781248363836
9781248363843
9781248363850
9781248363867
9781248363874
9781248363881
9781248363898
9781248363904
9781248363911
9781248363928
9781248363935
9781248363942
9781248363959
9781248363966
9781248363973
9781248363980
9781248363997
9781248364000
9781248364017
9781248364024
9781248364031
9781248364048
9781248364055
9781248364062
9781248364079
9781248364086
9781248364093
9781248364109
9781248364116
9781248364123
9781248364130
9781248364147
9781248364154
9781248364161
9781248364178
9781248364185
9781248364192
9781248364208
9781248364215
9781248364222
9781248364239
9781248364246
9781248364253
9781248364260
9781248364277
9781248364284
9781248364291
9781248364307
9781248364314
9781248364321
9781248364338
9781248364345
9781248364352
9781248364369
9781248364376
9781248364383
9781248364390
9781248364406
9781248364413
9781248364420
9781248364437
9781248364444
9781248364451
9781248364468
9781248364475
9781248364482
9781248364499
9781248364505
9781248364512
9781248364529
9781248364536
9781248364543
9781248364550
9781248364567
9781248364574
9781248364581
9781248364598
9781248364604
9781248364611
9781248364628
9781248364635
9781248364642
9781248364659
9781248364666
9781248364673
9781248364680
9781248364697
9781248364703
9781248364710
9781248364727
9781248364734
9781248364741
9781248364758
9781248364765
9781248364772
9781248364789
9781248364796
9781248364802
9781248364819
9781248364826
9781248364833
9781248364840
9781248364857
9781248364864
9781248364871
9781248364888
9781248364895
9781248364901
9781248364925
9781248364932
9781248364949
9781248364956
9781248364963
9781248364970
9781248364987
9781248364994
9781248365007
9781248365014
9781248365021
9781248365038
9781248365045
9781248365052
9781248365069
9781248365076
9781248365083
9781248365090
9781248365106
9781248365113
9781248365120
9781248365137
9781248365144
9781248365151
9781248365168
9781248365175
9781248365182
9781248365199
9781248365205
9781248365212
9781248365229
9781248365236
9781248365243
9781248365250
9781248365267
9781248365274
9781248365281
9781248365298
9781248365304
9781248365311
9781248365328
9781248365335
9781248365342
9781248365359
9781248365366
9781248365373
9781248365380
9781248365397
9781248365403
9781248365410
9781248365427
9781248365434
9781248365441
9781248365458
9781248365465
9781248365472
9781248365489
9781248365496
9781248365502
9781248365519
9781248365526
9781248365533
9781248365540
9781248365557
9781248365564
9781248365571
9781248365588
9781248365595
9781248365601
9781248365618
9781248365625
9781248365632
9781248365649
9781248365656
9781248365663
9781248365670
9781248365687
9781248365694
9781248365700
9781248365717
9781248365724
9781248365731
9781248365748
9781248365755
9781248365762
9781248365779
9781248365786
9781248365793
9781248365809
9781248365816
9781248365823
9781248365830
9781248365847
9781248365854
9781248365861
9781248365878
9781248365885
9781248365892
9781248365908
9781248365915
9781248365922
9781248365939
9781248365946
9781248365953
9781248365960
9781248365977
9781248365984
9781248365991
9781248366004
9781248366011
9781248366028
9781248366035
9781248366042
9781248366059
9781248366066
9781248366073
9781248366080
9781248366097
9781248366103
9781248366110
9781248366127
9781248366134
9781248366141
9781248366158
9781248366165
9781248366172
9781248366189
9781248366196
9781248366202
9781248366219
9781248366226
9781248366233
9781248366240
9781248366257
9781248366264
9781248366271
9781248366288
9781248366295
9781248366301
9781248366318
9781248366332
9781248366349
9781248366356
9781248366363
9781248366387
9781248366394
9781248366400
9781248366417
9781248366424
9781248366431
9781248366448
9781248366455
9781248366462
9781248366479
9781248366486
9781248366493
9781248366509
9781248366516
9781248366523
9781248366530
9781248366547
9781248366554
9781248366561
9781248366578
9781248366585
9781248366592
9781248366608
9781248366615
9781248366622
9781248366639
9781248366646
9781248366653
9781248366660
9781248366677
9781248366684
9781248366691
9781248366707
9781248366714
9781248366721
9781248366738
9781248366745
9781248366752
9781248366769
9781248366776
9781248366783
9781248366790
9781248366806
9781248366813
9781248366820
9781248366837
9781248366844
9781248366851
9781248366868
9781248366875
9781248366882
9781248366899
9781248366905
9781248366912
9781248366929
9781248366936
9781248366943
9781248366950
9781248366967
9781248366974
9781248366981
9781248366998
9781248367001
9781248367018
9781248367025
9781248367032
9781248367049
9781248367056
9781248367063
9781248367070
9781248367087
9781248367094
9781248367100
9781248367117
9781248367124
9781248367131
9781248367148
9781248367155
9781248367162
9781248367179
9781248367186
9781248367193
9781248367209
9781248367216
9781248367223
9781248367230
9781248367247
9781248367254
9781248367261
9781248367278
9781248367285
9781248367292
9781248367308
9781248367315
9781248367322
9781248367339
9781248367346
9781248367353
9781248367360
9781248367377
9781248367384
9781248367391
9781248367407
9781248367414
9781248367421
9781248367438
9781248367445
9781248367452
9781248367469
9781248367476
9781248367483
9781248367490
9781248367506
9781248367513
9781248367520
9781248367537
9781248367544
9781248367551
9781248367568
9781248367575
9781248367582
9781248367599
9781248367605
9781248367612
9781248367629
9781248367636
9781248367643
9781248367650
9781248367667
9781248367674
9781248367681
9781248367698
9781248367704
9781248367711
9781248367728
9781248367735
9781248367742
9781248367759
9781248367766
9781248367773
9781248367780
9781248367797
9781248367803
9781248367810
9781248367827
9781248367834
9781248367841
9781248367858
9781248367865
9781248367872
9781248367889
9781248367896
9781248367902
9781248367919
9781248367926
9781248367933
9781248367940
9781248367957
9781248367964
9781248367971
9781248367988
9781248367995
9781248368008
9781248368015
9781248368022
9781248368039
9781248368046
9781248368053
9781248368060
9781248368077
9781248368084
9781248368091
9781248368107
9781248368114
9781248368121
9781248368145
9781248368152
9781248368169
9781248368176
9781248368183
9781248368190
9781248368206
9781248368213
9781248368220
9781248368237
9781248368244
9781248368251
9781248368268
9781248368275
9781248368282
9781248368299
9781248368305
9781248368312
9781248368329
9781248368336
9781248368343
9781248368350
9781248368367
9781248368374
9781248368381
9781248368398
9781248368404
9781248368411
9781248368428
9781248368435
9781248368442
9781248368459
9781248368466
9781248368473
9781248368480
9781248368497
9781248368503
9781248368510
9781248368527
9781248368534
9781248368541
9781248368558
9781248368565
9781248368572
9781248368589
9781248368596
9781248368602
9781248368619
9781248368626
9781248368633
9781248368640
9781248368657
9781248368664
9781248368671
9781248368688
9781248368695
9781248368701
9781248368718
9781248368725
9781248368732
9781248368749
9781248368756
9781248368763
9781248368770
9781248368787
9781248368794
9781248368800
9781248368817
9781248368824
9781248368831
9781248368848
9781248368855
9781248368862
9781248368879
9781248368886
9781248368893
9781248368909
9781248368916
9781248368923
9781248368930
9781248368947
9781248368954
9781248368961
9781248368978
9781248368985
9781248368992
9781248369005
9781248369012
9781248369029
9781248369036
9781248369043
9781248369050
9781248369067
9781248369074
9781248369081
9781248369098
9781248369104
9781248369111
9781248369128
9781248369135
9781248369142
9781248369159
9781248369166
9781248369173
9781248369180
9781248369197
9781248369203
9781248369210
9781248369227
9781248369234
9781248369241
9781248369258
9781248369265
9781248369272
9781248369289
9781248369296
9781248369302
9781248369319
9781248369326
9781248369333
9781248369340
9781248369357
9781248369364
9781248369371
9781248369388
9781248369395
9781248369401
9781248369418
9781248369425
9781248369432
9781248369449
9781248369456
9781248369463
9781248369470
9781248369487
9781248369494
9781248369500
9781248369517
9781248369524
9781248369531
9781248369548
9781248369555
9781248369562
9781248369579
9781248369586
9781248369593
9781248369609
9781248369616
9781248369623
9781248369630
9781248369647
9781248369654
9781248369661
9781248369678
9781248369685
9781248369692
9781248369708
9781248369715
9781248369722
9781248369739
9781248369746
9781248369753
9781248369760
9781248369777
9781248369784
9781248369791
9781248369807
9781248369814
9781248369821
9781248369838
9781248369845
9781248369852
9781248369869
9781248369876
9781248369883
9781248369890
9781248369906
9781248369913
9781248369920
9781248369937
9781248369944
9781248369951
9781248369968
9781248369975
9781248369982
9781248369999
9781248370001
9781248370018
9781248370025
9781248370032
9781248370049
9781248370056
9781248370063
9781248370070
9781248370087
9781248370094
9781248370100
9781248370117
9781248370124
9781248370131
9781248370148
9781248370155
9781248370162
9781248370179
9781248370186
9781248370193
9781248370209
9781248370216
9781248370223
9781248370230
9781248370247
9781248370254
9781248370261
9781248370278
9781248370285
9781248370292
9781248370308
9781248370315
9781248370322
9781248370339
9781248370346
9781248370353
9781248370360
9781248370377
9781248370384
9781248370391
9781248370407
9781248370414
9781248370421
9781248370438
9781248370445
9781248370452
9781248370469
9781248370476
9781248370483
9781248370490
9781248370506
9781248370513
9781248370520
9781248370537
9781248370544
9781248370551
9781248370568
9781248370575
9781248370582
9781248370599
9781248370605
9781248370612
9781248370629
9781248370636
9781248370643
9781248370650
9781248370667
9781248370674
9781248370681
9781248370698
9781248370704
9781248370711
9781248370728
9781248370735
9781248370742
9781248370759
9781248370766
9781248370773
9781248370780
9781248370797
9781248370803
9781248370810
9781248370827
9781248370834
9781248370841
9781248370858
9781248370865
9781248370872
9781248370889
9781248370896
9781248370902
9781248370919
9781248370933
9781248370940
9781248370957
9781248370964
9781248370971
9781248370988
9781248370995
9781248371008
9781248371015
9781248371022
9781248371039
9781248371046
9781248371053
9781248371060
9781248371077
9781248371084
9781248371091
9781248371107
9781248371114
9781248371121
9781248371138
9781248371145
9781248371152
9781248371169
9781248371176
9781248371183
9781248371190
9781248371206
9781248371213
9781248371220
9781248371237
9781248371244
9781248371251
9781248371268
9781248371275
9781248371282
9781248371299
9781248371305
9781248371312
9781248371329
9781248371336
9781248371343
9781248371350
9781248371367
9781248371374
9781248371381
9781248371398
9781248371404
9781248371411
9781248371428
9781248371435
9781248371442
9781248371459
9781248371466
9781248371473
9781248371480
9781248371497
9781248371503
9781248371510
9781248371527
9781248371534
9781248371541
9781248371558
9781248371565
9781248371572
9781248371589
9781248371596
9781248371602
9781248371619
9781248371626
9781248371633
9781248371640
9781248371657
9781248371664
9781248371671
9781248371688
9781248371695
9781248371701
9781248371718
9781248371725
9781248371732
9781248371749
9781248371756
9781248371763
9781248371770
9781248371787
9781248371794
9781248371800
9781248371817
9781248371824
9781248371831
9781248371848
9781248371855
9781248371862
9781248371879
9781248371886
9781248371893
9781248371909
9781248371916
9781248371923
9781248371930
9781248371947
9781248371954
9781248371961
9781248371978
9781248371985
9781248371992
9781248372005
9781248372012
9781248372029
9781248372036
9781248372043
9781248372050
9781248372067
9781248372074
9781248372081
9781248372098
9781248372104
9781248372111
9781248372128
9781248372135
9781248372142
9781248372159
9781248372166
9781248372173
9781248372180
9781248372197
9781248372203
9781248372210
9781248372227
9781248372234
9781248372241
9781248372258
9781248372265
9781248372272
9781248372289
9781248372296
9781248372302
9781248372319
9781248372326
9781248372333
9781248372340
9781248372357
9781248372364
9781248372371
9781248372388
9781248372395
9781248372401
9781248372418
9781248372425
9781248372432
9781248372449
9781248372456
9781248372463
9781248372470
9781248372487
9781248372494
9781248372500
9781248372517
9781248372524
9781248372531
9781248372548
9781248372555
9781248372562
9781248372579
9781248372586
9781248372593
9781248372609
9781248372616
9781248372623
9781248372630
9781248372647
9781248372654
9781248372661
9781248372678
9781248372685
9781248372692
9781248372708
9781248372715
9781248372722
9781248372739
9781248372746
9781248372753
9781248372760
9781248372777
9781248372784
9781248372791
9781248372807
9781248372814
9781248372821
9781248372838
9781248372845
9781248372852
9781248372869
9781248372876
9781248372883
9781248372890
9781248372906
9781248372913
9781248372920
9781248372937
9781248372944
9781248372951
9781248372968
9781248372975
9781248372982
9781248372999
9781248373002
9781248373019
9781248373026
9781248373033
9781248373040
9781248373057
9781248373064
9781248373071
9781248373088
9781248373095
9781248373101
9781248373118
9781248373125
9781248373132
9781248373149
9781248373156
9781248373163
9781248373170
9781248373187
9781248373194
9781248373200
9781248373217
9781248373224
9781248373231
9781248373248
9781248373255
9781248373262
9781248373279
9781248373286
9781248373293
9781248373309
9781248373316
9781248373323
9781248373330
9781248373347
9781248373354
9781248373361
9781248373378
9781248373385
9781248373392
9781248373408
9781248373415
9781248373422
9781248373439
9781248373446
9781248373453
9781248373460
9781248373477
9781248373484
9781248373491
9781248373507
9781248373514
9781248373521
9781248373538
9781248373545
9781248373552
9781248373569
9781248373576
9781248373583
9781248373590
9781248373606
9781248373613
9781248373620
9781248373637
9781248373644
9781248373651
9781248373668
9781248373675
9781248373682
9781248373699
9781248373705
9781248373712
9781248373729
9781248373736
9781248373743
9781248373750
9781248373767
9781248373774
9781248373781
9781248373798
9781248373804
9781248373811
9781248373828
9781248373835
9781248373842
9781248373859
9781248373866
9781248373873
9781248373880
9781248373897
9781248373903
9781248373910
9781248373927
9781248373934
9781248373941
9781248373958
9781248373965
9781248373972
9781248373989
9781248373996
9781248374009
9781248374016
9781248374023
9781248374030
9781248374047
9781248374054
9781248374061
9781248374078
9781248374085
9781248374092
9781248374108
9781248374115
9781248374122
9781248374139
9781248374153
9781248374160
9781248374177
9781248374184
9781248374191
9781248374207
9781248374214
9781248374221
9781248374238
9781248374245
9781248374252
9781248374269
9781248374276
9781248374283
9781248374290
9781248374306
9781248374313
9781248374320
9781248374337
9781248374344
9781248374351
9781248374368
9781248374375
9781248374382
9781248374399
9781248374405
9781248374412
9781248374429
9781248374436
9781248374443
9781248374450
9781248374467
9781248374474
9781248374481
9781248374498
9781248374504
9781248374511
9781248374528
9781248374535
9781248374542
9781248374559
9781248374566
9781248374573
9781248374580
9781248374597
9781248374603
9781248374610
9781248374627
9781248374634
9781248374641
9781248374658
9781248374665
9781248374672
9781248374689
9781248374696
9781248374702
9781248374719
9781248374726
9781248374733
9781248374740
9781248374757
9781248374764
9781248374771
9781248374788
9781248374795
9781248374801
9781248374818
9781248374825
9781248374832
9781248374849
9781248374856
9781248374863
9781248374870
9781248374887
9781248374894
9781248374900
9781248374917
9781248374924
9781248374931
9781248374948
9781248374955
9781248374962
9781248374979
9781248374986
9781248374993
9781248375006
9781248375013
9781248375020
9781248375037
9781248375044
9781248375051
9781248375068
9781248375075
9781248375082
9781248375099
9781248375105
9781248375112
9781248375129
9781248375136
9781248375143
9781248375150
9781248375167
9781248375174
9781248375181
9781248375198
9781248375204
9781248375211
9781248375228
9781248375235
9781248375242
9781248375259
9781248375266
9781248375273
9781248375280
9781248375297
9781248375303
9781248375310
9781248375327
9781248375334
9781248375341
9781248375358
9781248375365
9781248375372
9781248375389
9781248375396
9781248375402
9781248375419
9781248375426
9781248375433
9781248375440
9781248375457
9781248375464
9781248375471
9781248375488
9781248375495
9781248375501
9781248375518
9781248375525
9781248375532
9781248375549
9781248375556
9781248375563
9781248375570
9781248375587
9781248375594
9781248375600
9781248375617
9781248375624
9781248375631
9781248375648
9781248375655
9781248375662
9781248375679
9781248375686
9781248375693
9781248375709
9781248375716
9781248375723
9781248375730
9781248375747
9781248375754
9781248375761
9781248375778
9781248375785
9781248375792
9781248375808
9781248375815
9781248375822
9781248375839
9781248375846
9781248375853
9781248375860
9781248375877
9781248375884
9781248375891
9781248375907
9781248375914
9781248375921
9781248375938
9781248375945
9781248375952
9781248375969
9781248375976
9781248375983
9781248375990
9781248376003
9781248376010
9781248376027
9781248376034
9781248376058
9781248376065
9781248376072
9781248376089
9781248376096
9781248376102
9781248376119
9781248376126
9781248376133
9781248376140
9781248376157
9781248376164
9781248376171
9781248376188
9781248376195
9781248376201
9781248376218
9781248376225
9781248376232
9781248376249
9781248376256
9781248376263
9781248376270
9781248376287
9781248376294
9781248376300
9781248376317
9781248376324
9781248376331
9781248376348
9781248376355
9781248376362
9781248376379
9781248376386
9781248376393
9781248376409
9781248376416
9781248376423
9781248376430
9781248376447
9781248376454
9781248376461
9781248376478
9781248376485
9781248376492
9781248376508
9781248376515
9781248376522
9781248376539
9781248376546
9781248376553
9781248376560
9781248376577
9781248376584
9781248376591
9781248376607
9781248376614
9781248376621
9781248376638
9781248376645
9781248376652
9781248376669
9781248376676
9781248376683
9781248376690
9781248376706
9781248376713
9781248376720
9781248376737
9781248376744
9781248376751
9781248376768
9781248376775
9781248376782
9781248376799
9781248376805
9781248376812
9781248376829
9781248376836
9781248376843
9781248376850
9781248376867
9781248376874
9781248376881
9781248376898
9781248376904
9781248376911
9781248376928
9781248376935
9781248376942
9781248376959
9781248376966
9781248376973
9781248376980
9781248376997
9781248377000
9781248377017
9781248377024
9781248377031
9781248377048
9781248377055
9781248377062
9781248377079
9781248377086
9781248377093
9781248377109
9781248377116
9781248377123
9781248377130
9781248377147
9781248377154
9781248377161
9781248377178
9781248377185
9781248377192
9781248377208
9781248377215
9781248377222
9781248377239
9781248377246
9781248377253
9781248377260
9781248377277
9781248377284
9781248377291
9781248377307
9781248377314
9781248377321
9781248377338
9781248377345
9781248377352
9781248377369
9781248377376
9781248377383
9781248377390
9781248377406
9781248377413
9781248377420
9781248377437
9781248377444
9781248377451
9781248377468
9781248377475
9781248377482
9781248377499
9781248377505
9781248377512
9781248377529
9781248377536
9781248377543
9781248377550
9781248377567
9781248377574
9781248377581
9781248377598
9781248377604
9781248377611
9781248377628
9781248377635
9781248377642
9781248377659
9781248377666
9781248377673
9781248377680
9781248377697
9781248377703
9781248377710
9781248377727
9781248377734
9781248377741
9781248377758
9781248377765
9781248377772
9781248377789
9781248377796
9781248377802
9781248377819
9781248377826
9781248377833
9781248377840
9781248377857
9781248377864
9781248377871
9781248377888
9781248377895
9781248377901
9781248377918
9781248377925
9781248377932
9781248377949
9781248377956
9781248377963
9781248377970
9781248377987
9781248377994
9781248378007
9781248378014
9781248378021
9781248378038
9781248378045
9781248378052
9781248378069
9781248378076
9781248378083
9781248378090
9781248378106
9781248378113
9781248378120
9781248378137
9781248378144
9781248378151
9781248378168
9781248378175
9781248378182
9781248378199
9781248378205
9781248378212
9781248378229
9781248378236
9781248378243
9781248378250
9781248378267
9781248378274
9781248378281
9781248378298
9781248378304
9781248378311
9781248378328
9781248378335
9781248378342
9781248378359
9781248378366
9781248378373
9781248378380
9781248378397
9781248378403
9781248378410
9781248378427
9781248378434
9781248378441
9781248378458
9781248378465
9781248378472
9781248378489
9781248378496
9781248378502
9781248378519
9781248378526
9781248378533
9781248378540
9781248378557
9781248378564
9781248378571
9781248378588
9781248378595
9781248378601
9781248378618
9781248378625
9781248378632
9781248378649
9781248378656
9781248378663
9781248378670
9781248378687
9781248378694
9781248378700
9781248378717
9781248378724
9781248378731
9781248378748
9781248378755
9781248378762
9781248378779
9781248378786
9781248378793
9781248378809
9781248378816
9781248378823
9781248378830
9781248378847
9781248378854
9781248378861
9781248378878
9781248378885
9781248378892
9781248378908
9781248378915
9781248378922
9781248378939
9781248378946
9781248378953
9781248378960
9781248378977
9781248378984
9781248378991
9781248379004
9781248379011
9781248379028
9781248379035
9781248379042
9781248379059
9781248379066
9781248379073
9781248379080
9781248379097
9781248379103
9781248379110
9781248379127
9781248379134
9781248379141
9781248379158
9781248379165
9781248379172
9781248379189
9781248379196
9781248379202
9781248379219
9781248379226
9781248379233
9781248379240
9781248379257
9781248379264
9781248379271
9781248379288
9781248379295
9781248379301
9781248379318
9781248379325
9781248379332
9781248379349
9781248379356
9781248379363
9781248379370
9781248379387
9781248379394
9781248379400
9781248379417
9781248379424
9781248379431
9781248379448
9781248379455
9781248379462
9781248379479
9781248379486
9781248379493
9781248379509
9781248379516
9781248379523
9781248379530
9781248379547
9781248379554
9781248379561
9781248379578
9781248379585
9781248379592
9781248379608
9781248379615
9781248379622
9781248379639
9781248379646
9781248379653
9781248379660
9781248379677
9781248379684
9781248379691
9781248379707
9781248379714
9781248379721
9781248379738
9781248379745
9781248379752
9781248379769
9781248379776
9781248379783
9781248379790
9781248379806
9781248379813
9781248379820
9781248379837
9781248379844
9781248379851
9781248379868
9781248379875
9781248379882
9781248379899
9781248379905
9781248379912
9781248379929
9781248379936
9781248379943
9781248379950
9781248379967
9781248379974
9781248379981
9781248379998
9781248380000
9781248380017
9781248380024
9781248380031
9781248380048
9781248380055
9781248380062
9781248380079
9781248380086
9781248380093
9781248380109
9781248380116
9781248380123
9781248380130
9781248380147
9781248380154
9781248380161
9781248380178
9781248380185
9781248380192
9781248380208
9781248380215
9781248380222
9781248380239
9781248380246
9781248380253
9781248380260
9781248380277
9781248380284
9781248380291
9781248380307
9781248380314
9781248380321
9781248380338
9781248380345
9781248380352
9781248380369
9781248380376
9781248380383
9781248380390
9781248380406
9781248380413
9781248380420
9781248380437
9781248380444
9781248380451
9781248380468
9781248380475
9781248380482
9781248380499
9781248380505
9781248380512
9781248380529
9781248380536
9781248380543
9781248380550
9781248380567
9781248380574
9781248380581
9781248380598
9781248380604
9781248380611
9781248380628
9781248380635
9781248380642
9781248380659
9781248380666
9781248380673
9781248380680
9781248380697
9781248380703
9781248380710
9781248380727
9781248380734
9781248380741
9781248380758
9781248380765
9781248380772
9781248380789
9781248380796
9781248380802
9781248380819
9781248380826
9781248380833
9781248380840
9781248380857
9781248380864
9781248380871
9781248380888
9781248380895
9781248380901
9781248380918
9781248380925
9781248380932
9781248380949
9781248380956
9781248380963
9781248380970
9781248380987
9781248380994
9781248381007
9781248381014
9781248381021
9781248381038
9781248381045
9781248381052
9781248381069
9781248381076
9781248381083
9781248381090
9781248381106
9781248381113
9781248381120
9781248381137
9781248381144
9781248381151
9781248381168
9781248381175
9781248381182
9781248381199
9781248381205
9781248381212
9781248381229
9781248381236
9781248381243
9781248381250
9781248381267
9781248381274
9781248381281
9781248381298
9781248381304
9781248381311
9781248381328
9781248381335
9781248381342
9781248381359
9781248381366
9781248381373
9781248381380
9781248381397
9781248381403
9781248381410
9781248381427
9781248381434
9781248381441
9781248381458
9781248381465
9781248381472
9781248381489
9781248381496
9781248381502
9781248381519
9781248381526
9781248381533
9781248381540
9781248381557
9781248381564
9781248381571
9781248381588
9781248381595
9781248381601
9781248381618
9781248381625
9781248381632
9781248381649
9781248381656
9781248381663
9781248381670
9781248381687
9781248381694
9781248381700
9781248381717
9781248381724
9781248381731
9781248381748
9781248381755
9781248381762
9781248381779
9781248381786
9781248381793
9781248381809
9781248381816
9781248381823
9781248381830
9781248381847
9781248381854
9781248381861
9781248381878
9781248381885
9781248381892
9781248381908
9781248381915
9781248381922
9781248381939
9781248381946
9781248381953
9781248381960
9781248381977
9781248381984
9781248381991
9781248382004
9781248382011
9781248382028
9781248382035
9781248382042
9781248382059
9781248382066
9781248382073
9781248382080
9781248382097
9781248382103
9781248382110
9781248382127
9781248382134
9781248382141
9781248382158
9781248382165
9781248382172
9781248382189
9781248382196
9781248382202
9781248382219
9781248382226
9781248382233
9781248382240
9781248382257
9781248382264
9781248382271
9781248382288
9781248382295
9781248382301
9781248382318
9781248382325
9781248382332
9781248382349
9781248382356
9781248382363
9781248382370
9781248382387
9781248382394
9781248382400
9781248382417
9781248382424
9781248382431
9781248382448
9781248382455
9781248382462
9781248382479
9781248382486
9781248382493
9781248382509
9781248382516
9781248382523
9781248382530
9781248382547
9781248382554
9781248382561
9781248382578
9781248382585
9781248382592
9781248382608
9781248382615
9781248382622
9781248382639
9781248382646
9781248382653
9781248382660
9781248382677
9781248382684
9781248382691
9781248382707
9781248382714
9781248382721
9781248382738
9781248382745
9781248382752
9781248382769
9781248382776
9781248382783
9781248382790
9781248382806
9781248382813
9781248382820
9781248382837
9781248382844
9781248382851
9781248382868
9781248382875
9781248382882
9781248382899
9781248382905
9781248382912
9781248382929
9781248382936
9781248382943
9781248382950
9781248382967
9781248382974
9781248382981
9781248382998
9781248383001
9781248383018
9781248383025
9781248383032
9781248383049
9781248383056
9781248383063
9781248383070
9781248383087
9781248383094
9781248383100
9781248383117
9781248383124
9781248383131
9781248383148
9781248383155
9781248383162
9781248383179
9781248383186
9781248383193
9781248383209
9781248383216
9781248383223
9781248383230
9781248383247
9781248383254
9781248383261
9781248383278
9781248383285
9781248383292
9781248383308
9781248383315
9781248383322
9781248383339
9781248383346
9781248383353
9781248383360
9781248383377
9781248383384
9781248383391
9781248383407
9781248383414
9781248383421
9781248383438
9781248383445
9781248383452
9781248383469
9781248383476
9781248383483
9781248383490
9781248383506
9781248383513
9781248383520
9781248383537
9781248383544
9781248383551
9781248383568
9781248383575
9781248383582
9781248383599
9781248383605
9781248383612
9781248383629
9781248383636
9781248383643
9781248383650
9781248383667
9781248383674
9781248383681
9781248383698
9781248383704
9781248383711
9781248383728
9781248383735
9781248383742
9781248383759
9781248383766
9781248383773
9781248383780
9781248383797
9781248383803
9781248383810
9781248383827
9781248383834
9781248383841
9781248383858
9781248383865
9781248383872
9781248383889
9781248383896
9781248383902
9781248383919
9781248383926
9781248383933
9781248383940
9781248383957
9781248383964
9781248383971
9781248383988
9781248383995
9781248384008
9781248384015
9781248384022
9781248384039
9781248384046
9781248384053
9781248384060
9781248384077
9781248384084
9781248384091
9781248384107
9781248384114
9781248384121
9781248384138
9781248384145
9781248384152
9781248384169
9781248384176
9781248384183
9781248384206
9781248384213
9781248384220
9781248384237
9781248384244
9781248384251
9781248384268
9781248384275
9781248384282
9781248384299
9781248384305
9781248384312
9781248384329
9781248384336
9781248384343
9781248384350
9781248384367
9781248384374
9781248384381
9781248384398
9781248384404
9781248384411
9781248384428
9781248384435
9781248384442
9781248384459
9781248384466
9781248384473
9781248384480
9781248384497
9781248384503
9781248384510
9781248384527
9781248384534
9781248384541
9781248384558
9781248384565
9781248384572
9781248384589
9781248384596
9781248384602
9781248384619
9781248384626
9781248384633
9781248384640
9781248384657
9781248384664
9781248384671
9781248384688
9781248384695
9781248384701
9781248384718
9781248384725
9781248384732
9781248384749
9781248384756
9781248384763
9781248384770
9781248384787
9781248384794
9781248384800
9781248384817
9781248384824
9781248384831
9781248384848
9781248384855
9781248384862
9781248384879
9781248384886
9781248384893
9781248384909
9781248384916
9781248384923
9781248384930
9781248384947
9781248384954
9781248384961
9781248384978
9781248384985
9781248384992
9781248385005
9781248385012
9781248385029
9781248385036
9781248385043
9781248385050
9781248385067
9781248385074
9781248385081
9781248385098
9781248385104
9781248385111
9781248385128
9781248385135
9781248385142
9781248385159
9781248385166
9781248385173
9781248385180
9781248385197
9781248385203
9781248385210
9781248385227
9781248385234
9781248385241
9781248385258
9781248385265
9781248385272
9781248385289
9781248385296
9781248385302
9781248385319
9781248385326
9781248385333
9781248385340
9781248385357
9781248385364
9781248385371
9781248385388
9781248385395
9781248385401
9781248385418
9781248385425
9781248385432
9781248385449
9781248385456
9781248385463
9781248385470
9781248385487
9781248385494
9781248385500
9781248385517
9781248385524
9781248385531
9781248385548
9781248385555
9781248385562
9781248385579
9781248385586
9781248385593
9781248385609
9781248385616
9781248385623
9781248385630
9781248385647
9781248385654
9781248385661
9781248385678
9781248385685
9781248385692
9781248385708
9781248385715
9781248385722
9781248385739
9781248385746
9781248385753
9781248385760
9781248385777
9781248385784
9781248385791
9781248385807
9781248385814
9781248385821
9781248385838
9781248385845
9781248385852
9781248385869
9781248385876
9781248385883
9781248385890
9781248385906
9781248385913
9781248385920
9781248385937
9781248385944
9781248385951
9781248385968
9781248385975
9781248385982
9781248385999
9781248386002
9781248386019
9781248386026
9781248386033
9781248386040
9781248386057
9781248386064
9781248386071
9781248386088
9781248386095
9781248386101
9781248386125
9781248386132
9781248386149
9781248386156
9781248386163
9781248386170
9781248386187
9781248386194
9781248386200
9781248386217
9781248386224
9781248386231
9781248386248
9781248386255
9781248386262
9781248386279
9781248386286
9781248386293
9781248386309
9781248386316
9781248386323
9781248386330
9781248386347
9781248386354
9781248386361
9781248386378
9781248386385
9781248386392
9781248386408
9781248386415
9781248386422
9781248386439
9781248386446
9781248386453
9781248386460
9781248386477
9781248386484
9781248386491
9781248386507
9781248386514
9781248386521
9781248386538
9781248386545
9781248386552
9781248386569
9781248386576
9781248386583
9781248386590
9781248386606
9781248386613
9781248386620
9781248386637
9781248386644
9781248386651
9781248386668
9781248386675
9781248386682
9781248386699
9781248386705
9781248386712
9781248386729
9781248386736
9781248386743
9781248386750
9781248386767
9781248386774
9781248386781
9781248386798
9781248386804
9781248386811
9781248386828
9781248386835
9781248386842
9781248386859
9781248386866
9781248386873
9781248386880
9781248386897
9781248386903
9781248386910
9781248386927
9781248386934
9781248386941
9781248386958
9781248386965
9781248386972
9781248386989
9781248386996
9781248387009
9781248387016
9781248387023
9781248387030
9781248387047
9781248387054
9781248387061
9781248387078
9781248387085
9781248387092
9781248387108
9781248387115
9781248387122
9781248387139
9781248387146
9781248387153
9781248387160
9781248387177
9781248387184
9781248387191
9781248387207
9781248387214
9781248387221
9781248387238
9781248387245
9781248387252
9781248387269
9781248387276
9781248387283
9781248387290
9781248387306
9781248387313
9781248387320
9781248387337
9781248387344
9781248387351
9781248387368
9781248387375
9781248387382
9781248387399
9781248387405
9781248387412
9781248387429
9781248387436
9781248387443
9781248387450
9781248387467
9781248387474
9781248387481
9781248387498
9781248387504
9781248387511
9781248387528
9781248387535
9781248387542
9781248387559
9781248387566
9781248387573
9781248387580
9781248387597
9781248387603
9781248387610
9781248387627
9781248387634
9781248387641
9781248387658
9781248387665
9781248387672
9781248387689
9781248387696
9781248387702
9781248387719
9781248387726
9781248387733
9781248387740
9781248387757
9781248387764
9781248387771
9781248387788
9781248387795
9781248387801
9781248387818
9781248387825
9781248387832
9781248387849
9781248387856
9781248387863
9781248387870
9781248387887
9781248387894
9781248387900
9781248387917
9781248387924
9781248387931
9781248387948
9781248387955
9781248387962
9781248387979
9781248387986
9781248387993
9781248388006
9781248388013
9781248388020
9781248388037
9781248388044
9781248388051
9781248388068
9781248388075
9781248388082
9781248388099
9781248388105
9781248388112
9781248388129
9781248388136
9781248388143
9781248388150
9781248388167
9781248388174
9781248388181
9781248388198
9781248388204
9781248388211
9781248388228
9781248388235
9781248388242
9781248388259
9781248388266
9781248388273
9781248388280
9781248388297
9781248388303
9781248388310
9781248388327
9781248388334
9781248388341
9781248388358
9781248388365
9781248388372
9781248388389
9781248388396
9781248388402
9781248388419
9781248388426
9781248388433
9781248388440
9781248388457
9781248388464
9781248388471
9781248388488
9781248388495
9781248388501
9781248388518
9781248388525
9781248388532
9781248388549
9781248388556
9781248388563
9781248388570
9781248388587
9781248388594
9781248388600
9781248388617
9781248388624
9781248388631
9781248388648
9781248388655
9781248388662
9781248388679
9781248388686
9781248388693
9781248388709
9781248388716
9781248388723
9781248388730
9781248388747
9781248388754
9781248388761
9781248388778
9781248388785
9781248388792
9781248388808
9781248388815
9781248388822
9781248388839
9781248388846
9781248388853
9781248388860
9781248388877
9781248388884
9781248388891
9781248388907
9781248388914
9781248388921
9781248388938
9781248388945
9781248388952
9781248388969
9781248388976
9781248388983
9781248388990
9781248389003
9781248389010
9781248389027
9781248389034
9781248389041
9781248389058
9781248389065
9781248389072
9781248389089
9781248389096
9781248389102
9781248389119
9781248389126
9781248389133
9781248389140
9781248389157
9781248389164
9781248389171
9781248389188
9781248389195
9781248389201
9781248389218
9781248389225
9781248389232
9781248389249
9781248389256
9781248389263
9781248389270
9781248389287
9781248389294
9781248389300
9781248389317
9781248389324
9781248389331
9781248389348
9781248389355
9781248389362
9781248389379
9781248389386
9781248389393
9781248389409
9781248389416
9781248389423
9781248389430
9781248389447
9781248389454
9781248389461
9781248389478
9781248389485
9781248389492
9781248389508
9781248389515
9781248389522
9781248389539
9781248389546
9781248389553
9781248389560
9781248389577
9781248389584
9781248389591
9781248389607
9781248389614
9781248389621
9781248389638
9781248389645
9781248389652
9781248389669
9781248389676
9781248389683
9781248389690
9781248389706
9781248389713
9781248389720
9781248389737
9781248389744
9781248389751
9781248389768
9781248389775
9781248389782
9781248389799
9781248389805
9781248389812
9781248389829
9781248389836
9781248389843
9781248389850
9781248389867
9781248389874
9781248389881
9781248389898
9781248389904
9781248389911
9781248389928
9781248389935
9781248389942
9781248389959
9781248389966
9781248389973
9781248389980
9781248389997
9781248390009
9781248390016
9781248390023
9781248390030
9781248390047
9781248390054
9781248390061
9781248390078
9781248390085
9781248390092
9781248390108
9781248390115
9781248390122
9781248390139
9781248390146
9781248390153
9781248390160
9781248390177
9781248390184
9781248390191
9781248390207
9781248390214
9781248390221
9781248390238
9781248390245
9781248390252
9781248390269
9781248390276
9781248390283
9781248390290
9781248390306
9781248390313
9781248390320
9781248390337
9781248390344
9781248390351
9781248390368
9781248390375
9781248390382
9781248390399
9781248390405
9781248390412
9781248390429
9781248390436
9781248390443
9781248390450
9781248390467
9781248390474
9781248390481
9781248390498
9781248390504
9781248390511
9781248390528
9781248390535
9781248390542
9781248390559
9781248390566
9781248390573
9781248390580
9781248390597
9781248390603
9781248390610
9781248390627
9781248390634
9781248390641
9781248390658
9781248390665
9781248390672
9781248390689
9781248390696
9781248390702
9781248390719
9781248390726
9781248390733
9781248390740
9781248390757
9781248390764
9781248390771
9781248390788
9781248390795
9781248390801
9781248390818
9781248390825
9781248390832
9781248390849
9781248390856
9781248390863
9781248390870
9781248390887
9781248390894
9781248390900
9781248390917
9781248390924
9781248390931
9781248390948
9781248390955
9781248390962
9781248390979
9781248390986
9781248390993
9781248391006
9781248391013
9781248391020
9781248391037
9781248391044
9781248391051
9781248391068
9781248391075
9781248391082
9781248391099
9781248391105
9781248391112
9781248391129
9781248391136
9781248391143
9781248391150
9781248391167
9781248391174
9781248391181
9781248391198
9781248391204
9781248391211
9781248391228
9781248391235
9781248391242
9781248391259
9781248391266
9781248391273
9781248391280
9781248391297
9781248391303
9781248391310
9781248391327
9781248391334
9781248391341
9781248391358
9781248391365
9781248391372
9781248391389
9781248391396
9781248391402
9781248391419
9781248391426
9781248391433
9781248391440
9781248391457
9781248391464
9781248391471
9781248391488
9781248391495
9781248391501
9781248391518
9781248391525
9781248391532
9781248391549
9781248391556
9781248391563
9781248391570
9781248391587
9781248391594
9781248391600
9781248391617
9781248391624
9781248391631
9781248391648
9781248391655
9781248391662
9781248391679
9781248391686
9781248391693
9781248391709
9781248391716
9781248391723
9781248391730
9781248391747
9781248391754
9781248391761
9781248391778
9781248391785
9781248391792
9781248391808
9781248391815
9781248391822
9781248391839
9781248391846
9781248391853
9781248391860
9781248391877
9781248391884
9781248391891
9781248391907
9781248391914
9781248391921
9781248391938
9781248391945
9781248391952
9781248391969
9781248391976
9781248391983
9781248391990
9781248392003
9781248392010
9781248392027
9781248392034
9781248392041
9781248392058
9781248392065
9781248392072
9781248392089
9781248392096
9781248392102
9781248392119
9781248392126
9781248392133
9781248392140
9781248392157
9781248392164
9781248392171
9781248392188
9781248392195
9781248392201
9781248392218
9781248392225
9781248392232
9781248392249
9781248392256
9781248392263
9781248392270
9781248392287
9781248392294
9781248392300
9781248392317
9781248392324
9781248392331
9781248392348
9781248392355
9781248392362
9781248392379
9781248392386
9781248392393
9781248392409
9781248392416
9781248392423
9781248392430
9781248392447
9781248392454
9781248392461
9781248392478
9781248392485
9781248392492
9781248392508
9781248392515
9781248392522
9781248392539
9781248392546
9781248392553
9781248392560
9781248392577
9781248392584
9781248392591
9781248392607
9781248392614
9781248392621
9781248392638
9781248392645
9781248392652
9781248392669
9781248392676
9781248392683
9781248392690
9781248392706
9781248392713
9781248392720
9781248392737
9781248392744
9781248392751
9781248392768
9781248392775
9781248392782
9781248392799
9781248392805
9781248392812
9781248392829
9781248392836
9781248392843
9781248392850
9781248392867
9781248392874
9781248392881
9781248392898
9781248392904
9781248392911
9781248392928
9781248392935
9781248392942
9781248392959
9781248392966
9781248392973
9781248392980
9781248392997
9781248393000
9781248393017
9781248393024
9781248393031
9781248393048
9781248393055
9781248393062
9781248393079
9781248393086
9781248393093
9781248393109
9781248393116
9781248393123
9781248393130
9781248393147
9781248393154
9781248393161
9781248393178
9781248393185
9781248393192
9781248393208
9781248393215
9781248393222
9781248393239
9781248393246
9781248393253
9781248393260
9781248393277
9781248393284
9781248393291
9781248393307
9781248393314
9781248393321
9781248393338
9781248393345
9781248393352
9781248393369
9781248393376
9781248393383
9781248393390
9781248393406
9781248393413
9781248393420
9781248393437
9781248393444
9781248393451
9781248393468
9781248393475
9781248393482
9781248393499
9781248393505
9781248393512
9781248393529
9781248393536
9781248393543
9781248393550
9781248393567
9781248393574
9781248393581
9781248393598
9781248393604
9781248393611
9781248393628
9781248393635
9781248393642
9781248393659
9781248393666
9781248393673
9781248393680
9781248393697
9781248393703
9781248393710
9781248393727
9781248393734
9781248393741
9781248393758
9781248393765
9781248393772
9781248393789
9781248393796
9781248393802
9781248393819
9781248393826
9781248393833
9781248393840
9781248393857
9781248393864
9781248393871
9781248393888
9781248393895
9781248393901
9781248393918
9781248393925
9781248393932
9781248393949
9781248393956
9781248393963
9781248393970
9781248393987
9781248393994
9781248394007
9781248394014
9781248394021
9781248394038
9781248394045
9781248394052
9781248394069
9781248394076
9781248394083
9781248394090
9781248394106
9781248394113
9781248394120
9781248394137
9781248394144
9781248394151
9781248394168
9781248394175
9781248394182
9781248394199
9781248394205
9781248394212
9781248394229
9781248394236
9781248394243
9781248394250
9781248394267
9781248394274
9781248394281
9781248394298
9781248394304
9781248394311
9781248394328
9781248394335
9781248394342
9781248394359
9781248394366
9781248394373
9781248394380
9781248394397
9781248394403
9781248394410
9781248394427
9781248394434
9781248394441
9781248394458
9781248394465
9781248394472
9781248394489
9781248394496
9781248394502
9781248394519
9781248394526
9781248394533
9781248394540
9781248394557
9781248394564
9781248394571
9781248394588
9781248394595
9781248394601
9781248394618
9781248394625
9781248394632
9781248394649
9781248394656
9781248394663
9781248394670
9781248394687
9781248394694
9781248394700
9781248394717
9781248394724
9781248394731
9781248394748
9781248394755
9781248394762
9781248394779
9781248394786
9781248394793
9781248394809
9781248394816
9781248394823
9781248394847
9781248394854
9781248394861
9781248394878
9781248394885
9781248394892
9781248394908
9781248394915
9781248394922
9781248394939
9781248394946
9781248394953
9781248394960
9781248394977
9781248394984
9781248394991
9781248395004
9781248395011
9781248395028
9781248395035
9781248395042
9781248395059
9781248395066
9781248395073
9781248395080
9781248395097
9781248395103
9781248395110
9781248395127
9781248395134
9781248395141
9781248395158
9781248395165
9781248395172
9781248395189
9781248395196
9781248395202
9781248395219
9781248395226
9781248395233
9781248395240
9781248395257
9781248395264
9781248395271
9781248395288
9781248395295
9781248395301
9781248395318
9781248395325
9781248395332
9781248395349
9781248395356
9781248395363
9781248395370
9781248395387
9781248395394
9781248395400
9781248395417
9781248395424
9781248395431
9781248395448
9781248395455
9781248395462
9781248395479
9781248395486
9781248395493
9781248395509
9781248395516
9781248395523
9781248395530
9781248395547
9781248395554
9781248395561
9781248395578
9781248395585
9781248395592
9781248395608
9781248395615
9781248395622
9781248395639
9781248395646
9781248395653
9781248395660
9781248395677
9781248395684
9781248395691
9781248395707
9781248395714
9781248395721
9781248395738
9781248395745
9781248395752
9781248395769
9781248395776
9781248395783
9781248395790
9781248395806
9781248395813
9781248395820
9781248395837
9781248395844
9781248395851
9781248395868
9781248395875
9781248395882
9781248395899
9781248395905
9781248395912
9781248395929
9781248395936
9781248395943
9781248395950
9781248395967
9781248395974
9781248395981
9781248395998
9781248396001
9781248396018
9781248396025
9781248396032
9781248396049
9781248396056
9781248396063
9781248396070
9781248396087
9781248396094
9781248396100
9781248396117
9781248396124
9781248396131
9781248396148
9781248396155
9781248396162
9781248396179
9781248396186
9781248396193
9781248396209
9781248396216
9781248396223
9781248396230
9781248396247
9781248396254
9781248396261
9781248396278
9781248396285
9781248396292
9781248396308
9781248396315
9781248396322
9781248396339
9781248396346
9781248396353
9781248396360
9781248396377
9781248396384
9781248396391
9781248396407
9781248396414
9781248396421
9781248396438
9781248396445
9781248396452
9781248396469
9781248396476
9781248396483
9781248396490
9781248396506
9781248396513
9781248396520
9781248396537
9781248396544
9781248396551
9781248396568
9781248396575
9781248396582
9781248396599
9781248396605
9781248396612
9781248396629
9781248396643
9781248396650
9781248396667
9781248396674
9781248396681
9781248396698
9781248396704
9781248396711
9781248396728
9781248396735
9781248396742
9781248396759
9781248396766
9781248396773
9781248396780
9781248396797
9781248396803
9781248396810
9781248396827
9781248396834
9781248396841
9781248396858
9781248396865
9781248396872
9781248396889
9781248396896
9781248396902
9781248396919
9781248396926
9781248396933
9781248396940
9781248396957
9781248396964
9781248396971
9781248396988
9781248396995
9781248397008
9781248397015
9781248397022
9781248397039
9781248397046
9781248397053
9781248397060
9781248397077
9781248397084
9781248397091
9781248397107
9781248397114
9781248397121
9781248397138
9781248397145
9781248397152
9781248397169
9781248397176
9781248397183
9781248397190
9781248397206
9781248397213
9781248397220
9781248397237
9781248397244
9781248397251
9781248397268
9781248397275
9781248397282
9781248397299
9781248397305
9781248397312
9781248397329
9781248397336
9781248397343
9781248397350
9781248397367
9781248397374
9781248397381
9781248397398
9781248397404
9781248397411
9781248397428
9781248397435
9781248397442
9781248397459
9781248397466
9781248397473
9781248397480
9781248397497
9781248397503
9781248397510
9781248397527
9781248397534
9781248397541
9781248397558
9781248397565
9781248397572
9781248397589
9781248397596
9781248397602
9781248397619
9781248397626
9781248397633
9781248397640
9781248397657
9781248397664
9781248397671
9781248397688
9781248397695
9781248397701
9781248397718
9781248397725
9781248397732
9781248397749
9781248397756
9781248397763
9781248397770
9781248397787
9781248397794
9781248397800
9781248397817
9781248397824
9781248397831
9781248397848
9781248397855
9781248397862
9781248397879
9781248397886
9781248397893
9781248397909
9781248397916
9781248397923
9781248397930
9781248397947
9781248397954
9781248397961
9781248397978
9781248397985
9781248397992
9781248398005
9781248398012
9781248398029
9781248398036
9781248398043
9781248398050
9781248398067
9781248398074
9781248398081
9781248398098
9781248398104
9781248398111
9781248398128
9781248398135
9781248398142
9781248398159
9781248398166
9781248398173
9781248398180
9781248398197
9781248398203
9781248398210
9781248398227
9781248398234
9781248398241
9781248398258
9781248398265
9781248398272
9781248398289
9781248398296
9781248398302
9781248398319
9781248398326
9781248398333
9781248398340
9781248398357
9781248398364
9781248398371
9781248398388
9781248398395
9781248398401
9781248398418
9781248398425
9781248398432
9781248398449
9781248398456
9781248398463
9781248398470
9781248398487
9781248398494
9781248398500
9781248398517
9781248398524
9781248398531
9781248398548
9781248398555
9781248398562
9781248398579
9781248398586
9781248398593
9781248398609
9781248398616
9781248398623
9781248398630
9781248398647
9781248398654
9781248398661
9781248398678
9781248398685
9781248398692
9781248398708
9781248398715
9781248398722
9781248398739
9781248398746
9781248398753
9781248398760
9781248398784
9781248398791
9781248398807
9781248398814
9781248398821
9781248398838
9781248398845
9781248398852
9781248398869
9781248398876
9781248398883
9781248398890
9781248398906
9781248398913
9781248398920
9781248398937
9781248398944
9781248398951
9781248398968
9781248398975
9781248398982
9781248398999
9781248399002
9781248399019
9781248399026
9781248399033
9781248399040
9781248399057
9781248399064
9781248399071
9781248399088
9781248399095
9781248399101
9781248399118
9781248399125
9781248399132
9781248399149
9781248399156
9781248399163
9781248399170
9781248399187
9781248399194
9781248399200
9781248399217
9781248399224
9781248399231
9781248399248
9781248399255
9781248399262
9781248399279
9781248399286
9781248399293
9781248399309
9781248399316
9781248399323
9781248399330
9781248399347
9781248399354
9781248399361
9781248399378
9781248399385
9781248399392
9781248399408
9781248399415
9781248399422
9781248399439
9781248399446
9781248399453
9781248399460
9781248399477
9781248399484
9781248399491
9781248399507
9781248399514
9781248399521
9781248399538
9781248399545
9781248399552
9781248399569
9781248399576
9781248399583
9781248399590
9781248399606
9781248399613
9781248399620
9781248399637
9781248399644
9781248399651
9781248399668
9781248399675
9781248399682
9781248399699
9781248399705
9781248399712
9781248399729
9781248399736
9781248399743
9781248399750
9781248399767
9781248399774
9781248399781
9781248399798
9781248399804
9781248399811
9781248399828
9781248399835
9781248399842
9781248399859
9781248399866
9781248399873
9781248399880
9781248399897
9781248399903
9781248399910
9781248399927
9781248399934
9781248399941
9781248399958
9781248399965
9781248399972
9781248399989
9781248399996
9781248400005
9781248400012
9781248400029
9781248400036
9781248400043
9781248400050
9781248400067
9781248400074
9781248400081
9781248400098
9781248400104
9781248400111
9781248400128
9781248400135
9781248400142
9781248400159
9781248400166
9781248400173
9781248400180
9781248400197
9781248400203
9781248400210
9781248400227
9781248400234
9781248400241
9781248400258
9781248400265
9781248400272
9781248400289
9781248400296
9781248400302
9781248400319
9781248400326
9781248400333
9781248400340
9781248400357
9781248400364
9781248400371
9781248400388
9781248400395
9781248400401
9781248400418
9781248400425
9781248400432
9781248400449
9781248400456
9781248400463
9781248400470
9781248400487
9781248400494
9781248400500
9781248400517
9781248400524
9781248400531
9781248400548
9781248400555
9781248400562
9781248400579
9781248400586
9781248400593
9781248400609
9781248400616
9781248400623
9781248400630
9781248400647
9781248400654
9781248400661
9781248400678
9781248400685
9781248400692
9781248400708
9781248400715
9781248400722
9781248400739
9781248400746
9781248400753
9781248400760
9781248400777
9781248400784
9781248400791
9781248400807
9781248400814
9781248400821
9781248400838
9781248400845
9781248400852
9781248400869
9781248400876
9781248400883
9781248400890
9781248400906
9781248400913
9781248400920
9781248400937
9781248400944
9781248400951
9781248400968
9781248400975
9781248400982
9781248400999
9781248401002
9781248401019
9781248401026
9781248401033
9781248401040
9781248401057
9781248401064
9781248401071
9781248401088
9781248401095
9781248401101
9781248401118
9781248401125
9781248401132
9781248401149
9781248401156
9781248401163
9781248401170
9781248401187
9781248401194
9781248401200
9781248401217
9781248401224
9781248401231
9781248401248
9781248401255
9781248401262
9781248401279
9781248401286
9781248401293
9781248401309
9781248401316
9781248401323
9781248401330
9781248401347
9781248401354
9781248401361
9781248401378
9781248401385
9781248401392
9781248401408
9781248401415
9781248401422
9781248401439
9781248401446
9781248401453
9781248401460
9781248401477
9781248401484
9781248401491
9781248401507
9781248401514
9781248401521
9781248401538
9781248401545
9781248401552
9781248401569
9781248401576
9781248401583
9781248401590
9781248401606
9781248401613
9781248401620
9781248401637
9781248401644
9781248401651
9781248401668
9781248401675
9781248401682
9781248401699
9781248401705
9781248401712
9781248401729
9781248401736
9781248401743
9781248401750
9781248401767
9781248401774
9781248401781
9781248401798
9781248401804
9781248401811
9781248401828
9781248401835
9781248401842
9781248401859
9781248401866
9781248401873
9781248401880
9781248401897
9781248401903
9781248401910
9781248401927
9781248401934
9781248401941
9781248401958
9781248401965
9781248401972
9781248401989
9781248401996
9781248402009
9781248402016
9781248402023
9781248402030
9781248402047
9781248402054
9781248402061
9781248402078
9781248402085
9781248402092
9781248402108
9781248402115
9781248402122
9781248402139
9781248402146
9781248402153
9781248402160
9781248402177
9781248402184
9781248402191
9781248402207
9781248402214
9781248402221
9781248402238
9781248402245
9781248402252
9781248402269
9781248402276
9781248402283
9781248402290
9781248402306
9781248402313
9781248402320
9781248402337
9781248402344
9781248402351
9781248402368
9781248402375
9781248402382
9781248402399
9781248402405
9781248402412
9781248402429
9781248402436
9781248402443
9781248402450
9781248402467
9781248402474
9781248402481
9781248402498
9781248402504
9781248402511
9781248402528
9781248402535
9781248402542
9781248402559
9781248402566
9781248402573
9781248402580
9781248402597
9781248402603
9781248402610
9781248402627
9781248402634
9781248402641
9781248402658
9781248402665
9781248402672
9781248402689
9781248402696
9781248402702
9781248402719
9781248402726
9781248402733
9781248402740
9781248402757
9781248402764
9781248402771
9781248402788
9781248402795
9781248402801
9781248402818
9781248402825
9781248402832
9781248402849
9781248402856
9781248402863
9781248402870
9781248402887
9781248402894
9781248402900
9781248402917
9781248402924
9781248402931
9781248402948
9781248402955
9781248402962
9781248402979
9781248402986
9781248402993
9781248403006
9781248403013
9781248403020
9781248403037
9781248403044
9781248403051
9781248403068
9781248403075
9781248403082
9781248403099
9781248403105
9781248403112
9781248403129
9781248403136
9781248403143
9781248403150
9781248403167
9781248403174
9781248403181
9781248403198
9781248403204
9781248403211
9781248403228
9781248403235
9781248403242
9781248403259
9781248403266
9781248403273
9781248403280
9781248403297
9781248403303
9781248403310
9781248403327
9781248403341
9781248403358
9781248403365
9781248403372
9781248403389
9781248403396
9781248403402
9781248403419
9781248403426
9781248403433
9781248403440
9781248403457
9781248403464
9781248403471
9781248403488
9781248403495
9781248403501
9781248403518
9781248403525
9781248403532
9781248403549
9781248403556
9781248403563
9781248403570
9781248403587
9781248403594
9781248403600
9781248403617
9781248403624
9781248403631
9781248403648
9781248403655
9781248403662
9781248403679
9781248403686
9781248403693
9781248403709
9781248403716
9781248403723
9781248403730
9781248403747
9781248403754
9781248403761
9781248403778
9781248403785
9781248403792
9781248403808
9781248403815
9781248403822
9781248403839
9781248403846
9781248403853
9781248403860
9781248403877
9781248403884
9781248403891
9781248403907
9781248403914
9781248403921
9781248403938
9781248403945
9781248403952
9781248403969
9781248403976
9781248403983
9781248403990
9781248404003
9781248404010
9781248404027
9781248404034
9781248404041
9781248404058
9781248404065
9781248404072
9781248404089
9781248404096
9781248404102
9781248404119
9781248404126
9781248404133
9781248404140
9781248404157
9781248404164
9781248404171
9781248404188
9781248404195
9781248404201
9781248404218
9781248404225
9781248404232
9781248404249
9781248404256
9781248404263
9781248404270
9781248404287
9781248404294
9781248404300
9781248404317
9781248404324
9781248404331
9781248404348
9781248404355
9781248404362
9781248404379
9781248404386
9781248404393
9781248404409
9781248404416
9781248404423
9781248404430
9781248404447
9781248404454
9781248404461
9781248404478
9781248404485
9781248404492
9781248404508
9781248404515
9781248404522
9781248404539
9781248404546
9781248404553
9781248404560
9781248404577
9781248404584
9781248404591
9781248404607
9781248404614
9781248404621
9781248404638
9781248404645
9781248404652
9781248404669
9781248404676
9781248404683
9781248404690
9781248404706
9781248404713
9781248404720
9781248404737
9781248404744
9781248404751
9781248404768
9781248404775
9781248404782
9781248404799
9781248404805
9781248404812
9781248404829
9781248404836
9781248404843
9781248404850
9781248404867
9781248404874
9781248404881
9781248404898
9781248404904
9781248404911
9781248404928
9781248404935
9781248404942
9781248404959
9781248404966
9781248404973
9781248404980
9781248404997
9781248405000
9781248405017
9781248405024
9781248405031
9781248405048
9781248405055
9781248405062
9781248405079
9781248405086
9781248405093
9781248405109
9781248405116
9781248405123
9781248405130
9781248405147
9781248405154
9781248405161
9781248405178
9781248405185
9781248405192
9781248405208
9781248405215
9781248405222
9781248405239
9781248405246
9781248405253
9781248405260
9781248405277
9781248405284
9781248405291
9781248405307
9781248405314
9781248405321
9781248405338
9781248405345
9781248405352
9781248405369
9781248405376
9781248405383
9781248405390
9781248405406
9781248405413
9781248405420
9781248405437
9781248405444
9781248405451
9781248405468
9781248405475
9781248405482
9781248405499
9781248405505
9781248405512
9781248405529
9781248405536
9781248405543
9781248405550
9781248405567
9781248405574
9781248405581
9781248405598
9781248405604
9781248405611
9781248405628
9781248405635
9781248405642
9781248405659
9781248405666
9781248405673
9781248405680
9781248405697
9781248405703
9781248405710
9781248405727
9781248405734
9781248405741
9781248405758
9781248405765
9781248405772
9781248405789
9781248405796
9781248405802
9781248405819
9781248405826
9781248405833
9781248405840
9781248405857
9781248405864
9781248405871
9781248405888
9781248405895
9781248405901
9781248405918
9781248405925
9781248405932
9781248405949
9781248405956
9781248405963
9781248405970
9781248405987
9781248405994
9781248406007
9781248406014
9781248406021
9781248406038
9781248406045
9781248406052
9781248406069
9781248406076
9781248406083
9781248406090
9781248406106
9781248406113
9781248406120
9781248406137
9781248406144
9781248406151
9781248406168
9781248406175
9781248406182
9781248406199
9781248406205
9781248406212
9781248406229
9781248406236
9781248406243
9781248406250
9781248406267
9781248406274
9781248406281
9781248406298
9781248406304
9781248406311
9781248406328
9781248406335
9781248406342
9781248406359
9781248406366
9781248406373
9781248406380
9781248406397
9781248406403
9781248406410
9781248406427
9781248406434
9781248406441
9781248406458
9781248406465
9781248406472
9781248406489
9781248406496
9781248406502
9781248406519
9781248406526
9781248406533
9781248406540
9781248406557
9781248406564
9781248406571
9781248406588
9781248406595
9781248406601
9781248406618
9781248406625
9781248406632
9781248406649
9781248406656
9781248406663
9781248406670
9781248406687
9781248406694
9781248406700
9781248406717
9781248406731
9781248406748
9781248406779
9781248406786
9781248406793
9781248406809
9781248406823
9781248406830
9781248406847
9781248406854
9781248406861
9781248406885
9781248406892
9781248406908
9781248406915
9781248406922
9781248406939
9781248406946
9781248406953
9781248406960
9781248406984
9781248406991
9781248407011
9781248407042
9781248407059
9781248407073
9781248407080
9781248407097
9781248407103
9781248407110
9781248407127
9781248407134
9781248407158
9781248407165
9781248407189
9781248407196
9781248407202
9781248407219
9781248407226
9781248407240
9781248407257
9781248407264
9781248407271
9781248407288
9781248407318
9781248407325
9781248407332
9781248407356
9781248407363
9781248407370
9781248407387
9781248407400
9781248407417
9781248407424
9781248407448
9781248407455
9781248407462
9781248407479
9781248407486
9781248407493
9781248407509
9781248407516
9781248407523
9781248407530
9781248407547
9781248407554
9781248407561
9781248407578
9781248407585
9781248407608
9781248407622
9781248407639
9781248407646
9781248407660
9781248407684
9781248407691
9781248407707
9781248407714
9781248407721
9781248407738
9781248407745
9781248407752
9781248407769
9781248407776
9781248407783
9781248407790
9781248407806
9781248407813
9781248407820
9781248407837
9781248407844
9781248407851
9781248407868
9781248407875
9781248407882
9781248407899
9781248407905
9781248407912
9781248407929
9781248407936
9781248407943
9781248407950
9781248407967
9781248407974
9781248407981
9781248407998
9781248408001
9781248408018
9781248408025
9781248408032
9781248408049
9781248408056
9781248408063
9781248408070
9781248408087
9781248408094
9781248408100
9781248408117
9781248408124
9781248408131
9781248408148
9781248408155
9781248408162
9781248408179
9781248408186
9781248408193
9781248408209
9781248408216
9781248408223
9781248408230
9781248408247
9781248408254
9781248408261
9781248408278
9781248408285
9781248408292
9781248408308
9781248408315
9781248408322
9781248408339
9781248408346
9781248408353
9781248408360
9781248408377
9781248408384
9781248408391
9781248408407
9781248408414
9781248408421
9781248408438
9781248408445
9781248408452
9781248408469
9781248408476
9781248408483
9781248408490
9781248408506
9781248408513
9781248408520
9781248408537
9781248408544
9781248408551
9781248408568
9781248408575
9781248408582
9781248408599
9781248408605
9781248408612
9781248408629
9781248408636
9781248408643
9781248408650
9781248408667
9781248408674
9781248408681
9781248408698
9781248408704
9781248408711
9781248408728
9781248408735
9781248408742
9781248408759
9781248408766
9781248408773
9781248408780
9781248408797
9781248408803
9781248408810
9781248408827
9781248408834
9781248408841
9781248408858
9781248408865
9781248408872
9781248408889
9781248408896
9781248408902
9781248408919
9781248408926
9781248408933
9781248408940
9781248408957
9781248408964
9781248408971
9781248408988
9781248408995
9781248409008
9781248409015
9781248409022
9781248409039
9781248409046
9781248409053
9781248409060
9781248409077
9781248409084
9781248409091
9781248409107
9781248409114
9781248409121
9781248409138
9781248409145
9781248409152
9781248409169
9781248409176
9781248409183
9781248409190
9781248409206
9781248409213
9781248409220
9781248409237
9781248409244
9781248409251
9781248409268
9781248409275
9781248409282
9781248409299
9781248409305
9781248409312
9781248409329
9781248409336
9781248409343
9781248409350
9781248409367
9781248409374
9781248409381
9781248409398
9781248409404
9781248409411
9781248409428
9781248409435
9781248409442
9781248409459
9781248409466
9781248409473
9781248409480
9781248409497
9781248409503
9781248409510
9781248409527
9781248409534
9781248409541
9781248409558
9781248409565
9781248409572
9781248409589
9781248409596
9781248409602
9781248409619
9781248409626
9781248409633
9781248409640
9781248409657
9781248409664
9781248409671
9781248409688
9781248409695
9781248409701
9781248409718
9781248409725
9781248409732
9781248409749
9781248409756
9781248409763
9781248409770
9781248409787
9781248409794
9781248409800
9781248409817
9781248409824
9781248409831
9781248409848
9781248409855
9781248409862
9781248409879
9781248409886
9781248409893
9781248409909
9781248409916
9781248409923
9781248409930
9781248409947
9781248409954
9781248409961
9781248409978
9781248409985
9781248409992
9781248410004
9781248410011
9781248410028
9781248410035
9781248410042
9781248410059
9781248410066
9781248410073
9781248410080
9781248410097
9781248410103
9781248410110
9781248410127
9781248410134
9781248410141
9781248410158
9781248410165
9781248410172
9781248410189
9781248410196
9781248410202
9781248410219
9781248410226
9781248410233
9781248410240
9781248410257
9781248410264
9781248410271
9781248410288
9781248410295
9781248410301
9781248410318
9781248410325
9781248410332
9781248410349
9781248410356
9781248410363
9781248410370
9781248410387
9781248410394
9781248410400
9781248410417
9781248410424
9781248410431
9781248410448
9781248410455
9781248410462
9781248410479
9781248410486
9781248410493
9781248410509
9781248410516
9781248410523
9781248410530
9781248410547
9781248410554
9781248410561
9781248410578
9781248410585
9781248410592
9781248410608
9781248410615
9781248410622
9781248410639
9781248410646
9781248410653
9781248410660
9781248410677
9781248410684
9781248410707
9781248410714
9781248410721
9781248410738
9781248410745
9781248410752
9781248410769
9781248410783
9781248410790
9781248410806
9781248410813
9781248410820
9781248410837
9781248410844
9781248410851
9781248410868
9781248410875
9781248410882
9781248410899
9781248410905
9781248410912
9781248410929
9781248410936
9781248410943
9781248410950
9781248410967
9781248410974
9781248410981
9781248410998
9781248411001
9781248411018
9781248411025
9781248411032
9781248411049
9781248411056
9781248411063
9781248411070
9781248411087
9781248411094
9781248411100
9781248411117
9781248411124
9781248411131
9781248411148
9781248411155
9781248411162
9781248411179
9781248411186
9781248411193
9781248411209
9781248411216
9781248411223
9781248411230
9781248411247
9781248411254
9781248411261
9781248411278
9781248411285
9781248411292
9781248411308
9781248411315
9781248411322
9781248411339
9781248411346
9781248411353
9781248411360
9781248411377
9781248411384
9781248411391
9781248411407
9781248411414
9781248411421
9781248411438
9781248411445
9781248411452
9781248411469
9781248411476
9781248411483
9781248411490
9781248411506
9781248411513
9781248411520
9781248411537
9781248411544
9781248411551
9781248411568
9781248411575
9781248411582
9781248411599
9781248411605
9781248411612
9781248411629
9781248411636
9781248411643
9781248411650
9781248411667
9781248411674
9781248411681
9781248411698
9781248411704
9781248411711
9781248411728
9781248411735
9781248411742
9781248411759
9781248411766
9781248411773
9781248411780
9781248411797
9781248411803
9781248411810
9781248411827
9781248411834
9781248411841
9781248411858
9781248411865
9781248411872
9781248411889
9781248411896
9781248411902
9781248411919
9781248411926
9781248411933
9781248411940
9781248411957
9781248411964
9781248411971
9781248411988
9781248411995
9781248412008
9781248412015
9781248412022
9781248412039
9781248412046
9781248412053
9781248412060
9781248412077
9781248412084
9781248412091
9781248412107
9781248412114
9781248412121
9781248412138
9781248412145
9781248412152
9781248412169
9781248412176
9781248412183
9781248412190
9781248412206
9781248412213
9781248412220
9781248412237
9781248412244
9781248412251
9781248412268
9781248412275
9781248412282
9781248412299
9781248412305
9781248412312
9781248412329
9781248412336
9781248412343
9781248412350
9781248412367
9781248412374
9781248412381
9781248412398
9781248412404
9781248412411
9781248412428
9781248412435
9781248412442
9781248412459
9781248412466
9781248412473
9781248412480
9781248412497
9781248412503
9781248412510
9781248412527
9781248412534
9781248412541
9781248412558
9781248412565
9781248412572
9781248412589
9781248412596
9781248412602
9781248412619
9781248412626
9781248412633
9781248412640
9781248412657
9781248412664
9781248412671
9781248412688
9781248412695
9781248412701
9781248412718
9781248412725
9781248412732
9781248412749
9781248412756
9781248412763
9781248412770
9781248412787
9781248412794
9781248412800
9781248412817
9781248412824
9781248412831
9781248412848
9781248412855
9781248412862
9781248412879
9781248412886
9781248412893
9781248412909
9781248412916
9781248412923
9781248412930
9781248412947
9781248412954
9781248412961
9781248412978
9781248412985
9781248412992
9781248413005
9781248413012
9781248413029
9781248413036
9781248413043
9781248413050
9781248413067
9781248413074
9781248413081
9781248413098
9781248413104
9781248413111
9781248413128
9781248413135
9781248413142
9781248413159
9781248413166
9781248413173
9781248413180
9781248413197
9781248413203
9781248413210
9781248413227
9781248413234
9781248413241
9781248413258
9781248413265
9781248413272
9781248413289
9781248413296
9781248413319
9781248413326
9781248413333
9781248413340
9781248413357
9781248413364
9781248413371
9781248413388
9781248413395
9781248413401
9781248413418
9781248413432
9781248413449
9781248413456
9781248413463
9781248413470
9781248413487
9781248413494
9781248413500
9781248413517
9781248413524
9781248413531
9781248413548
9781248413555
9781248413562
9781248413579
9781248413586
9781248413593
9781248413609
9781248413616
9781248413623
9781248413630
9781248413647
9781248413654
9781248413661
9781248413678
9781248413685
9781248413692
9781248413708
9781248413715
9781248413722
9781248413739
9781248413746
9781248413753
9781248413760
9781248413777
9781248413784
9781248413791
9781248413807
9781248413814
9781248413821
9781248413838
9781248413845
9781248413852
9781248413869
9781248413876
9781248413883
9781248413890
9781248413906
9781248413913
9781248413920
9781248413937
9781248413944
9781248413951
9781248413968
9781248413975
9781248413982
9781248413999
9781248414002
9781248414019
9781248414026
9781248414033
9781248414040
9781248414057
9781248414118
9781248414125
9781248414132
9781248414163
9781248414170
9781248414187
9781248414194
9781248414200
9781248414217
9781248414224
9781248414231
9781248414248
9781248414255
9781248414262
9781248414286
9781248414293
9781248414309
9781248414316
9781248414323
9781248414330
9781248414347
9781248414354
9781248414361
9781248414378
9781248414385
9781248414392
9781248414408
9781248414415
9781248414422
9781248414439
9781248414446
9781248414453
9781248414460
9781248414477
9781248414484
9781248414491
9781248414507
9781248414514
9781248414521
9781248414545
9781248414552
9781248414569
9781248414576
9781248414583
9781248414590
9781248414606
9781248414613
9781248414620
9781248414637
9781248414644
9781248414651
9781248414668
9781248414675
9781248414682
9781248414699
9781248414705
9781248414712
9781248414729
9781248414736
9781248414743
9781248414750
9781248414767
9781248414774
9781248414781
9781248414798
9781248414811
9781248414828
9781248414835
9781248414842
9781248414859
9781248414866
9781248414873
9781248414880
9781248414897
9781248414903
9781248414910
9781248414927
9781248414934
9781248414941
9781248414958
9781248414965
9781248414972
9781248414989
9781248414996
9781248415009
9781248415016
9781248415023
9781248415030
9781248415047
9781248415092
9781248415139
9781248415153
9781248415160
9781248415177
9781248415184
9781248415191
9781248415207
9781248415214
9781248415221
9781248415245
9781248415269
9781248415276
9781248415283
9781248415290
9781248415306
9781248415337
9781248415344
9781248415375
9781248415399
9781248415412
9781248415429
9781248415436
9781248415443
9781248415467
9781248415474
9781248415481
9781248415498
9781248415504
9781248415528
9781248415535
9781248415542
9781248415559
9781248415566
9781248415573
9781248415580
9781248415603
9781248415627
9781248415634
9781248415641
9781248415658
9781248415665
9781248415672
9781248415689
9781248415696
9781248415719
9781248415726
9781248415733
9781248415740
9781248415757
9781248415764
9781248415771
9781248415788
9781248415795
9781248415818
9781248415825
9781248415832
9781248415849
9781248415856
9781248415863
9781248415870
9781248415887
9781248415894
9781248415900
9781248415917
9781248415924
9781248415948
9781248415955
9781248415962
9781248415979
9781248415986
9781248416020
9781248416037
9781248416051
9781248416068
9781248416075
9781248416082
9781248416143
9781248416150
9781248416167
9781248416174
9781248416181
9781248416211
9781248416228
9781248416242
9781248416259
9781248416280
9781248416310
9781248416327
9781248416334
9781248416341
9781248416358
9781248416365
9781248416372
9781248416389
9781248416419
9781248416433
9781248416440
9781248416464
9781248416471
9781248416488
9781248416495
9781248416501
9781248416518
9781248416532
9781248416549
9781248416556
9781248416563
9781248416570
9781248416587
9781248416594
9781248416600
9781248416617
9781248416624
9781248416631
9781248416648
9781248416655
9781248416662
9781248416679
9781248416686
9781248416693
9781248416709
9781248416716
9781248416723
9781248416730
9781248416747
9781248416754
9781248416761
9781248416778
9781248416785
9781248416792
9781248416808
9781248416815
9781248416822
9781248416839
9781248416846
9781248416853
9781248416877
9781248416884
9781248416907
9781248416914
9781248416921
9781248416938
9781248416945
9781248416952
9781248416976
9781248416983
9781248416990
9781248417003
9781248417010
9781248417027
9781248417034
9781248417041
9781248417058
9781248417065
9781248417072
9781248417089
9781248417096
9781248417102
9781248417119
9781248417126
9781248417133
9781248417140
9781248417157
9781248417164
9781248417171
9781248417188
9781248417195
9781248417201
9781248417218
9781248417225
9781248417232
9781248417249
9781248417256
9781248417263
9781248417270
9781248417287
9781248417294
9781248417300
9781248417317
9781248417324
9781248417331
9781248417348
9781248417355
9781248417362
9781248417379
9781248417386
9781248417393
9781248417409
9781248417416
9781248417423
9781248417430
9781248417447
9781248417454
9781248417461
9781248417478
9781248417485
9781248417492
9781248417508
9781248417515
9781248417522
9781248417539
9781248417546
9781248417553
9781248417560
9781248417577
9781248417584
9781248417591
9781248417607
9781248417614
9781248417621
9781248417638
9781248417645
9781248417652
9781248417669
9781248417676
9781248417683
9781248417690
9781248417706
9781248417713
9781248417720
9781248417737
9781248417744
9781248417751
9781248417768
9781248417775
9781248417782
9781248417799
9781248417805
9781248417812
9781248417829
9781248417836
9781248417843
9781248417850
9781248417867
9781248417874
9781248417881
9781248417898
9781248417904
9781248417911
9781248417928
9781248417935
9781248417942
9781248417959
9781248417966
9781248417973
9781248417980
9781248417997
9781248418000
9781248418017
9781248418024
9781248418031
9781248418048
9781248418055
9781248418062
9781248418079
9781248418086
9781248418093
9781248418109
9781248418116
9781248418123
9781248418130
9781248418147
9781248418154
9781248418161
9781248418178
9781248418185
9781248418192
9781248418208
9781248418215
9781248418222
9781248418239
9781248418246
9781248418253
9781248418260
9781248418277
9781248418284
9781248418291
9781248418307
9781248418314
9781248418321
9781248418338
9781248418345
9781248418352
9781248418369
9781248418376
9781248418383
9781248418390
9781248418406
9781248418413
9781248418420
9781248418437
9781248418444
9781248418451
9781248418468
9781248418475
9781248418482
9781248418499
9781248418505
9781248418512
9781248418529
9781248418536
9781248418543
9781248418550
9781248418567
9781248418574
9781248418581
9781248418598
9781248418604
9781248418611
9781248418628
9781248418635
9781248418642
9781248418659
9781248418666
9781248418673
9781248418680
9781248418697
9781248418703
9781248418710
9781248418727
9781248418734
9781248418741
9781248418758
9781248418765
9781248418772
9781248418789
9781248418796
9781248418802
9781248418819
9781248418826
9781248418833
9781248418840
9781248418857
9781248418864
9781248418871
9781248418888
9781248418895
9781248418901
9781248418918
9781248418925
9781248418932
9781248418949
9781248418956
9781248418963
9781248418970
9781248418987
9781248418994
9781248419007
9781248419014
9781248419021
9781248419038
9781248419045
9781248419052
9781248419069
9781248419076
9781248419083
9781248419090
9781248419106
9781248419113
9781248419120
9781248419137
9781248419144
9781248419151
9781248419168
9781248419175
9781248419182
9781248419199
9781248419205
9781248419212
9781248419229
9781248419236
9781248419243
9781248419250
9781248419267
9781248419274
9781248419281
9781248419298
9781248419304
9781248419311
9781248419328
9781248419335
9781248419342
9781248419359
9781248419366
9781248419373
9781248419380
9781248419397
9781248419403
9781248419410
9781248419427
9781248419434
9781248419441
9781248419458
9781248419465
9781248419472
9781248419489
9781248419496
9781248419502
9781248419519
9781248419526
9781248419533
9781248419540
9781248419557
9781248419564
9781248419571
9781248419588
9781248419595
9781248419601
9781248419618
9781248419625
9781248419632
9781248419649
9781248419656
9781248419663
9781248419670
9781248419687
9781248419694
9781248419700
9781248419717
9781248419724
9781248419731
9781248419748
9781248419755
9781248419762
9781248419779
9781248419786
9781248419793
9781248419809
9781248419816
9781248419823
9781248419830
9781248419847
9781248419854
9781248419861
9781248419878
9781248419885
9781248419892
9781248419908
9781248419915
9781248419922
9781248419939
9781248419946
9781248419953
9781248419960
9781248419977
9781248419984
9781248419991
9781248420003
9781248420010
9781248420027
9781248420034
9781248420041
9781248420058
9781248420065
9781248420072
9781248420089
9781248420096
9781248420102
9781248420119
9781248420126
9781248420133
9781248420140
9781248420157
9781248420164
9781248420171
9781248420188
9781248420195
9781248420201
9781248420218
9781248420225
9781248420232
9781248420249
9781248420256
9781248420263
9781248420270
9781248420287
9781248420294
9781248420300
9781248420317
9781248420324
9781248420331
9781248420348
9781248420355
9781248420362
9781248420379
9781248420386
9781248420393
9781248420409
9781248420416
9781248420423
9781248420430
9781248420447
9781248420454
9781248420461
9781248420478
9781248420485
9781248420492
9781248420508
9781248420515
9781248420522
9781248420539
9781248420546
9781248420553
9781248420560
9781248420577
9781248420584
9781248420591
9781248420607
9781248420614
9781248420621
9781248420638
9781248420645
9781248420652
9781248420669
9781248420676
9781248420683
9781248420690
9781248420706
9781248420713
9781248420720
9781248420737
9781248420744
9781248420751
9781248420768
9781248420775
9781248420782
9781248420799
9781248420805
9781248420812
9781248420829
9781248420836
9781248420843
9781248420850
9781248420867
9781248420874
9781248420881
9781248420898
9781248420904
9781248420911
9781248420928
9781248420935
9781248420942
9781248420959
9781248420966
9781248420973
9781248420980
9781248420997
9781248421000
9781248421017
9781248421024
9781248421031
9781248421048
9781248421055
9781248421062
9781248421079
9781248421086
9781248421093
9781248421109
9781248421116
9781248421123
9781248421130
9781248421147
9781248421154
9781248421161
9781248421178
9781248421185
9781248421192
9781248421208
9781248421215
9781248421222
9781248421239
9781248421246
9781248421253
9781248421260
9781248421277
9781248421284
9781248421291
9781248421307
9781248421314
9781248421321
9781248421338
9781248421345
9781248421352
9781248421369
9781248421376
9781248421383
9781248421390
9781248421406
9781248421413
9781248421420
9781248421437
9781248421444
9781248421451
9781248421468
9781248421475
9781248421482
9781248421499
9781248421505
9781248421512
9781248421529
9781248421536
9781248421543
9781248421550
9781248421567
9781248421574
9781248421581
9781248421598
9781248421604
9781248421611
9781248421628
9781248421635
9781248421642
9781248421659
9781248421666
9781248421673
9781248421680
9781248421697
9781248421703
9781248421710
9781248421727
9781248421734
9781248421741
9781248421758
9781248421765
9781248421772
9781248421789
9781248421796
9781248421802
9781248421819
9781248421826
9781248421833
9781248421840
9781248421857
9781248421864
9781248421871
9781248421888
9781248421895
9781248421901
9781248421918
9781248421925
9781248421949
9781248421956
9781248421963
9781248421970
9781248421987
9781248421994
9781248422007
9781248422014
9781248422021
9781248422038
9781248422045
9781248422052
9781248422069
9781248422076
9781248422083
9781248422090
9781248422106
9781248422113
9781248422120
9781248422137
9781248422144
9781248422151
9781248422168
9781248422175
9781248422182
9781248422199
9781248422205
9781248422212
9781248422229
9781248422236
9781248422243
9781248422250
9781248422267
9781248422274
9781248422281
9781248422298
9781248422304
9781248422311
9781248422328
9781248422335
9781248422342
9781248422359
9781248422366
9781248422373
9781248422380
9781248422397
9781248422403
9781248422410
9781248422427
9781248422434
9781248422441
9781248422458
9781248422465
9781248422472
9781248422489
9781248422502
9781248422519
9781248422526
9781248422533
9781248422540
9781248422557
9781248422564
9781248422571
9781248422588
9781248422595
9781248422601
9781248422618
9781248422625
9781248422632
9781248422649
9781248422656
9781248422663
9781248422670
9781248422687
9781248422694
9781248422700
9781248422717
9781248422724
9781248422731
9781248422748
9781248422755
9781248422762
9781248422779
9781248422786
9781248422793
9781248422809
9781248422816
9781248422823
9781248422830
9781248422847
9781248422854
9781248422861
9781248422878
9781248422885
9781248422892
9781248422908
9781248422915
9781248422922
9781248422939
9781248422946
9781248422953
9781248422960
9781248422977
9781248422984
9781248422991
9781248423004
9781248423011
9781248423028
9781248423035
9781248423042
9781248423059
9781248423066
9781248423073
9781248423080
9781248423097
9781248423103
9781248423110
9781248423127
9781248423134
9781248423141
9781248423158
9781248423165
9781248423172
9781248423189
9781248423196
9781248423202
9781248423219
9781248423226
9781248423233
9781248423240
9781248423257
9781248423264
9781248423271
9781248423288
9781248423295
9781248423301
9781248423318
9781248423325
9781248423332
9781248423349
9781248423356
9781248423363
9781248423370
9781248423387
9781248423394
9781248423400
9781248423417
9781248423424
9781248423431
9781248423448
9781248423455
9781248423462
9781248423479
9781248423486
9781248423493
9781248423509
9781248423516
9781248423523
9781248423530
9781248423547
9781248423554
9781248423561
9781248423578
9781248423585
9781248423592
9781248423608
9781248423615
9781248423622
9781248423639
9781248423646
9781248423653
9781248423660
9781248423677
9781248423684
9781248423691
9781248423707
9781248423714
9781248423721
9781248423738
9781248423745
9781248423752
9781248423769
9781248423776
9781248423783
9781248423790
9781248423806
9781248423813
9781248423820
9781248423837
9781248423844
9781248423851
9781248423868
9781248423875
9781248423882
9781248423899
9781248423905
9781248423912
9781248423929
9781248423936
9781248423943
9781248423950
9781248423967
9781248423974
9781248423981
9781248423998
9781248424001
9781248424018
9781248424025
9781248424032
9781248424049
9781248424056
9781248424063
9781248424070
9781248424087
9781248424094
9781248424100
9781248424117
9781248424124
9781248424131
9781248424148
9781248424155
9781248424162
9781248424179
9781248424186
9781248424193
9781248424209
9781248424216
9781248424223
9781248424230
9781248424247
9781248424254
9781248424261
9781248424278
9781248424285
9781248424292
9781248424308
9781248424315
9781248424322
9781248424339
9781248424346
9781248424353
9781248424360
9781248424377
9781248424384
9781248424391
9781248424407
9781248424414
9781248424421
9781248424438
9781248424445
9781248424452
9781248424469
9781248424476
9781248424483
9781248424490
9781248424506
9781248424513
9781248424520
9781248424537
9781248424544
9781248424551
9781248424568
9781248424575
9781248424582
9781248424599
9781248424605
9781248424612
9781248424629
9781248424636
9781248424643
9781248424650
9781248424667
9781248424674
9781248424681
9781248424698
9781248424704
9781248424711
9781248424728
9781248424735
9781248424742
9781248424759
9781248424766
9781248424773
9781248424780
9781248424797
9781248424803
9781248424810
9781248424827
9781248424834
9781248424841
9781248424858
9781248424865
9781248424872
9781248424889
9781248424896
9781248424902
9781248424919
9781248424926
9781248424933
9781248424940
9781248424957
9781248424964
9781248424971
9781248424988
9781248424995
9781248425008
9781248425015
9781248425022
9781248425039
9781248425046
9781248425053
9781248425060
9781248425077
9781248425084
9781248425091
9781248425107
9781248425114
9781248425121
9781248425138
9781248425145
9781248425152
9781248425169
9781248425176
9781248425183
9781248425190
9781248425206
9781248425213
9781248425220
9781248425237
9781248425244
9781248425251
9781248425268
9781248425275
9781248425282
9781248425299
9781248425305
9781248425312
9781248425329
9781248425336
9781248425343
9781248425350
9781248425367
9781248425374
9781248425381
9781248425398
9781248425404
9781248425411
9781248425428
9781248425435
9781248425442
9781248425459
9781248425466
9781248425473
9781248425480
9781248425497
9781248425503
9781248425510
9781248425527
9781248425534
9781248425541
9781248425558
9781248425565
9781248425572
9781248425589
9781248425596
9781248425602
9781248425619
9781248425626
9781248425633
9781248425640
9781248425657
9781248425664
9781248425671
9781248425688
9781248425695
9781248425701
9781248425718
9781248425725
9781248425732
9781248425749
9781248425756
9781248425763
9781248425770
9781248425787
9781248425794
9781248425800
9781248425817
9781248425824
9781248425831
9781248425848
9781248425855
9781248425862
9781248425879
9781248425886
9781248425893
9781248425909
9781248425916
9781248425923
9781248425930
9781248425947
9781248425954
9781248425961
9781248425978
9781248425985
9781248425992
9781248426005
9781248426012
9781248426029
9781248426036
9781248426043
9781248426050
9781248426067
9781248426074
9781248426081
9781248426098
9781248426104
9781248426111
9781248426128
9781248426135
9781248426142
9781248426159
9781248426166
9781248426173
9781248426180
9781248426197
9781248426203
9781248426210
9781248426227
9781248426234
9781248426241
9781248426258
9781248426265
9781248426272
9781248426289
9781248426296
9781248426302
9781248426319
9781248426326
9781248426333
9781248426340
9781248426357
9781248426364
9781248426371
9781248426388
9781248426395
9781248426401
9781248426418
9781248426425
9781248426432
9781248426449
9781248426456
9781248426463
9781248426470
9781248426487
9781248426494
9781248426500
9781248426517
9781248426524
9781248426531
9781248426548
9781248426555
9781248426562
9781248426579
9781248426586
9781248426593
9781248426609
9781248426616
9781248426623
9781248426630
9781248426647
9781248426654
9781248426661
9781248426678
9781248426685
9781248426692
9781248426708
9781248426715
9781248426722
9781248426739
9781248426746
9781248426753
9781248426760
9781248426777
9781248426784
9781248426791
9781248426807
9781248426814
9781248426821
9781248426838
9781248426845
9781248426852
9781248426869
9781248426876
9781248426883
9781248426890
9781248426906
9781248426913
9781248426920
9781248426937
9781248426944
9781248426951
9781248426968
9781248426975
9781248426982
9781248426999
9781248427002
9781248427019
9781248427026
9781248427033
9781248427040
9781248427057
9781248427064
9781248427071
9781248427088
9781248427095
9781248427101
9781248427118
9781248427125
9781248427132
9781248427149
9781248427156
9781248427163
9781248427170
9781248427187
9781248427194
9781248427200
9781248427217
9781248427224
9781248427231
9781248427248
9781248427255
9781248427262
9781248427279
9781248427286
9781248427293
9781248427309
9781248427316
9781248427323
9781248427330
9781248427347
9781248427354
9781248427361
9781248427378
9781248427385
9781248427392
9781248427408
9781248427415
9781248427422
9781248427439
9781248427446
9781248427453
9781248427460
9781248427477
9781248427484
9781248427491
9781248427507
9781248427514
9781248427521
9781248427538
9781248427545
9781248427552
9781248427569
9781248427576
9781248427583
9781248427590
9781248427606
9781248427613
9781248427620
9781248427637
9781248427644
9781248427651
9781248427668
9781248427675
9781248427682
9781248427699
9781248427705
9781248427712
9781248427729
9781248427736
9781248427743
9781248427750
9781248427767
9781248427774
9781248427781
9781248427798
9781248427804
9781248427811
9781248427828
9781248427835
9781248427842
9781248427859
9781248427866
9781248427873
9781248427880
9781248427897
9781248427903
9781248427910
9781248427927
9781248427934
9781248427941
9781248427958
9781248427965
9781248427972
9781248427989
9781248427996
9781248428009
9781248428016
9781248428023
9781248428030
9781248428047
9781248428054
9781248428061
9781248428078
9781248428085
9781248428092
9781248428108
9781248428115
9781248428122
9781248428139
9781248428146
9781248428153
9781248428160
9781248428177
9781248428184
9781248428191
9781248428207
9781248428214
9781248428221
9781248428238
9781248428245
9781248428252
9781248428269
9781248428276
9781248428283
9781248428290
9781248428306
9781248428313
9781248428320
9781248428337
9781248428344
9781248428351
9781248428368
9781248428375
9781248428382
9781248428399
9781248428405
9781248428412
9781248428429
9781248428436
9781248428443
9781248428450
9781248428467
9781248428474
9781248428481
9781248428498
9781248428504
9781248428511
9781248428528
9781248428535
9781248428542
9781248428559
9781248428566
9781248428573
9781248428580
9781248428597
9781248428603
9781248428610
9781248428627
9781248428634
9781248428641
9781248428658
9781248428665
9781248428672
9781248428689
9781248428696
9781248428702
9781248428719
9781248428726
9781248428733
9781248428740
9781248428757
9781248428764
9781248428771
9781248428788
9781248428795
9781248428801
9781248428818
9781248428825
9781248428832
9781248428849
9781248428856
9781248428863
9781248428870
9781248428887
9781248428894
9781248428900
9781248428917
9781248428924
9781248428931
9781248428948
9781248428955
9781248428962
9781248428979
9781248428986
9781248428993
9781248429006
9781248429013
9781248429020
9781248429037
9781248429044
9781248429051
9781248429075
9781248429082
9781248429099
9781248429105
9781248429112
9781248429129
9781248429136
9781248429143
9781248429150
9781248429167
9781248429174
9781248429181
9781248429198
9781248429204
9781248429211
9781248429228
9781248429235
9781248429242
9781248429259
9781248429266
9781248429273
9781248429280
9781248429297
9781248429303
9781248429310
9781248429327
9781248429334
9781248429341
9781248429358
9781248429365
9781248429372
9781248429389
9781248429396
9781248429402
9781248429419
9781248429426
9781248429433
9781248429440
9781248429457
9781248429464
9781248429471
9781248429488
9781248429495
9781248429501
9781248429518
9781248429525
9781248429532
9781248429549
9781248429556
9781248429563
9781248429570
9781248429587
9781248429594
9781248429600
9781248429617
9781248429624
9781248429631
9781248429648
9781248429655
9781248429662
9781248429679
9781248429686
9781248429693
9781248429709
9781248429716
9781248429723
9781248429730
9781248429747
9781248429754
9781248429761
9781248429778
9781248429785
9781248429792
9781248429808
9781248429815
9781248429822
9781248429839
9781248429846
9781248429853
9781248429860
9781248429877
9781248429884
9781248429891
9781248429907
9781248429914
9781248429921
9781248429938
9781248429945
9781248429952
9781248429969
9781248429976
9781248429983
9781248429990
9781248430002
9781248430019
9781248430026
9781248430033
9781248430040
9781248430057
9781248430064
9781248430071
9781248430088
9781248430095
9781248430101
9781248430118
9781248430125
9781248430132
9781248430149
9781248430156
9781248430163
9781248430170
9781248430187
9781248430194
9781248430200
9781248430217
9781248430224
9781248430231
9781248430248
9781248430255
9781248430262
9781248430279
9781248430286
9781248430293
9781248430309
9781248430316
9781248430323
9781248430330
9781248430347
9781248430354
9781248430361
9781248430378
9781248430385
9781248430392
9781248430408
9781248430415
9781248430422
9781248430439
9781248430446
9781248430453
9781248430460
9781248430477
9781248430484
9781248430491
9781248430507
9781248430514
9781248430521
9781248430538
9781248430545
9781248430552
9781248430569
9781248430576
9781248430583
9781248430590
9781248430606
9781248430613
9781248430620
9781248430637
9781248430644
9781248430651
9781248430668
9781248430675
9781248430682
9781248430699
9781248430705
9781248430712
9781248430729
9781248430736
9781248430743
9781248430750
9781248430767
9781248430774
9781248430781
9781248430798
9781248430804
9781248430811
9781248430828
9781248430835
9781248430842
9781248430859
9781248430866
9781248430873
9781248430880
9781248430897
9781248430903
9781248430910
9781248430927
9781248430934
9781248430941
9781248430958
9781248430965
9781248430972
9781248430989
9781248430996
9781248431009
9781248431016
9781248431023
9781248431030
9781248431047
9781248431061
9781248431078
9781248431085
9781248431092
9781248431108
9781248431115
9781248431122
9781248431139
9781248431146
9781248431153
9781248431160
9781248431177
9781248431184
9781248431191
9781248431207
9781248431214
9781248431221
9781248431238
9781248431245
9781248431252
9781248431269
9781248431276
9781248431283
9781248431290
9781248431306
9781248431313
9781248431320
9781248431337
9781248431344
9781248431351
9781248431368
9781248431375
9781248431382
9781248431399
9781248431405
9781248431412
9781248431429
9781248431436
9781248431443
9781248431450
9781248431467
9781248431474
9781248431481
9781248431498
9781248431504
9781248431511
9781248431528
9781248431535
9781248431542
9781248431559
9781248431566
9781248431573
9781248431580
9781248431597
9781248431603
9781248431610
9781248431627
9781248431634
9781248431641
9781248431658
9781248431665
9781248431672
9781248431689
9781248431696
9781248431702
9781248431719
9781248431726
9781248431733
9781248431740
9781248431757
9781248431764
9781248431771
9781248431788
9781248431795
9781248431801
9781248431818
9781248431825
9781248431832
9781248431849
9781248431856
9781248431863
9781248431870
9781248431887
9781248431894
9781248431900
9781248431917
9781248431924
9781248431931
9781248431948
9781248431955
9781248431962
9781248431979
9781248431986
9781248431993
9781248432006
9781248432013
9781248432020
9781248432037
9781248432044
9781248432051
9781248432068
9781248432075
9781248432082
9781248432099
9781248432105
9781248432112
9781248432129
9781248432136
9781248432143
9781248432150
9781248432167
9781248432174
9781248432181
9781248432198
9781248432204
9781248432211
9781248432228
9781248432235
9781248432242
9781248432259
9781248432266
9781248432273
9781248432280
9781248432297
9781248432303
9781248432310
9781248432327
9781248432334
9781248432341
9781248432358
9781248432365
9781248432372
9781248432389
9781248432396
9781248432402
9781248432419
9781248432426
9781248432433
9781248432440
9781248432457
9781248432464
9781248432471
9781248432488
9781248432495
9781248432501
9781248432518
9781248432525
9781248432532
9781248432549
9781248432556
9781248432563
9781248432570
9781248432587
9781248432594
9781248432600
9781248432617
9781248432624
9781248432631
9781248432648
9781248432655
9781248432662
9781248432679
9781248432686
9781248432693
9781248432709
9781248432716
9781248432723
9781248432730
9781248432747
9781248432754
9781248432761
9781248432778
9781248432785
9781248432792
9781248432808
9781248432815
9781248432822
9781248432839
9781248432846
9781248432853
9781248432860
9781248432877
9781248432884
9781248432891
9781248432907
9781248432914
9781248432921
9781248432938
9781248432945
9781248432952
9781248432969
9781248432976
9781248432983
9781248432990
9781248433003
9781248433010
9781248433027
9781248433034
9781248433041
9781248433058
9781248433065
9781248433072
9781248433089
9781248433096
9781248433102
9781248433119
9781248433126
9781248433133
9781248433140
9781248433157
9781248433164
9781248433171
9781248433188
9781248433195
9781248433201
9781248433218
9781248433225
9781248433232
9781248433249
9781248433256
9781248433263
9781248433270
9781248433287
9781248433294
9781248433300
9781248433317
9781248433324
9781248433331
9781248433348
9781248433355
9781248433362
9781248433379
9781248433386
9781248433393
9781248433409
9781248433416
9781248433423
9781248433430
9781248433447
9781248433454
9781248433461
9781248433478
9781248433485
9781248433492
9781248433508
9781248433515
9781248433522
9781248433539
9781248433546
9781248433553
9781248433560
9781248433577
9781248433584
9781248433591
9781248433607
9781248433614
9781248433621
9781248433638
9781248433645
9781248433652
9781248433669
9781248433676
9781248433683
9781248433690
9781248433706
9781248433713
9781248433720
9781248433737
9781248433744
9781248433768
9781248433775
9781248433782
9781248433799
9781248433805
9781248433812
9781248433829
9781248433836
9781248433843
9781248433850
9781248433867
9781248433874
9781248433881
9781248433898
9781248433904
9781248433911
9781248433928
9781248433935
9781248433942
9781248433959
9781248433966
9781248433973
9781248433980
9781248433997
9781248434000
9781248434017
9781248434024
9781248434031
9781248434048
9781248434055
9781248434062
9781248434079
9781248434086
9781248434093
9781248434109
9781248434116
9781248434123
9781248434130
9781248434147
9781248434154
9781248434161
9781248434178
9781248434185
9781248434192
9781248434208
9781248434215
9781248434222
9781248434239
9781248434246
9781248434253
9781248434260
9781248434277
9781248434284
9781248434291
9781248434307
9781248434314
9781248434321
9781248434338
9781248434345
9781248434352
9781248434369
9781248434376
9781248434383
9781248434390
9781248434406
9781248434413
9781248434420
9781248434437
9781248434444
9781248434451
9781248434468
9781248434475
9781248434482
9781248434499
9781248434505
9781248434512
9781248434529
9781248434536
9781248434543
9781248434550
9781248434567
9781248434574
9781248434581
9781248434598
9781248434604
9781248434611
9781248434628
9781248434635
9781248434642
9781248434659
9781248434666
9781248434673
9781248434680
9781248434697
9781248434703
9781248434710
9781248434734
9781248434741
9781248434758
9781248434765
9781248434772
9781248434789
9781248434796
9781248434802
9781248434819
9781248434826
9781248434833
9781248434840
9781248434857
9781248434864
9781248434871
9781248434888
9781248434895
9781248434901
9781248434918
9781248434925
9781248434932
9781248434949
9781248434956
9781248434963
9781248434970
9781248434987
9781248434994
9781248435007
9781248435014
9781248435021
9781248435038
9781248435045
9781248435052
9781248435069
9781248435076
9781248435083
9781248435090
9781248435106
9781248435113
9781248435120
9781248435137
9781248435144
9781248435151
9781248435168
9781248435175
9781248435182
9781248435199
9781248435205
9781248435212
9781248435229
9781248435236
9781248435243
9781248435250
9781248435267
9781248435274
9781248435281
9781248435298
9781248435304
9781248435311
9781248435328
9781248435335
9781248435342
9781248435359
9781248435366
9781248435373
9781248435380
9781248435397
9781248435403
9781248435410
9781248435427
9781248435434
9781248435441
9781248435458
9781248435465
9781248435472
9781248435489
9781248435496
9781248435502
9781248435519
9781248435526
9781248435533
9781248435540
9781248435557
9781248435564
9781248435571
9781248435588
9781248435595
9781248435601
9781248435618
9781248435625
9781248435632
9781248435649
9781248435656
9781248435663
9781248435670
9781248435687
9781248435694
9781248435700
9781248435717
9781248435724
9781248435731
9781248435748
9781248435755
9781248435762
9781248435779
9781248435786
9781248435793
9781248435809
9781248435816
9781248435823
9781248435830
9781248435847
9781248435854
9781248435861
9781248435878
9781248435885
9781248435892
9781248435908
9781248435915
9781248435922
9781248435939
9781248435946
9781248435953
9781248435960
9781248435977
9781248435984
9781248435991
9781248436004
9781248436011
9781248436028
9781248436035
9781248436042
9781248436059
9781248436066
9781248436073
9781248436080
9781248436097
9781248436103
9781248436110
9781248436127
9781248436134
9781248436141
9781248436158
9781248436165
9781248436172
9781248436189
9781248436196
9781248436202
9781248436219
9781248436226
9781248436233
9781248436240
9781248436257
9781248436264
9781248436271
9781248436288
9781248436295
9781248436301
9781248436318
9781248436325
9781248436332
9781248436349
9781248436356
9781248436363
9781248436370
9781248436387
9781248436394
9781248436400
9781248436417
9781248436424
9781248436431
9781248436448
9781248436455
9781248436462
9781248436479
9781248436486
9781248436493
9781248436509
9781248436516
9781248436523
9781248436530
9781248436547
9781248436554
9781248436561
9781248436578
9781248436585
9781248436592
9781248436608
9781248436615
9781248436622
9781248436639
9781248436646
9781248436653
9781248436660
9781248436677
9781248436684
9781248436691
9781248436707
9781248436714
9781248436721
9781248436738
9781248436745
9781248436752
9781248436769
9781248436776
9781248436783
9781248436790
9781248436806
9781248436813
9781248436820
9781248436837
9781248436844
9781248436851
9781248436868
9781248436875
9781248436882
9781248436899
9781248436905
9781248436912
9781248436929
9781248436936
9781248436943
9781248436967
9781248436974
9781248436981
9781248436998
9781248437001
9781248437018
9781248437025
9781248437032
9781248437049
9781248437056
9781248437063
9781248437070
9781248437087
9781248437094
9781248437100
9781248437117
9781248437124
9781248437131
9781248437148
9781248437155
9781248437162
9781248437179
9781248437186
9781248437193
9781248437209
9781248437216
9781248437223
9781248437230
9781248437247
9781248437254
9781248437261
9781248437278
9781248437285
9781248437292
9781248437308
9781248437315
9781248437322
9781248437339
9781248437346
9781248437353
9781248437360
9781248437377
9781248437384
9781248437391
9781248437407
9781248437414
9781248437421
9781248437438
9781248437445
9781248437452
9781248437469
9781248437476
9781248437483
9781248437490
9781248437506
9781248437513
9781248437520
9781248437537
9781248437544
9781248437551
9781248437568
9781248437575
9781248437582
9781248437599
9781248437605
9781248437612
9781248437629
9781248437636
9781248437643
9781248437650
9781248437667
9781248437674
9781248437681
9781248437698
9781248437704
9781248437711
9781248437728
9781248437735
9781248437742
9781248437759
9781248437766
9781248437773
9781248437780
9781248437797
9781248437803
9781248437810
9781248437827
9781248437834
9781248437841
9781248437858
9781248437865
9781248437872
9781248437889
9781248437896
9781248437902
9781248437919
9781248437926
9781248437933
9781248437940
9781248437957
9781248437964
9781248437971
9781248437988
9781248437995
9781248438008
9781248438015
9781248438022
9781248438039
9781248438046
9781248438053
9781248438060
9781248438077
9781248438084
9781248438091
9781248438107
9781248438114
9781248438121
9781248438138
9781248438152
9781248438169
9781248438176
9781248438183
9781248438190
9781248438206
9781248438213
9781248438220
9781248438237
9781248438244
9781248438251
9781248438268
9781248438275
9781248438282
9781248438299
9781248438305
9781248438312
9781248438329
9781248438336
9781248438343
9781248438350
9781248438367
9781248438374
9781248438381
9781248438398
9781248438404
9781248438411
9781248438428
9781248438435
9781248438442
9781248438459
9781248438466
9781248438473
9781248438480
9781248438497
9781248438503
9781248438510
9781248438527
9781248438534
9781248438541
9781248438558
9781248438565
9781248438572
9781248438589
9781248438596
9781248438602
9781248438619
9781248438626
9781248438633
9781248438640
9781248438657
9781248438664
9781248438671
9781248438688
9781248438695
9781248438701
9781248438718
9781248438725
9781248438732
9781248438749
9781248438756
9781248438763
9781248438770
9781248438787
9781248438794
9781248438800
9781248438817
9781248438824
9781248438831
9781248438848
9781248438855
9781248438862
9781248438879
9781248438886
9781248438893
9781248438909
9781248438916
9781248438923
9781248438930
9781248438947
9781248438954
9781248438961
9781248438978
9781248438985
9781248438992
9781248439005
9781248439012
9781248439029
9781248439036
9781248439043
9781248439050
9781248439067
9781248439074
9781248439081
9781248439098
9781248439104
9781248439111
9781248439128
9781248439135
9781248439142
9781248439159
9781248439166
9781248439173
9781248439180
9781248439197
9781248439203
9781248439210
9781248439227
9781248439234
9781248439241
9781248439258
9781248439265
9781248439272
9781248439289
9781248439296
9781248439302
9781248439319
9781248439326
9781248439333
9781248439340
9781248439357
9781248439364
9781248439371
9781248439388
9781248439395
9781248439401
9781248439418
9781248439425
9781248439432
9781248439449
9781248439456
9781248439463
9781248439470
9781248439487
9781248439494
9781248439500
9781248439517
9781248439524
9781248439531
9781248439548
9781248439555
9781248439562
9781248439579
9781248439586
9781248439593
9781248439609
9781248439616
9781248439623
9781248439630
9781248439647
9781248439654
9781248439661
9781248439678
9781248439685
9781248439692
9781248439708
9781248439715
9781248439722
9781248439739
9781248439746
9781248439753
9781248439760
9781248439777
9781248439784
9781248439791
9781248439807
9781248439814
9781248439821
9781248439838
9781248439845
9781248439852
9781248439869
9781248439876
9781248439883
9781248439890
9781248439906
9781248439913
9781248439920
9781248439937
9781248439944
9781248439951
9781248439968
9781248439975
9781248439982
9781248439999
9781248440001
9781248440018
9781248440025
9781248440032
9781248440049
9781248440056
9781248440063
9781248440070
9781248440087
9781248440094
9781248440100
9781248440117
9781248440124
9781248440131
9781248440148
9781248440155
9781248440162
9781248440179
9781248440186
9781248440193
9781248440209
9781248440216
9781248440223
9781248440230
9781248440247
9781248440254
9781248440261
9781248440278
9781248440285
9781248440292
9781248440308
9781248440315
9781248440322
9781248440339
9781248440346
9781248440353
9781248440360
9781248440377
9781248440384
9781248440391
9781248440407
9781248440414
9781248440421
9781248440438
9781248440445
9781248440452
9781248440469
9781248440476
9781248440483
9781248440490
9781248440506
9781248440513
9781248440520
9781248440537
9781248440544
9781248440551
9781248440568
9781248440575
9781248440582
9781248440599
9781248440605
9781248440612
9781248440629
9781248440636
9781248440643
9781248440650
9781248440667
9781248440674
9781248440681
9781248440698
9781248440704
9781248440711
9781248440728
9781248440735
9781248440742
9781248440759
9781248440773
9781248440780
9781248440797
9781248440803
9781248440810
9781248440827
9781248440834
9781248440841
9781248440858
9781248440865
9781248440872
9781248440889
9781248440896
9781248440902
9781248440919
9781248440926
9781248440933
9781248440940
9781248440957
9781248440964
9781248440971
9781248440988
9781248440995
9781248441008
9781248441015
9781248441022
9781248441039
9781248441046
9781248441053
9781248441060
9781248441077
9781248441084
9781248441091
9781248441107
9781248441114
9781248441121
9781248441138
9781248441145
9781248441152
9781248441169
9781248441176
9781248441183
9781248441190
9781248441206
9781248441213
9781248441220
9781248441237
9781248441244
9781248441251
9781248441268
9781248441275
9781248441282
9781248441299
9781248441305
9781248441312
9781248441329
9781248441336
9781248441343
9781248441350
9781248441367
9781248441374
9781248441381
9781248441398
9781248441404
9781248441411
9781248441428
9781248441435
9781248441442
9781248441459
9781248441466
9781248441473
9781248441480
9781248441497
9781248441503
9781248441510
9781248441527
9781248441534
9781248441541
9781248441558
9781248441565
9781248441572
9781248441589
9781248441596
9781248441602
9781248441619
9781248441626
9781248441633
9781248441640
9781248441657
9781248441664
9781248441671
9781248441688
9781248441695
9781248441701
9781248441718
9781248441725
9781248441732
9781248441749
9781248441756
9781248441763
9781248441770
9781248441787
9781248441794
9781248441800
9781248441817
9781248441824
9781248441831
9781248441855
9781248441862
9781248441879
9781248441886
9781248441893
9781248441909
9781248441916
9781248441923
9781248441930
9781248441947
9781248441954
9781248441961
9781248441978
9781248441985
9781248441992
9781248442005
9781248442012
9781248442029
9781248442036
9781248442043
9781248442050
9781248442067
9781248442074
9781248442081
9781248442098
9781248442104
9781248442111
9781248442128
9781248442135
9781248442142
9781248442159
9781248442166
9781248442173
9781248442180
9781248442197
9781248442203
9781248442210
9781248442227
9781248442234
9781248442241
9781248442258
9781248442265
9781248442272
9781248442289
9781248442296
9781248442302
9781248442319
9781248442326
9781248442333
9781248442340
9781248442357
9781248442364
9781248442371
9781248442388
9781248442395
9781248442401
9781248442418
9781248442425
9781248442432
9781248442449
9781248442456
9781248442463
9781248442470
9781248442487
9781248442494
9781248442500
9781248442517
9781248442524
9781248442531
9781248442548
9781248442555
9781248442562
9781248442579
9781248442586
9781248442593
9781248442609
9781248442616
9781248442623
9781248442630
9781248442647
9781248442654
9781248442661
9781248442678
9781248442685
9781248442692
9781248442708
9781248442715
9781248442722
9781248442739
9781248442746
9781248442753
9781248442760
9781248442777
9781248442784
9781248442791
9781248442807
9781248442814
9781248442821
9781248442838
9781248442852
9781248442869
9781248442876
9781248442883
9781248442890
9781248442906
9781248442913
9781248442920
9781248442937
9781248442944
9781248442951
9781248442968
9781248442975
9781248442982
9781248442999
9781248443002
9781248443019
9781248443026
9781248443033
9781248443040
9781248443057
9781248443064
9781248443071
9781248443088
9781248443095
9781248443101
9781248443118
9781248443125
9781248443132
9781248443149
9781248443156
9781248443163
9781248443170
9781248443187
9781248443194
9781248443200
9781248443217
9781248443224
9781248443231
9781248443248
9781248443255
9781248443262
9781248443279
9781248443286
9781248443293
9781248443309
9781248443316
9781248443323
9781248443330
9781248443347
9781248443354
9781248443361
9781248443378
9781248443385
9781248443392
9781248443408
9781248443415
9781248443422
9781248443439
9781248443446
9781248443453
9781248443460
9781248443477
9781248443484
9781248443491
9781248443507
9781248443514
9781248443521
9781248443538
9781248443545
9781248443552
9781248443569
9781248443576
9781248443583
9781248443590
9781248443606
9781248443613
9781248443620
9781248443637
9781248443644
9781248443651
9781248443668
9781248443675
9781248443682
9781248443699
9781248443705
9781248443712
9781248443729
9781248443736
9781248443743
9781248443750
9781248443767
9781248443774
9781248443781
9781248443798
9781248443804
9781248443811
9781248443828
9781248443835
9781248443842
9781248443859
9781248443866
9781248443873
9781248443880
9781248443897
9781248443903
9781248443910
9781248443927
9781248443934
9781248443941
9781248443958
9781248443965
9781248443972
9781248443989
9781248443996
9781248444009
9781248444016
9781248444023
9781248444030
9781248444047
9781248444054
9781248444061
9781248444078
9781248444085
9781248444092
9781248444108
9781248444115
9781248444122
9781248444139
9781248444146
9781248444153
9781248444160
9781248444177
9781248444184
9781248444191
9781248444207
9781248444214
9781248444221
9781248444238
9781248444245
9781248444252
9781248444269
9781248444276
9781248444283
9781248444290
9781248444306
9781248444313
9781248444320
9781248444337
9781248444344
9781248444351
9781248444368
9781248444375
9781248444382
9781248444399
9781248444405
9781248444412
9781248444429
9781248444436
9781248444443
9781248444450
9781248444467
9781248444474
9781248444481
9781248444498
9781248444504
9781248444511
9781248444528
9781248444535
9781248444542
9781248444559
9781248444566
9781248444573
9781248444580
9781248444597
9781248444603
9781248444610
9781248444627
9781248444634
9781248444641
9781248444658
9781248444665
9781248444672
9781248444689
9781248444696
9781248444702
9781248444719
9781248444726
9781248444733
9781248444740
9781248444757
9781248444764
9781248444771
9781248444788
9781248444795
9781248444801
9781248444818
9781248444825
9781248444832
9781248444849
9781248444856
9781248444863
9781248444870
9781248444887
9781248444894
9781248444900
9781248444917
9781248444924
9781248444931
9781248444948
9781248444955
9781248444962
9781248444979
9781248444986
9781248444993
9781248445006
9781248445013
9781248445020
9781248445037
9781248445044
9781248445051
9781248445068
9781248445075
9781248445082
9781248445099
9781248445105
9781248445112
9781248445129
9781248445136
9781248445143
9781248445150
9781248445167
9781248445174
9781248445181
9781248445198
9781248445204
9781248445211
9781248445228
9781248445235
9781248445242
9781248445259
9781248445266
9781248445273
9781248445280
9781248445297
9781248445303
9781248445310
9781248445327
9781248445334
9781248445341
9781248445358
9781248445365
9781248445372
9781248445389
9781248445396
9781248445402
9781248445419
9781248445426
9781248445433
9781248445440
9781248445457
9781248445464
9781248445471
9781248445488
9781248445495
9781248445501
9781248445518
9781248445525
9781248445532
9781248445549
9781248445556
9781248445563
9781248445570
9781248445587
9781248445594
9781248445600
9781248445617
9781248445624
9781248445631
9781248445648
9781248445655
9781248445662
9781248445679
9781248445686
9781248445693
9781248445709
9781248445716
9781248445723
9781248445730
9781248445747
9781248445754
9781248445761
9781248445778
9781248445785
9781248445792
9781248445808
9781248445815
9781248445822
9781248445839
9781248445846
9781248445853
9781248445860
9781248445877
9781248445884
9781248445891
9781248445907
9781248445914
9781248445921
9781248445938
9781248445945
9781248445952
9781248445969
9781248445976
9781248445983
9781248445990
9781248446003
9781248446010
9781248446027
9781248446034
9781248446041
9781248446058
9781248446065
9781248446072
9781248446089
9781248446096
9781248446102
9781248446119
9781248446126
9781248446133
9781248446140
9781248446157
9781248446164
9781248446171
9781248446188
9781248446195
9781248446201
9781248446218
9781248446225
9781248446232
9781248446249
9781248446256
9781248446263
9781248446270
9781248446287
9781248446294
9781248446300
9781248446317
9781248446324
9781248446331
9781248446348
9781248446355
9781248446362
9781248446379
9781248446386
9781248446393
9781248446409
9781248446416
9781248446423
9781248446430
9781248446447
9781248446454
9781248446461
9781248446478
9781248446485
9781248446492
9781248446508
9781248446515
9781248446522
9781248446539
9781248446546
9781248446553
9781248446560
9781248446577
9781248446584
9781248446591
9781248446607
9781248446614
9781248446621
9781248446638
9781248446645
9781248446652
9781248446669
9781248446676
9781248446683
9781248446690
9781248446706
9781248446713
9781248446720
9781248446737
9781248446744
9781248446751
9781248446768
9781248446775
9781248446782
9781248446799
9781248446805
9781248446812
9781248446829
9781248446836
9781248446843
9781248446850
9781248446867
9781248446874
9781248446881
9781248446898
9781248446904
9781248446911
9781248446928
9781248446935
9781248446942
9781248446959
9781248446966
9781248446973
9781248446980
9781248446997
9781248447000
9781248447017
9781248447024
9781248447031
9781248447048
9781248447055
9781248447062
9781248447079
9781248447086
9781248447093
9781248447109
9781248447116
9781248447123
9781248447130
9781248447147
9781248447154
9781248447161
9781248447178
9781248447185
9781248447192
9781248447208
9781248447215
9781248447222
9781248447239
9781248447246
9781248447253
9781248447260
9781248447277
9781248447284
9781248447291
9781248447307
9781248447314
9781248447321
9781248447338
9781248447345
9781248447352
9781248447369
9781248447376
9781248447383
9781248447390
9781248447406
9781248447413
9781248447420
9781248447437
9781248447444
9781248447451
9781248447468
9781248447475
9781248447482
9781248447499
9781248447505
9781248447512
9781248447529
9781248447536
9781248447543
9781248447550
9781248447567
9781248447574
9781248447581
9781248447598
9781248447604
9781248447611
9781248447628
9781248447635
9781248447642
9781248447659
9781248447666
9781248447680
9781248447697
9781248447703
9781248447710
9781248447727
9781248447734
9781248447741
9781248447758
9781248447765
9781248447772
9781248447789
9781248447796
9781248447802
9781248447819
9781248447826
9781248447833
9781248447840
9781248447857
9781248447864
9781248447871
9781248447888
9781248447895
9781248447901
9781248447918
9781248447925
9781248447932
9781248447949
9781248447956
9781248447963
9781248447970
9781248447987
9781248447994
9781248448007
9781248448014
9781248448021
9781248448038
9781248448045
9781248448052
9781248448069
9781248448076
9781248448083
9781248448090
9781248448106
9781248448113
9781248448120
9781248448137
9781248448144
9781248448151
9781248448168
9781248448175
9781248448182
9781248448199
9781248448205
9781248448212
9781248448229
9781248448236
9781248448243
9781248448250
9781248448267
9781248448274
9781248448281
9781248448298
9781248448304
9781248448311
9781248448328
9781248448335
9781248448342
9781248448359
9781248448366
9781248448373
9781248448380
9781248448397
9781248448403
9781248448410
9781248448427
9781248448434
9781248448441
9781248448458
9781248448465
9781248448472
9781248448489
9781248448496
9781248448502
9781248448519
9781248448526
9781248448533
9781248448540
9781248448557
9781248448564
9781248448571
9781248448588
9781248448595
9781248448601
9781248448618
9781248448625
9781248448632
9781248448649
9781248448656
9781248448663
9781248448670
9781248448687
9781248448694
9781248448700
9781248448717
9781248448724
9781248448731
9781248448748
9781248448755
9781248448762
9781248448779
9781248448786
9781248448793
9781248448809
9781248448816
9781248448823
9781248448830
9781248448847
9781248448854
9781248448861
9781248448878
9781248448885
9781248448892
9781248448908
9781248448915
9781248448922
9781248448939
9781248448946
9781248448953
9781248448960
9781248448977
9781248448984
9781248448991
9781248449004
9781248449011
9781248449028
9781248449035
9781248449042
9781248449059
9781248449066
9781248449073
9781248449080
9781248449097
9781248449103
9781248449110
9781248449127
9781248449134
9781248449141
9781248449158
9781248449165
9781248449172
9781248449189
9781248449196
9781248449202
9781248449219
9781248449226
9781248449233
9781248449240
9781248449257
9781248449264
9781248449271
9781248449288
9781248449295
9781248449301
9781248449318
9781248449325
9781248449332
9781248449349
9781248449356
9781248449363
9781248449370
9781248449387
9781248449394
9781248449400
9781248449417
9781248449424
9781248449431
9781248449448
9781248449455
9781248449462
9781248449479
9781248449486
9781248449493
9781248449509
9781248449516
9781248449523
9781248449530
9781248449547
9781248449554
9781248449561
9781248449578
9781248449585
9781248449592
9781248449608
9781248449615
9781248449622
9781248449639
9781248449646
9781248449653
9781248449660
9781248449677
9781248449684
9781248449691
9781248449707
9781248449714
9781248449721
9781248449738
9781248449745
9781248449752
9781248449769
9781248449776
9781248449783
9781248449790
9781248449806
9781248449813
9781248449820
9781248449837
9781248449844
9781248449851
9781248449868
9781248449875
9781248449882
9781248449899
9781248449905
9781248449912
9781248449929
9781248449936
9781248449943
9781248449950
9781248449967
9781248449974
9781248449981
9781248449998
9781248450000
9781248450017
9781248450024
9781248450031
9781248450048
9781248450055
9781248450062
9781248450079
9781248450086
9781248450093
9781248450109
9781248450116
9781248450123
9781248450130
9781248450154
9781248450161
9781248450178
9781248450185
9781248450192
9781248450208
9781248450215
9781248450222
9781248450239
9781248450246
9781248450253
9781248450260
9781248450277
9781248450284
9781248450291
9781248450307
9781248450314
9781248450321
9781248450338
9781248450345
9781248450352
9781248450369
9781248450376
9781248450383
9781248450390
9781248450406
9781248450413
9781248450420
9781248450437
9781248450444
9781248450451
9781248450468
9781248450475
9781248450482
9781248450499
9781248450505
9781248450512
9781248450529
9781248450536
9781248450543
9781248450550
9781248450567
9781248450574
9781248450581
9781248450598
9781248450604
9781248450611
9781248450628
9781248450635
9781248450642
9781248450659
9781248450666
9781248450673
9781248450680
9781248450697
9781248450703
9781248450710
9781248450727
9781248450734
9781248450741
9781248450758
9781248450765
9781248450772
9781248450789
9781248450796
9781248450802
9781248450819
9781248450826
9781248450833
9781248450840
9781248450857
9781248450864
9781248450871
9781248450888
9781248450895
9781248450901
9781248450918
9781248450925
9781248450932
9781248450949
9781248450956
9781248450963
9781248450970
9781248450987
9781248450994
9781248451007
9781248451014
9781248451021
9781248451038
9781248451045
9781248451052
9781248451069
9781248451076
9781248451083
9781248451090
9781248451106
9781248451113
9781248451120
9781248451137
9781248451144
9781248451151
9781248451168
9781248451175
9781248451182
9781248451199
9781248451205
9781248451212
9781248451229
9781248451236
9781248451243
9781248451250
9781248451267
9781248451274
9781248451281
9781248451298
9781248451304
9781248451311
9781248451328
9781248451335
9781248451342
9781248451359
9781248451366
9781248451373
9781248451380
9781248451397
9781248451403
9781248451410
9781248451427
9781248451434
9781248451441
9781248451458
9781248451465
9781248451472
9781248451489
9781248451496
9781248451502
9781248451519
9781248451526
9781248451533
9781248451540
9781248451557
9781248451564
9781248451571
9781248451588
9781248451595
9781248451601
9781248451618
9781248451625
9781248451632
9781248451649
9781248451656
9781248451663
9781248451670
9781248451687
9781248451694
9781248451700
9781248451717
9781248451724
9781248451731
9781248451748
9781248451755
9781248451762
9781248451779
9781248451786
9781248451793
9781248451809
9781248451816
9781248451823
9781248451830
9781248451847
9781248451854
9781248451861
9781248451878
9781248451885
9781248451892
9781248451908
9781248451915
9781248451922
9781248451939
9781248451946
9781248451953
9781248451960
9781248451977
9781248451984
9781248451991
9781248452004
9781248452011
9781248452028
9781248452035
9781248452042
9781248452059
9781248452066
9781248452073
9781248452080
9781248452097
9781248452103
9781248452110
9781248452127
9781248452134
9781248452141
9781248452158
9781248452165
9781248452172
9781248452189
9781248452196
9781248452202
9781248452219
9781248452226
9781248452233
9781248452240
9781248452257
9781248452264
9781248452271
9781248452288
9781248452295
9781248452301
9781248452318
9781248452325
9781248452332
9781248452349
9781248452356
9781248452363
9781248452370
9781248452387
9781248452394
9781248452400
9781248452417
9781248452424
9781248452431
9781248452448
9781248452455
9781248452462
9781248452479
9781248452486
9781248452493
9781248452509
9781248452516
9781248452523
9781248452530
9781248452547
9781248452554
9781248452561
9781248452578
9781248452585
9781248452592
9781248452608
9781248452615
9781248452622
9781248452639
9781248452646
9781248452653
9781248452660
9781248452677
9781248452684
9781248452691
9781248452707
9781248452714
9781248452721
9781248452738
9781248452745
9781248452752
9781248452769
9781248452776
9781248452783
9781248452806
9781248452813
9781248452820
9781248452837
9781248452844
9781248452851
9781248452868
9781248452875
9781248452882
9781248452899
9781248452905
9781248452912
9781248452929
9781248452936
9781248452943
9781248452950
9781248452967
9781248452974
9781248452981
9781248452998
9781248453001
9781248453018
9781248453025
9781248453032
9781248453049
9781248453056
9781248453063
9781248453070
9781248453087
9781248453094
9781248453100
9781248453117
9781248453124
9781248453131
9781248453148
9781248453155
9781248453162
9781248453179
9781248453186
9781248453193
9781248453209
9781248453216
9781248453223
9781248453230
9781248453247
9781248453254
9781248453261
9781248453278
9781248453285
9781248453292
9781248453308
9781248453315
9781248453322
9781248453339
9781248453346
9781248453353
9781248453360
9781248453377
9781248453384
9781248453391
9781248453407
9781248453414
9781248453421
9781248453438
9781248453445
9781248453452
9781248453469
9781248453476
9781248453483
9781248453490
9781248453506
9781248453513
9781248453520
9781248453537
9781248453544
9781248453551
9781248453568
9781248453575
9781248453582
9781248453599
9781248453605
9781248453612
9781248453629
9781248453636
9781248453643
9781248453650
9781248453667
9781248453674
9781248453681
9781248453698
9781248453704
9781248453711
9781248453728
9781248453735
9781248453742
9781248453759
9781248453766
9781248453773
9781248453780
9781248453797
9781248453803
9781248453810
9781248453827
9781248453834
9781248453841
9781248453858
9781248453865
9781248453872
9781248453889
9781248453896
9781248453902
9781248453919
9781248453926
9781248453933
9781248453940
9781248453957
9781248453964
9781248453971
9781248453988
9781248453995
9781248454008
9781248454015
9781248454022
9781248454039
9781248454046
9781248454053
9781248454060
9781248454077
9781248454084
9781248454091
9781248454107
9781248454114
9781248454121
9781248454138
9781248454145
9781248454152
9781248454169
9781248454176
9781248454183
9781248454190
9781248454206
9781248454213
9781248454220
9781248454237
9781248454244
9781248454251
9781248454268
9781248454275
9781248454282
9781248454299
9781248454305
9781248454312
9781248454329
9781248454336
9781248454343
9781248454350
9781248454367
9781248454374
9781248454381
9781248454398
9781248454404
9781248454411
9781248454428
9781248454435
9781248454442
9781248454459
9781248454466
9781248454473
9781248454480
9781248454497
9781248454503
9781248454510
9781248454527
9781248454534
9781248454541
9781248454558
9781248454565
9781248454572
9781248454589
9781248454596
9781248454602
9781248454619
9781248454626
9781248454633
9781248454640
9781248454657
9781248454664
9781248454671
9781248454688
9781248454695
9781248454701
9781248454718
9781248454725
9781248454732
9781248454749
9781248454756
9781248454763
9781248454770
9781248454787
9781248454794
9781248454800
9781248454817
9781248454824
9781248454831
9781248454848
9781248454855
9781248454862
9781248454879
9781248454886
9781248454893
9781248454909
9781248454916
9781248454923
9781248454930
9781248454947
9781248454954
9781248454961
9781248454978
9781248454985
9781248454992
9781248455005
9781248455012
9781248455029
9781248455036
9781248455043
9781248455050
9781248455067
9781248455074
9781248455081
9781248455098
9781248455104
9781248455111
9781248455128
9781248455135
9781248455142
9781248455159
9781248455166
9781248455173
9781248455180
9781248455197
9781248455203
9781248455210
9781248455227
9781248455234
9781248455241
9781248455258
9781248455265
9781248455272
9781248455289
9781248455296
9781248455302
9781248455319
9781248455326
9781248455333
9781248455340
9781248455357
9781248455364
9781248455371
9781248455388
9781248455395
9781248455401
9781248455418
9781248455425
9781248455432
9781248455449
9781248455456
9781248455463
9781248455470
9781248455487
9781248455494
9781248455500
9781248455517
9781248455524
9781248455531
9781248455548
9781248455555
9781248455562
9781248455579
9781248455586
9781248455593
9781248455609
9781248455616
9781248455623
9781248455630
9781248455647
9781248455654
9781248455661
9781248455678
9781248455685
9781248455692
9781248455708
9781248455715
9781248455722
9781248455739
9781248455746
9781248455753
9781248455760
9781248455777
9781248455784
9781248455791
9781248455807
9781248455814
9781248455821
9781248455838
9781248455845
9781248455852
9781248455869
9781248455876
9781248455883
9781248455890
9781248455906
9781248455913
9781248455920
9781248455937
9781248455944
9781248455951
9781248455968
9781248455975
9781248455982
9781248455999
9781248456002
9781248456019
9781248456026
9781248456033
9781248456040
9781248456057
9781248456064
9781248456071
9781248456088
9781248456095
9781248456101
9781248456118
9781248456125
9781248456132
9781248456149
9781248456156
9781248456163
9781248456170
9781248456187
9781248456194
9781248456200
9781248456217
9781248456224
9781248456231
9781248456248
9781248456255
9781248456262
9781248456279
9781248456286
9781248456293
9781248456309
9781248456316
9781248456323
9781248456330
9781248456347
9781248456354
9781248456361
9781248456378
9781248456385
9781248456392
9781248456408
9781248456415
9781248456422
9781248456439
9781248456446
9781248456453
9781248456460
9781248456477
9781248456484
9781248456491
9781248456507
9781248456514
9781248456521
9781248456538
9781248456545
9781248456552
9781248456569
9781248456576
9781248456583
9781248456590
9781248456606
9781248456613
9781248456620
9781248456637
9781248456644
9781248456651
9781248456668
9781248456675
9781248456682
9781248456699
9781248456705
9781248456712
9781248456729
9781248456736
9781248456743
9781248456750
9781248456767
9781248456774
9781248456781
9781248456798
9781248456804
9781248456811
9781248456828
9781248456835
9781248456842
9781248456859
9781248456866
9781248456873
9781248456880
9781248456897
9781248456903
9781248456910
9781248456927
9781248456934
9781248456941
9781248456958
9781248456965
9781248456972
9781248456989
9781248456996
9781248457009
9781248457016
9781248457023
9781248457030
9781248457047
9781248457054
9781248457061
9781248457078
9781248457085
9781248457092
9781248457108
9781248457115
9781248457122
9781248457139
9781248457146
9781248457153
9781248457160
9781248457177
9781248457184
9781248457191
9781248457207
9781248457214
9781248457221
9781248457238
9781248457245
9781248457252
9781248457269
9781248457276
9781248457283
9781248457290
9781248457313
9781248457320
9781248457337
9781248457344
9781248457351
9781248457368
9781248457375
9781248457382
9781248457399
9781248457405
9781248457412
9781248457429
9781248457436
9781248457443
9781248457450
9781248457467
9781248457474
9781248457481
9781248457498
9781248457504
9781248457511
9781248457528
9781248457535
9781248457542
9781248457559
9781248457566
9781248457573
9781248457580
9781248457597
9781248457603
9781248457610
9781248457627
9781248457634
9781248457641
9781248457658
9781248457665
9781248457672
9781248457689
9781248457696
9781248457702
9781248457719
9781248457726
9781248457733
9781248457740
9781248457757
9781248457764
9781248457771
9781248457788
9781248457795
9781248457801
9781248457818
9781248457825
9781248457832
9781248457849
9781248457856
9781248457863
9781248457870
9781248457887
9781248457894
9781248457900
9781248457917
9781248457924
9781248457931
9781248457948
9781248457955
9781248457962
9781248457979
9781248457986
9781248457993
9781248458006
9781248458013
9781248458020
9781248458037
9781248458044
9781248458051
9781248458068
9781248458075
9781248458082
9781248458099
9781248458105
9781248458112
9781248458129
9781248458136
9781248458143
9781248458150
9781248458167
9781248458174
9781248458181
9781248458198
9781248458204
9781248458211
9781248458228
9781248458235
9781248458242
9781248458259
9781248458266
9781248458273
9781248458280
9781248458297
9781248458303
9781248458310
9781248458327
9781248458334
9781248458341
9781248458358
9781248458365
9781248458372
9781248458389
9781248458396
9781248458402
9781248458419
9781248458426
9781248458433
9781248458440
9781248458457
9781248458464
9781248458471
9781248458488
9781248458495
9781248458501
9781248458518
9781248458525
9781248458532
9781248458549
9781248458556
9781248458563
9781248458570
9781248458587
9781248458594
9781248458600
9781248458617
9781248458624
9781248458631
9781248458648
9781248458655
9781248458662
9781248458679
9781248458686
9781248458693
9781248458709
9781248458716
9781248458723
9781248458730
9781248458747
9781248458754
9781248458761
9781248458778
9781248458785
9781248458792
9781248458808
9781248458815
9781248458822
9781248458839
9781248458846
9781248458853
9781248458860
9781248458877
9781248458884
9781248458891
9781248458907
9781248458914
9781248458921
9781248458938
9781248458945
9781248458952
9781248458969
9781248458976
9781248458983
9781248458990
9781248459003
9781248459010
9781248459027
9781248459034
9781248459041
9781248459058
9781248459065
9781248459072
9781248459089
9781248459096
9781248459102
9781248459119
9781248459126
9781248459133
9781248459140
9781248459157
9781248459164
9781248459171
9781248459188
9781248459195
9781248459201
9781248459218
9781248459225
9781248459232
9781248459249
9781248459256
9781248459263
9781248459270
9781248459287
9781248459294
9781248459300
9781248459317
9781248459324
9781248459331
9781248459348
9781248459355
9781248459362
9781248459379
9781248459386
9781248459393
9781248459409
9781248459416
9781248459423
9781248459430
9781248459447
9781248459454
9781248459461
9781248459478
9781248459485
9781248459492
9781248459508
9781248459515
9781248459522
9781248459539
9781248459546
9781248459553
9781248459560
9781248459577
9781248459584
9781248459591
9781248459607
9781248459614
9781248459621
9781248459638
9781248459645
9781248459652
9781248459669
9781248459676
9781248459683
9781248459690
9781248459706
9781248459713
9781248459720
9781248459737
9781248459744
9781248459751
9781248459768
9781248459775
9781248459782
9781248459799
9781248459805
9781248459812
9781248459829
9781248459836
9781248459843
9781248459850
9781248459867
9781248459874
9781248459881
9781248459898
9781248459904
9781248459911
9781248459928
9781248459935
9781248459942
9781248459959
9781248459966
9781248459973
9781248459980
9781248459997
9781248460009
9781248460016
9781248460023
9781248460030
9781248460047
9781248460054
9781248460061
9781248460078
9781248460085
9781248460092
9781248460108
9781248460115
9781248460122
9781248460139
9781248460146
9781248460153
9781248460160
9781248460177
9781248460184
9781248460191
9781248460207
9781248460214
9781248460221
9781248460238
9781248460245
9781248460252
9781248460269
9781248460276
9781248460283
9781248460290
9781248460306
9781248460313
9781248460320
9781248460337
9781248460344
9781248460351
9781248460368
9781248460375
9781248460382
9781248460399
9781248460405
9781248460412
9781248460429
9781248460436
9781248460443
9781248460450
9781248460467
9781248460474
9781248460481
9781248460498
9781248460504
9781248460511
9781248460528
9781248460535
9781248460542
9781248460559
9781248460566
9781248460573
9781248460580
9781248460597
9781248460603
9781248460610
9781248460627
9781248460634
9781248460641
9781248460658
9781248460665
9781248460672
9781248460689
9781248460696
9781248460702
9781248460719
9781248460726
9781248460733
9781248460740
9781248460757
9781248460764
9781248460771
9781248460788
9781248460795
9781248460801
9781248460818
9781248460825
9781248460832
9781248460849
9781248460856
9781248460863
9781248460870
9781248460887
9781248460894
9781248460900
9781248460917
9781248460924
9781248460931
9781248460948
9781248460955
9781248460962
9781248460979
9781248460986
9781248460993
9781248461006
9781248461013
9781248461020
9781248461037
9781248461044
9781248461051
9781248461068
9781248461075
9781248461082
9781248461099
9781248461105
9781248461112
9781248461129
9781248461136
9781248461143
9781248461150
9781248461167
9781248461174
9781248461181
9781248461198
9781248461204
9781248461211
9781248461228
9781248461235
9781248461242
9781248461259
9781248461266
9781248461273
9781248461280
9781248461297
9781248461303
9781248461310
9781248461327
9781248461334
9781248461341
9781248461358
9781248461365
9781248461372
9781248461389
9781248461396
9781248461402
9781248461419
9781248461426
9781248461433
9781248461440
9781248461457
9781248461464
9781248461471
9781248461488
9781248461495
9781248461501
9781248461518
9781248461525
9781248461532
9781248461549
9781248461556
9781248461563
9781248461570
9781248461587
9781248461594
9781248461600
9781248461617
9781248461624
9781248461631
9781248461648
9781248461655
9781248461662
9781248461679
9781248461686
9781248461693
9781248461709
9781248461716
9781248461730
9781248461747
9781248461754
9781248461761
9781248461778
9781248461785
9781248461792
9781248461808
9781248461815
9781248461822
9781248461839
9781248461846
9781248461853
9781248461860
9781248461877
9781248461884
9781248461891
9781248461907
9781248461914
9781248461921
9781248461938
9781248461945
9781248461952
9781248461969
9781248461976
9781248461983
9781248461990
9781248462003
9781248462010
9781248462027
9781248462034
9781248462041
9781248462058
9781248462065
9781248462072
9781248462089
9781248462096
9781248462102
9781248462119
9781248462126
9781248462133
9781248462140
9781248462157
9781248462164
9781248462171
9781248462188
9781248462195
9781248462201
9781248462218
9781248462225
9781248462232
9781248462249
9781248462256
9781248462263
9781248462270
9781248462287
9781248462294
9781248462300
9781248462317
9781248462324
9781248462331
9781248462348
9781248462355
9781248462362
9781248462379
9781248462386
9781248462393
9781248462409
9781248462416
9781248462423
9781248462430
9781248462447
9781248462454
9781248462461
9781248462478
9781248462485
9781248462492
9781248462508
9781248462515
9781248462522
9781248462539
9781248462546
9781248462553
9781248462560
9781248462577
9781248462584
9781248462591
9781248462607
9781248462614
9781248462621
9781248462638
9781248462645
9781248462652
9781248462669
9781248462676
9781248462683
9781248462690
9781248462706
9781248462713
9781248462720
9781248462737
9781248462744
9781248462751
9781248462768
9781248462775
9781248462782
9781248462799
9781248462805
9781248462812
9781248462829
9781248462836
9781248462843
9781248462850
9781248462867
9781248462874
9781248462881
9781248462898
9781248462904
9781248462911
9781248462928
9781248462935
9781248462942
9781248462959
9781248462966
9781248462973
9781248462980
9781248462997
9781248463000
9781248463017
9781248463024
9781248463031
9781248463048
9781248463055
9781248463062
9781248463079
9781248463086
9781248463093
9781248463109
9781248463116
9781248463123
9781248463130
9781248463147
9781248463154
9781248463161
9781248463178
9781248463185
9781248463192
9781248463208
9781248463215
9781248463222
9781248463239
9781248463246
9781248463253
9781248463260
9781248463277
9781248463284
9781248463291
9781248463307
9781248463314
9781248463321
9781248463338
9781248463345
9781248463352
9781248463369
9781248463376
9781248463383
9781248463390
9781248463406
9781248463413
9781248463420
9781248463437
9781248463444
9781248463451
9781248463468
9781248463475
9781248463482
9781248463499
9781248463505
9781248463512
9781248463529
9781248463536
9781248463543
9781248463550
9781248463567
9781248463574
9781248463581
9781248463598
9781248463604
9781248463611
9781248463628
9781248463635
9781248463642
9781248463659
9781248463666
9781248463673
9781248463680
9781248463697
9781248463703
9781248463710
9781248463727
9781248463734
9781248463741
9781248463758
9781248463765
9781248463772
9781248463789
9781248463796
9781248463802
9781248463819
9781248463826
9781248463833
9781248463840
9781248463857
9781248463864
9781248463871
9781248463888
9781248463895
9781248463901
9781248463918
9781248463925
9781248463932
9781248463949
9781248463956
9781248463963
9781248463970
9781248463987
9781248463994
9781248464007
9781248464014
9781248464021
9781248464038
9781248464045
9781248464052
9781248464069
9781248464076
9781248464083
9781248464090
9781248464106
9781248464113
9781248464120
9781248464137
9781248464144
9781248464151
9781248464168
9781248464175
9781248464182
9781248464199
9781248464205
9781248464212
9781248464229
9781248464236
9781248464243
9781248464250
9781248464267
9781248464274
9781248464281
9781248464298
9781248464304
9781248464311
9781248464328
9781248464335
9781248464342
9781248464359
9781248464366
9781248464373
9781248464380
9781248464397
9781248464403
9781248464410
9781248464427
9781248464434
9781248464441
9781248464458
9781248464465
9781248464472
9781248464489
9781248464496
9781248464502
9781248464519
9781248464526
9781248464533
9781248464540
9781248464557
9781248464564
9781248464571
9781248464588
9781248464595
9781248464601
9781248464618
9781248464625
9781248464632
9781248464649
9781248464656
9781248464663
9781248464670
9781248464687
9781248464694
9781248464700
9781248464717
9781248464724
9781248464731
9781248464748
9781248464755
9781248464762
9781248464779
9781248464786
9781248464793
9781248464809
9781248464816
9781248464823
9781248464830
9781248464847
9781248464854
9781248464861
9781248464878
9781248464885
9781248464892
9781248464908
9781248464915
9781248464922
9781248464939
9781248464946
9781248464953
9781248464960
9781248464977
9781248464984
9781248464991
9781248465004
9781248465011
9781248465028
9781248465035
9781248465042
9781248465059
9781248465066
9781248465073
9781248465080
9781248465097
9781248465103
9781248465110
9781248465127
9781248465134
9781248465141
9781248465158
9781248465165
9781248465172
9781248465189
9781248465196
9781248465202
9781248465219
9781248465226
9781248465233
9781248465240
9781248465257
9781248465264
9781248465271
9781248465288
9781248465295
9781248465301
9781248465318
9781248465325
9781248465332
9781248465349
9781248465356
9781248465363
9781248465370
9781248465387
9781248465394
9781248465400
9781248465417
9781248465424
9781248465431
9781248465448
9781248465455
9781248465462
9781248465479
9781248465486
9781248465493
9781248465509
9781248465516
9781248465523
9781248465530
9781248465547
9781248465554
9781248465561
9781248465578
9781248465585
9781248465592
9781248465608
9781248465615
9781248465622
9781248465639
9781248465646
9781248465653
9781248465660
9781248465677
9781248465684
9781248465691
9781248465707
9781248465714
9781248465721
9781248465738
9781248465745
9781248465752
9781248465769
9781248465776
9781248465783
9781248465790
9781248465806
9781248465813
9781248465820
9781248465837
9781248465844
9781248465851
9781248465868
9781248465875
9781248465882
9781248465899
9781248465905
9781248465912
9781248465929
9781248465936
9781248465943
9781248465950
9781248465967
9781248465974
9781248465981
9781248465998
9781248466001
9781248466018
9781248466025
9781248466032
9781248466049
9781248466056
9781248466063
9781248466070
9781248466087
9781248466094
9781248466100
9781248466117
9781248466124
9781248466131
9781248466148
9781248466155
9781248466162
9781248466179
9781248466186
9781248466193
9781248466209
9781248466216
9781248466223
9781248466230
9781248466247
9781248466254
9781248466261
9781248466278
9781248466285
9781248466292
9781248466308
9781248466315
9781248466322
9781248466339
9781248466346
9781248466353
9781248466360
9781248466377
9781248466384
9781248466391
9781248466407
9781248466414
9781248466421
9781248466438
9781248466445
9781248466452
9781248466469
9781248466476
9781248466483
9781248466490
9781248466506
9781248466513
9781248466520
9781248466537
9781248466544
9781248466551
9781248466568
9781248466575
9781248466582
9781248466599
9781248466605
9781248466612
9781248466629
9781248466636
9781248466643
9781248466650
9781248466667
9781248466674
9781248466681
9781248466698
9781248466704
9781248466711
9781248466728
9781248466735
9781248466742
9781248466759
9781248466766
9781248466773
9781248466780
9781248466797
9781248466803
9781248466810
9781248466827
9781248466834
9781248466841
9781248466858
9781248466865
9781248466872
9781248466889
9781248466896
9781248466902
9781248466919
9781248466926
9781248466933
9781248466940
9781248466957
9781248466964
9781248466971
9781248466988
9781248466995
9781248467008
9781248467015
9781248467022
9781248467039
9781248467046
9781248467053
9781248467060
9781248467077
9781248467084
9781248467091
9781248467107
9781248467114
9781248467121
9781248467138
9781248467145
9781248467152
9781248467169
9781248467176
9781248467183
9781248467190
9781248467206
9781248467213
9781248467220
9781248467237
9781248467244
9781248467251
9781248467268
9781248467275
9781248467282
9781248467299
9781248467305
9781248467312
9781248467329
9781248467336
9781248467343
9781248467350
9781248467367
9781248467374
9781248467381
9781248467398
9781248467404
9781248467411
9781248467428
9781248467435
9781248467442
9781248467459
9781248467466
9781248467473
9781248467480
9781248467497
9781248467503
9781248467510
9781248467527
9781248467534
9781248467541
9781248467558
9781248467565
9781248467572
9781248467589
9781248467596
9781248467602
9781248467619
9781248467626
9781248467633
9781248467640
9781248467657
9781248467664
9781248467671
9781248467688
9781248467695
9781248467701
9781248467718
9781248467725
9781248467732
9781248467749
9781248467756
9781248467763
9781248467770
9781248467787
9781248467794
9781248467800
9781248467817
9781248467824
9781248467831
9781248467848
9781248467855
9781248467862
9781248467879
9781248467886
9781248467893
9781248467909
9781248467916
9781248467923
9781248467930
9781248467947
9781248467954
9781248467961
9781248467978
9781248467985
9781248467992
9781248468005
9781248468012
9781248468029
9781248468036
9781248468043
9781248468050
9781248468067
9781248468074
9781248468081
9781248468098
9781248468104
9781248468111
9781248468128
9781248468135
9781248468142
9781248468159
9781248468166
9781248468173
9781248468180
9781248468197
9781248468203
9781248468210
9781248468227
9781248468234
9781248468241
9781248468258
9781248468265
9781248468272
9781248468289
9781248468296
9781248468302
9781248468319
9781248468326
9781248468333
9781248468340
9781248468357
9781248468364
9781248468371
9781248468388
9781248468395
9781248468401
9781248468418
9781248468425
9781248468432
9781248468449
9781248468456
9781248468463
9781248468470
9781248468487
9781248468494
9781248468500
9781248468517
9781248468524
9781248468531
9781248468548
9781248468555
9781248468562
9781248468579
9781248468586
9781248468593
9781248468609
9781248468616
9781248468623
9781248468630
9781248468647
9781248468654
9781248468661
9781248468678
9781248468685
9781248468692
9781248468708
9781248468715
9781248468722
9781248468739
9781248468746
9781248468753
9781248468760
9781248468777
9781248468784
9781248468791
9781248468807
9781248468814
9781248468821
9781248468838
9781248468845
9781248468852
9781248468869
9781248468876
9781248468883
9781248468890
9781248468906
9781248468913
9781248468920
9781248468937
9781248468944
9781248468951
9781248468968
9781248468975
9781248468982
9781248468999
9781248469002
9781248469019
9781248469026
9781248469033
9781248469040
9781248469057
9781248469064
9781248469071
9781248469088
9781248469095
9781248469101
9781248469118
9781248469125
9781248469132
9781248469149
9781248469156
9781248469163
9781248469170
9781248469187
9781248469194
9781248469200
9781248469217
9781248469224
9781248469231
9781248469248
9781248469255
9781248469262
9781248469279
9781248469286
9781248469293
9781248469309
9781248469316
9781248469323
9781248469330
9781248469347
9781248469354
9781248469361
9781248469378
9781248469385
9781248469392
9781248469408
9781248469415
9781248469422
9781248469439
9781248469446
9781248469453
9781248469460
9781248469477
9781248469484
9781248469491
9781248469507
9781248469514
9781248469521
9781248469538
9781248469545
9781248469552
9781248469569
9781248469576
9781248469583
9781248469590
9781248469606
9781248469613
9781248469620
9781248469637
9781248469644
9781248469651
9781248469668
9781248469675
9781248469682
9781248469699
9781248469705
9781248469712
9781248469729
9781248469736
9781248469743
9781248469750
9781248469767
9781248469774
9781248469781
9781248469798
9781248469804
9781248469811
9781248469828
9781248469835
9781248469842
9781248469859
9781248469866
9781248469873
9781248469880
9781248469897
9781248469903
9781248469910
9781248469927
9781248469934
9781248469941
9781248469958
9781248469965
9781248469972
9781248469989
9781248469996
9781248470008
9781248470015
9781248470022
9781248470039
9781248470046
9781248470053
9781248470060
9781248470077
9781248470084
9781248470091
9781248470107
9781248470114
9781248470121
9781248470138
9781248470145
9781248470152
9781248470169
9781248470176
9781248470183
9781248470190
9781248470206
9781248470213
9781248470220
9781248470237
9781248470244
9781248470251
9781248470268
9781248470275
9781248470282
9781248470299
9781248470305
9781248470312
9781248470329
9781248470336
9781248470343
9781248470350
9781248470367
9781248470374
9781248470381
9781248470398
9781248470404
9781248470411
9781248470428
9781248470435
9781248470442
9781248470459
9781248470466
9781248470473
9781248470480
9781248470497
9781248470503
9781248470510
9781248470527
9781248470534
9781248470541
9781248470558
9781248470565
9781248470572
9781248470589
9781248470596
9781248470602
9781248470619
9781248470626
9781248470633
9781248470640
9781248470657
9781248470664
9781248470671
9781248470688
9781248470695
9781248470701
9781248470718
9781248470725
9781248470732
9781248470749
9781248470756
9781248470763
9781248470770
9781248470787
9781248470794
9781248470800
9781248470817
9781248470824
9781248470831
9781248470848
9781248470855
9781248470862
9781248470879
9781248470886
9781248470893
9781248470909
9781248470916
9781248470923
9781248470930
9781248470947
9781248470954
9781248470961
9781248470978
9781248470985
9781248470992
9781248471005
9781248471012
9781248471029
9781248471036
9781248471043
9781248471050
9781248471067
9781248471074
9781248471098
9781248471104
9781248471111
9781248471128
9781248471135
9781248471142
9781248471159
9781248471166
9781248471173
9781248471180
9781248471197
9781248471203
9781248471210
9781248471227
9781248471234
9781248471241
9781248471258
9781248471265
9781248471272
9781248471289
9781248471296
9781248471302
9781248471319
9781248471326
9781248471333
9781248471340
9781248471357
9781248471364
9781248471371
9781248471388
9781248471395
9781248471401
9781248471418
9781248471425
9781248471432
9781248471449
9781248471456
9781248471463
9781248471470
9781248471487
9781248471494
9781248471500
9781248471517
9781248471524
9781248471531
9781248471548
9781248471555
9781248471562
9781248471579
9781248471586
9781248471593
9781248471609
9781248471616
9781248471623
9781248471630
9781248471647
9781248471654
9781248471661
9781248471678
9781248471685
9781248471692
9781248471708
9781248471715
9781248471722
9781248471739
9781248471746
9781248471753
9781248471760
9781248471777
9781248471784
9781248471791
9781248471807
9781248471814
9781248471821
9781248471838
9781248471845
9781248471852
9781248471869
9781248471876
9781248471883
9781248471890
9781248471906
9781248471913
9781248471920
9781248471937
9781248471944
9781248471951
9781248471968
9781248471975
9781248471982
9781248471999
9781248472002
9781248472019
9781248472026
9781248472033
9781248472040
9781248472057
9781248472064
9781248472071
9781248472088
9781248472095
9781248472101
9781248472118
9781248472125
9781248472132
9781248472149
9781248472156
9781248472163
9781248472170
9781248472187
9781248472194
9781248472200
9781248472217
9781248472224
9781248472231
9781248472248
9781248472255
9781248472262
9781248472279
9781248472286
9781248472293
9781248472309
9781248472316
9781248472330
9781248472347
9781248472354
9781248472361
9781248472378
9781248472385
9781248472392
9781248472408
9781248472415
9781248472422
9781248472439
9781248472446
9781248472453
9781248472460
9781248472477
9781248472484
9781248472491
9781248472507
9781248472514
9781248472521
9781248472538
9781248472545
9781248472552
9781248472569
9781248472576
9781248472583
9781248472590
9781248472606
9781248472613
9781248472620
9781248472637
9781248472644
9781248472651
9781248472668
9781248472675
9781248472682
9781248472699
9781248472705
9781248472712
9781248472729
9781248472736
9781248472743
9781248472750
9781248472767
9781248472774
9781248472781
9781248472798
9781248472804
9781248472811
9781248472828
9781248472835
9781248472842
9781248472859
9781248472866
9781248472873
9781248472880
9781248472897
9781248472903
9781248472910
9781248472927
9781248472934
9781248472941
9781248472958
9781248472965
9781248472972
9781248472989
9781248472996
9781248473009
9781248473016
9781248473023
9781248473030
9781248473047
9781248473054
9781248473061
9781248473078
9781248473085
9781248473092
9781248473108
9781248473115
9781248473122
9781248473139
9781248473146
9781248473153
9781248473160
9781248473177
9781248473184
9781248473191
9781248473207
9781248473214
9781248473221
9781248473238
9781248473245
9781248473252
9781248473269
9781248473276
9781248473283
9781248473290
9781248473306
9781248473313
9781248473320
9781248473337
9781248473344
9781248473351
9781248473368
9781248473375
9781248473382
9781248473399
9781248473405
9781248473412
9781248473429
9781248473436
9781248473443
9781248473450
9781248473467
9781248473474
9781248473481
9781248473498
9781248473504
9781248473511
9781248473528
9781248473535
9781248473542
9781248473559
9781248473566
9781248473573
9781248473580
9781248473597
9781248473603
9781248473610
9781248473627
9781248473634
9781248473641
9781248473658
9781248473665
9781248473672
9781248473689
9781248473696
9781248473702
9781248473719
9781248473726
9781248473733
9781248473740
9781248473757
9781248473764
9781248473771
9781248473788
9781248473795
9781248473801
9781248473818
9781248473825
9781248473832
9781248473849
9781248473856
9781248473863
9781248473870
9781248473887
9781248473894
9781248473900
9781248473917
9781248473924
9781248473931
9781248473948
9781248473955
9781248473979
9781248473986
9781248473993
9781248474006
9781248474013
9781248474020
9781248474037
9781248474044
9781248474051
9781248474068
9781248474075
9781248474082
9781248474099
9781248474105
9781248474112
9781248474129
9781248474136
9781248474143
9781248474150
9781248474167
9781248474174
9781248474181
9781248474198
9781248474204
9781248474228
9781248474235
9781248474242
9781248474259
9781248474266
9781248474273
9781248474280
9781248474297
9781248474303
9781248474310
9781248474327
9781248474334
9781248474341
9781248474358
9781248474365
9781248474372
9781248474389
9781248474396
9781248474402
9781248474419
9781248474426
9781248474433
9781248474440
9781248474457
9781248474464
9781248474471
9781248474488
9781248474495
9781248474501
9781248474518
9781248474525
9781248474532
9781248474549
9781248474556
9781248474563
9781248474570
9781248474587
9781248474594
9781248474600
9781248474617
9781248474624
9781248474631
9781248474648
9781248474655
9781248474662
9781248474679
9781248474686
9781248474693
9781248474709
9781248474716
9781248474723
9781248474730
9781248474747
9781248474754
9781248474761
9781248474778
9781248474785
9781248474792
9781248474808
9781248474815
9781248474822
9781248474839
9781248474846
9781248474853
9781248474860
9781248474877
9781248474884
9781248474891
9781248474907
9781248474914
9781248474921
9781248474938
9781248474945
9781248474952
9781248474969
9781248474976
9781248474983
9781248474990
9781248475003
9781248475010
9781248475027
9781248475034
9781248475041
9781248475058
9781248475065
9781248475072
9781248475089
9781248475096
9781248475102
9781248475119
9781248475126
9781248475133
9781248475140
9781248475157
9781248475164
9781248475171
9781248475188
9781248475195
9781248475201
9781248475218
9781248475225
9781248475232
9781248475249
9781248475256
9781248475263
9781248475270
9781248475287
9781248475294
9781248475300
9781248475317
9781248475324
9781248475331
9781248475348
9781248475355
9781248475362
9781248475379
9781248475386
9781248475393
9781248475409
9781248475416
9781248475423
9781248475430
9781248475447
9781248475454
9781248475461
9781248475478
9781248475485
9781248475492
9781248475508
9781248475515
9781248475522
9781248475539
9781248475546
9781248475553
9781248475560
9781248475577
9781248475584
9781248475591
9781248475607
9781248475614
9781248475621
9781248475638
9781248475645
9781248475652
9781248475669
9781248475676
9781248475683
9781248475690
9781248475706
9781248475713
9781248475720
9781248475737
9781248475744
9781248475751
9781248475768
9781248475775
9781248475782
9781248475799
9781248475805
9781248475812
9781248475829
9781248475836
9781248475843
9781248475850
9781248475867
9781248475874
9781248475881
9781248475898
9781248475904
9781248475911
9781248475928
9781248475935
9781248475942
9781248475959
9781248475966
9781248475973
9781248475980
9781248475997
9781248476000
9781248476017
9781248476024
9781248476048
9781248476055
9781248476062
9781248476079
9781248476086
9781248476093
9781248476109
9781248476116
9781248476123
9781248476130
9781248476147
9781248476154
9781248476161
9781248476178
9781248476185
9781248476192
9781248476208
9781248476215
9781248476222
9781248476239
9781248476246
9781248476253
9781248476260
9781248476277
9781248476284
9781248476291
9781248476307
9781248476314
9781248476321
9781248476338
9781248476345
9781248476352
9781248476369
9781248476376
9781248476383
9781248476390
9781248476406
9781248476413
9781248476420
9781248476437
9781248476444
9781248476451
9781248476468
9781248476475
9781248476482
9781248476499
9781248476505
9781248476512
9781248476529
9781248476536
9781248476543
9781248476550
9781248476567
9781248476574
9781248476581
9781248476598
9781248476604
9781248476611
9781248476628
9781248476635
9781248476642
9781248476659
9781248476666
9781248476673
9781248476680
9781248476697
9781248476703
9781248476710
9781248476727
9781248476734
9781248476741
9781248476758
9781248476765
9781248476772
9781248476789
9781248476796
9781248476802
9781248476819
9781248476826
9781248476833
9781248476840
9781248476857
9781248476864
9781248476871
9781248476888
9781248476895
9781248476901
9781248476918
9781248476925
9781248476932
9781248476949
9781248476956
9781248476963
9781248476970
9781248476987
9781248476994
9781248477007
9781248477014
9781248477021
9781248477038
9781248477045
9781248477052
9781248477069
9781248477076
9781248477083
9781248477090
9781248477106
9781248477113
9781248477120
9781248477137
9781248477144
9781248477151
9781248477168
9781248477175
9781248477182
9781248477199
9781248477205
9781248477212
9781248477229
9781248477236
9781248477243
9781248477250
9781248477267
9781248477274
9781248477281
9781248477298
9781248477304
9781248477311
9781248477328
9781248477335
9781248477342
9781248477359
9781248477366
9781248477373
9781248477380
9781248477397
9781248477403
9781248477410
9781248477427
9781248477434
9781248477441
9781248477458
9781248477465
9781248477472
9781248477489
9781248477496
9781248477502
9781248477519
9781248477526
9781248477533
9781248477540
9781248477557
9781248477564
9781248477571
9781248477588
9781248477595
9781248477601
9781248477618
9781248477625
9781248477632
9781248477649
9781248477656
9781248477663
9781248477670
9781248477687
9781248477694
9781248477700
9781248477717
9781248477724
9781248477731
9781248477748
9781248477755
9781248477762
9781248477779
9781248477786
9781248477793
9781248477809
9781248477816
9781248477823
9781248477830
9781248477847
9781248477854
9781248477861
9781248477878
9781248477885
9781248477892
9781248477908
9781248477915
9781248477922
9781248477939
9781248477946
9781248477953
9781248477960
9781248477977
9781248477984
9781248477991
9781248478004
9781248478011
9781248478028
9781248478035
9781248478042
9781248478059
9781248478066
9781248478073
9781248478080
9781248478097
9781248478103
9781248478110
9781248478127
9781248478134
9781248478141
9781248478158
9781248478165
9781248478172
9781248478189
9781248478196
9781248478219
9781248478226
9781248478233
9781248478240
9781248478257
9781248478264
9781248478271
9781248478288
9781248478295
9781248478301
9781248478318
9781248478325
9781248478332
9781248478349
9781248478356
9781248478363
9781248478370
9781248478387
9781248478394
9781248478400
9781248478417
9781248478424
9781248478431
9781248478448
9781248478455
9781248478462
9781248478479
9781248478486
9781248478493
9781248478509
9781248478516
9781248478523
9781248478530
9781248478547
9781248478554
9781248478561
9781248478578
9781248478585
9781248478592
9781248478608
9781248478615
9781248478622
9781248478639
9781248478646
9781248478653
9781248478660
9781248478677
9781248478684
9781248478691
9781248478707
9781248478721
9781248478738
9781248478745
9781248478752
9781248478769
9781248478776
9781248478783
9781248478790
9781248478813
9781248478820
9781248478837
9781248478844
9781248478851
9781248478868
9781248478875
9781248478882
9781248478899
9781248478905
9781248478912
9781248478929
9781248478936
9781248478943
9781248478950
9781248478967
9781248478974
9781248478981
9781248478998
9781248479001
9781248479018
9781248479025
9781248479032
9781248479049
9781248479056
9781248479063
9781248479070
9781248479087
9781248479094
9781248479100
9781248479117
9781248479124
9781248479131
9781248479148
9781248479155
9781248479162
9781248479179
9781248479186
9781248479193
9781248479209
9781248479216
9781248479223
9781248479230
9781248479247
9781248479254
9781248479261
9781248479278
9781248479285
9781248479292
9781248479308
9781248479315
9781248479322
9781248479339
9781248479346
9781248479353
9781248479360
9781248479377
9781248479384
9781248479391
9781248479407
9781248479414
9781248479421
9781248479438
9781248479445
9781248479452
9781248479469
9781248479476
9781248479483
9781248479490
9781248479513
9781248479520
9781248479537
9781248479544
9781248479551
9781248479568
9781248479575
9781248479582
9781248479599
9781248479605
9781248479612
9781248479629
9781248479636
9781248479643
9781248479650
9781248479667
9781248479674
9781248479681
9781248479698
9781248479704
9781248479711
9781248479728
9781248479735
9781248479742
9781248479759
9781248479766
9781248479773
9781248479780
9781248479797
9781248479803
9781248479810
9781248479827
9781248479834
9781248479841
9781248479858
9781248479865
9781248479872
9781248479889
9781248479896
9781248479902
9781248479919
9781248479926
9781248479933
9781248479940
9781248479957
9781248479964
9781248479971
9781248479988
9781248479995
9781248480007
9781248480014
9781248480021
9781248480038
9781248480045
9781248480052
9781248480069
9781248480076
9781248480083
9781248480090
9781248480106
9781248480113
9781248480120
9781248480137
9781248480144
9781248480151
9781248480168
9781248480175
9781248480182
9781248480199
9781248480205
9781248480212
9781248480229
9781248480236
9781248480243
9781248480250
9781248480267
9781248480274
9781248480281
9781248480298
9781248480304
9781248480311
9781248480328
9781248480335
9781248480342
9781248480359
9781248480366
9781248480373
9781248480380
9781248480397
9781248480403
9781248480410
9781248480427
9781248480434
9781248480441
9781248480458
9781248480465
9781248480472
9781248480489
9781248480496
9781248480502
9781248480519
9781248480526
9781248480533
9781248480540
9781248480557
9781248480564
9781248480571
9781248480588
9781248480595
9781248480601
9781248480618
9781248480625
9781248480632
9781248480649
9781248480656
9781248480663
9781248480670
9781248480687
9781248480694
9781248480700
9781248480717
9781248480724
9781248480731
9781248480748
9781248480755
9781248480762
9781248480779
9781248480786
9781248480793
9781248480809
9781248480816
9781248480823
9781248480830
9781248480847
9781248480854
9781248480861
9781248480878
9781248480885
9781248480892
9781248480908
9781248480915
9781248480922
9781248480939
9781248480946
9781248480953
9781248480977
9781248480984
9781248480991
9781248481004
9781248481011
9781248481028
9781248481035
9781248481042
9781248481059
9781248481066
9781248481073
9781248481080
9781248481097
9781248481103
9781248481110
9781248481127
9781248481134
9781248481141
9781248481158
9781248481165
9781248481172
9781248481189
9781248481196
9781248481202
9781248481219
9781248481226
9781248481233
9781248481240
9781248481257
9781248481264
9781248481271
9781248481288
9781248481295
9781248481301
9781248481318
9781248481325
9781248481332
9781248481349
9781248481356
9781248481363
9781248481370
9781248481387
9781248481394
9781248481400
9781248481417
9781248481424
9781248481431
9781248481448
9781248481455
9781248481462
9781248481479
9781248481486
9781248481493
9781248481509
9781248481516
9781248481523
9781248481530
9781248481547
9781248481554
9781248481561
9781248481578
9781248481585
9781248481592
9781248481608
9781248481615
9781248481622
9781248481639
9781248481653
9781248481660
9781248481677
9781248481684
9781248481691
9781248481707
9781248481714
9781248481721
9781248481738
9781248481745
9781248481752
9781248481769
9781248481776
9781248481783
9781248481790
9781248481806
9781248481813
9781248481820
9781248481837
9781248481844
9781248481851
9781248481868
9781248481875
9781248481882
9781248481899
9781248481905
9781248481912
9781248481929
9781248481936
9781248481943
9781248481950
9781248481967
9781248481974
9781248481981
9781248481998
9781248482001
9781248482018
9781248482025
9781248482032
9781248482049
9781248482056
9781248482063
9781248482070
9781248482087
9781248482094
9781248482100
9781248482117
9781248482124
9781248482131
9781248482148
9781248482155
9781248482162
9781248482179
9781248482186
9781248482193
9781248482209
9781248482216
9781248482223
9781248482230
9781248482247
9781248482254
9781248482261
9781248482278
9781248482285
9781248482292
9781248482308
9781248482315
9781248482322
9781248482339
9781248482346
9781248482353
9781248482360
9781248482377
9781248482384
9781248482391
9781248482407
9781248482414
9781248482421
9781248482438
9781248482445
9781248482452
9781248482469
9781248482476
9781248482490
9781248482506
9781248482513
9781248482520
9781248482537
9781248482544
9781248482551
9781248482568
9781248482575
9781248482582
9781248482599
9781248482605
9781248482612
9781248482629
9781248482636
9781248482643
9781248482650
9781248482667
9781248482674
9781248482681
9781248482698
9781248482704
9781248482711
9781248482728
9781248482735
9781248482742
9781248482759
9781248482766
9781248482773
9781248482780
9781248482797
9781248482803
9781248482810
9781248482827
9781248482834
9781248482841
9781248482858
9781248482865
9781248482872
9781248482889
9781248482896
9781248482902
9781248482926
9781248482933
9781248482940
9781248482957
9781248482964
9781248482971
9781248482988
9781248482995
9781248483008
9781248483015
9781248483022
9781248483039
9781248483046
9781248483053
9781248483060
9781248483077
9781248483084
9781248483091
9781248483107
9781248483114
9781248483121
9781248483138
9781248483145
9781248483152
9781248483169
9781248483176
9781248483183
9781248483190
9781248483206
9781248483213
9781248483220
9781248483237
9781248483244
9781248483251
9781248483268
9781248483275
9781248483282
9781248483299
9781248483305
9781248483312
9781248483329
9781248483336
9781248483343
9781248483350
9781248483367
9781248483374
9781248483381
9781248483398
9781248483404
9781248483411
9781248483428
9781248483435
9781248483442
9781248483459
9781248483466
9781248483473
9781248483480
9781248483497
9781248483503
9781248483510
9781248483527
9781248483534
9781248483541
9781248483558
9781248483565
9781248483572
9781248483589
9781248483596
9781248483602
9781248483619
9781248483626
9781248483633
9781248483640
9781248483657
9781248483664
9781248483671
9781248483688
9781248483695
9781248483701
9781248483718
9781248483725
9781248483732
9781248483749
9781248483756
9781248483763
9781248483770
9781248483787
9781248483794
9781248483800
9781248483817
9781248483824
9781248483831
9781248483848
9781248483855
9781248483862
9781248483879
9781248483886
9781248483893
9781248483909
9781248483916
9781248483923
9781248483930
9781248483947
9781248483954
9781248483961
9781248483978
9781248483985
9781248483992
9781248484005
9781248484012
9781248484029
9781248484036
9781248484043
9781248484050
9781248484067
9781248484074
9781248484081
9781248484098
9781248484104
9781248484111
9781248484128
9781248484135
9781248484142
9781248484159
9781248484166
9781248484173
9781248484180
9781248484197
9781248484203
9781248484210
9781248484227
9781248484234
9781248484241
9781248484258
9781248484265
9781248484272
9781248484289
9781248484296
9781248484302
9781248484319
9781248484326
9781248484333
9781248484340
9781248484357
9781248484364
9781248484371
9781248484388
9781248484395
9781248484401
9781248484418
9781248484425
9781248484432
9781248484456
9781248484463
9781248484470
9781248484487
9781248484494
9781248484500
9781248484517
9781248484524
9781248484531
9781248484548
9781248484555
9781248484562
9781248484579
9781248484586
9781248484593
9781248484609
9781248484616
9781248484623
9781248484630
9781248484647
9781248484654
9781248484661
9781248484678
9781248484685
9781248484692
9781248484708
9781248484715
9781248484722
9781248484739
9781248484746
9781248484753
9781248484760
9781248484777
9781248484784
9781248484791
9781248484807
9781248484814
9781248484821
9781248484838
9781248484845
9781248484852
9781248484869
9781248484876
9781248484883
9781248484890
9781248484906
9781248484913
9781248484920
9781248484937
9781248484944
9781248484951
9781248484968
9781248484975
9781248484982
9781248484999
9781248485002
9781248485019
9781248485033
9781248485040
9781248485057
9781248485064
9781248485071
9781248485088
9781248485095
9781248485101
9781248485118
9781248485125
9781248485132
9781248485149
9781248485156
9781248485163
9781248485170
9781248485187
9781248485194
9781248485200
9781248485217
9781248485224
9781248485231
9781248485248
9781248485255
9781248485262
9781248485279
9781248485286
9781248485293
9781248485309
9781248485316
9781248485323
9781248485330
9781248485347
9781248485354
9781248485361
9781248485378
9781248485385
9781248485392
9781248485408
9781248485415
9781248485422
9781248485439
9781248485446
9781248485453
9781248485460
9781248485477
9781248485484
9781248485491
9781248485507
9781248485514
9781248485521
9781248485538
9781248485545
9781248485552
9781248485569
9781248485576
9781248485583
9781248485590
9781248485606
9781248485613
9781248485620
9781248485637
9781248485644
9781248485651
9781248485668
9781248485675
9781248485682
9781248485699
9781248485705
9781248485712
9781248485729
9781248485736
9781248485743
9781248485750
9781248485767
9781248485774
9781248485781
9781248485798
9781248485804
9781248485811
9781248485828
9781248485835
9781248485842
9781248485859
9781248485866
9781248485873
9781248485880
9781248485897
9781248485903
9781248485910
9781248485927
9781248485934
9781248485941
9781248485958
9781248485965
9781248485972
9781248485989
9781248485996
9781248486009
9781248486016
9781248486023
9781248486030
9781248486047
9781248486054
9781248486061
9781248486078
9781248486085
9781248486092
9781248486108
9781248486115
9781248486122
9781248486139
9781248486146
9781248486153
9781248486160
9781248486177
9781248486184
9781248486191
9781248486207
9781248486214
9781248486221
9781248486238
9781248486245
9781248486252
9781248486269
9781248486276
9781248486283
9781248486290
9781248486306
9781248486313
9781248486320
9781248486337
9781248486344
9781248486351
9781248486368
9781248486375
9781248486382
9781248486399
9781248486405
9781248486412
9781248486429
9781248486436
9781248486443
9781248486450
9781248486467
9781248486474
9781248486481
9781248486498
9781248486511
9781248486528
9781248486535
9781248486542
9781248486559
9781248486566
9781248486573
9781248486580
9781248486597
9781248486603
9781248486610
9781248486627
9781248486634
9781248486641
9781248486658
9781248486665
9781248486672
9781248486689
9781248486696
9781248486702
9781248486719
9781248486726
9781248486733
9781248486740
9781248486757
9781248486764
9781248486771
9781248486788
9781248486795
9781248486801
9781248486825
9781248486832
9781248486849
9781248486856
9781248486863
9781248486870
9781248486887
9781248486894
9781248486900
9781248486917
9781248486924
9781248486931
9781248486948
9781248486955
9781248486962
9781248486979
9781248486986
9781248486993
9781248487006
9781248487013
9781248487020
9781248487037
9781248487044
9781248487051
9781248487068
9781248487075
9781248487082
9781248487099
9781248487105
9781248487112
9781248487129
9781248487136
9781248487143
9781248487150
9781248487167
9781248487174
9781248487181
9781248487198
9781248487204
9781248487211
9781248487228
9781248487235
9781248487242
9781248487259
9781248487266
9781248487273
9781248487280
9781248487297
9781248487303
9781248487310
9781248487327
9781248487334
9781248487341
9781248487358
9781248487365
9781248487372
9781248487389
9781248487396
9781248487402
9781248487419
9781248487426
9781248487433
9781248487440
9781248487457
9781248487464
9781248487471
9781248487488
9781248487495
9781248487501
9781248487518
9781248487525
9781248487532
9781248487549
9781248487556
9781248487563
9781248487570
9781248487587
9781248487594
9781248487600
9781248487617
9781248487624
9781248487631
9781248487648
9781248487655
9781248487662
9781248487679
9781248487686
9781248487693
9781248487709
9781248487716
9781248487723
9781248487730
9781248487747
9781248487754
9781248487761
9781248487778
9781248487785
9781248487792
9781248487808
9781248487815
9781248487822
9781248487839
9781248487846
9781248487853
9781248487860
9781248487877
9781248487884
9781248487891
9781248487907
9781248487914
9781248487921
9781248487938
9781248487945
9781248487952
9781248487969
9781248487976
9781248487983
9781248487990
9781248488003
9781248488010
9781248488027
9781248488034
9781248488041
9781248488058
9781248488065
9781248488072
9781248488089
9781248488096
9781248488102
9781248488119
9781248488126
9781248488133
9781248488140
9781248488157
9781248488164
9781248488171
9781248488188
9781248488195
9781248488201
9781248488218
9781248488225
9781248488232
9781248488249
9781248488256
9781248488263
9781248488270
9781248488287
9781248488294
9781248488300
9781248488317
9781248488324
9781248488331
9781248488348
9781248488355
9781248488362
9781248488379
9781248488386
9781248488393
9781248488409
9781248488416
9781248488423
9781248488430
9781248488447
9781248488454
9781248488461
9781248488478
9781248488485
9781248488492
9781248488508
9781248488515
9781248488522
9781248488539
9781248488546
9781248488553
9781248488560
9781248488577
9781248488584
9781248488591
9781248488607
9781248488614
9781248488621
9781248488638
9781248488645
9781248488652
9781248488669
9781248488676
9781248488683
9781248488690
9781248488706
9781248488713
9781248488720
9781248488737
9781248488744
9781248488751
9781248488768
9781248488775
9781248488782
9781248488799
9781248488805
9781248488812
9781248488829
9781248488836
9781248488843
9781248488850
9781248488867
9781248488874
9781248488898
9781248488904
9781248488911
9781248488928
9781248488935
9781248488942
9781248488959
9781248488966
9781248488973
9781248488980
9781248488997
9781248489000
9781248489017
9781248489024
9781248489031
9781248489048
9781248489055
9781248489062
9781248489079
9781248489086
9781248489093
9781248489109
9781248489116
9781248489123
9781248489130
9781248489147
9781248489154
9781248489161
9781248489178
9781248489185
9781248489192
9781248489208
9781248489215
9781248489222
9781248489239
9781248489246
9781248489253
9781248489260
9781248489277
9781248489284
9781248489291
9781248489307
9781248489314
9781248489321
9781248489338
9781248489345
9781248489352
9781248489369
9781248489376
9781248489383
9781248489390
9781248489406
9781248489413
9781248489420
9781248489437
9781248489444
9781248489451
9781248489468
9781248489475
9781248489482
9781248489499
9781248489505
9781248489512
9781248489529
9781248489536
9781248489543
9781248489550
9781248489567
9781248489574
9781248489581
9781248489598
9781248489604
9781248489611
9781248489628
9781248489635
9781248489642
9781248489659
9781248489666
9781248489673
9781248489680
9781248489697
9781248489703
9781248489710
9781248489727
9781248489734
9781248489741
9781248489758
9781248489765
9781248489772
9781248489789
9781248489796
9781248489802
9781248489819
9781248489826
9781248489833
9781248489840
9781248489857
9781248489864
9781248489871
9781248489888
9781248489895
9781248489901
9781248489918
9781248489925
9781248489932
9781248489949
9781248489956
9781248489963
9781248489970
9781248489987
9781248489994
9781248490006
9781248490013
9781248490020
9781248490037
9781248490044
9781248490051
9781248490068
9781248490075
9781248490082
9781248490099
9781248490105
9781248490112
9781248490129
9781248490136
9781248490143
9781248490150
9781248490167
9781248490174
9781248490181
9781248490198
9781248490204
9781248490211
9781248490228
9781248490235
9781248490242
9781248490259
9781248490266
9781248490273
9781248490280
9781248490297
9781248490303
9781248490310
9781248490327
9781248490334
9781248490341
9781248490358
9781248490365
9781248490372
9781248490389
9781248490396
9781248490402
9781248490419
9781248490426
9781248490433
9781248490440
9781248490457
9781248490464
9781248490471
9781248490488
9781248490495
9781248490501
9781248490518
9781248490525
9781248490532
9781248490549
9781248490556
9781248490563
9781248490570
9781248490587
9781248490594
9781248490600
9781248490617
9781248490624
9781248490631
9781248490648
9781248490655
9781248490662
9781248490679
9781248490686
9781248490693
9781248490709
9781248490716
9781248490723
9781248490730
9781248490747
9781248490754
9781248490761
9781248490778
9781248490785
9781248490792
9781248490808
9781248490815
9781248490822
9781248490839
9781248490846
9781248490853
9781248490860
9781248490877
9781248490884
9781248490891
9781248490907
9781248490914
9781248490921
9781248490938
9781248490945
9781248490952
9781248490969
9781248490976
9781248490983
9781248490990
9781248491003
9781248491010
9781248491027
9781248491034
9781248491041
9781248491058
9781248491065
9781248491072
9781248491089
9781248491096
9781248491102
9781248491119
9781248491126
9781248491133
9781248491140
9781248491157
9781248491164
9781248491171
9781248491188
9781248491195
9781248491201
9781248491218
9781248491225
9781248491232
9781248491249
9781248491256
9781248491263
9781248491270
9781248491287
9781248491294
9781248491300
9781248491317
9781248491324
9781248491331
9781248491348
9781248491355
9781248491362
9781248491379
9781248491386
9781248491393
9781248491409
9781248491416
9781248491423
9781248491430
9781248491447
9781248491454
9781248491461
9781248491478
9781248491485
9781248491492
9781248491508
9781248491515
9781248491522
9781248491539
9781248491546
9781248491553
9781248491560
9781248491577
9781248491584
9781248491591
9781248491607
9781248491614
9781248491621
9781248491638
9781248491645
9781248491652
9781248491669
9781248491676
9781248491683
9781248491690
9781248491706
9781248491713
9781248491720
9781248491737
9781248491744
9781248491751
9781248491768
9781248491775
9781248491782
9781248491799
9781248491805
9781248491812
9781248491829
9781248491836
9781248491843
9781248491850
9781248491867
9781248491874
9781248491881
9781248491898
9781248491904
9781248491911
9781248491928
9781248491935
9781248491942
9781248491959
9781248491966
9781248491973
9781248491980
9781248491997
9781248492000
9781248492017
9781248492024
9781248492031
9781248492048
9781248492055
9781248492062
9781248492079
9781248492086
9781248492093
9781248492109
9781248492116
9781248492123
9781248492130
9781248492147
9781248492154
9781248492161
9781248492178
9781248492185
9781248492192
9781248492208
9781248492215
9781248492222
9781248492239
9781248492246
9781248492253
9781248492260
9781248492277
9781248492284
9781248492291
9781248492307
9781248492314
9781248492321
9781248492338
9781248492345
9781248492352
9781248492369
9781248492376
9781248492383
9781248492390
9781248492406
9781248492413
9781248492420
9781248492437
9781248492444
9781248492451
9781248492468
9781248492475
9781248492482
9781248492499
9781248492505
9781248492512
9781248492529
9781248492536
9781248492543
9781248492550
9781248492567
9781248492574
9781248492581
9781248492598
9781248492604
9781248492611
9781248492628
9781248492635
9781248492642
9781248492659
9781248492666
9781248492673
9781248492680
9781248492697
9781248492703
9781248492710
9781248492727
9781248492734
9781248492741
9781248492758
9781248492765
9781248492772
9781248492789
9781248492796
9781248492802
9781248492819
9781248492826
9781248492833
9781248492840
9781248492857
9781248492864
9781248492871
9781248492888
9781248492895
9781248492901
9781248492918
9781248492925
9781248492932
9781248492949
9781248492956
9781248492963
9781248492970
9781248492987
9781248492994
9781248493007
9781248493014
9781248493021
9781248493038
9781248493045
9781248493052
9781248493069
9781248493076
9781248493083
9781248493090
9781248493106
9781248493113
9781248493120
9781248493137
9781248493144
9781248493151
9781248493168
9781248493175
9781248493182
9781248493199
9781248493205
9781248493212
9781248493229
9781248493236
9781248493243
9781248493250
9781248493267
9781248493274
9781248493281
9781248493298
9781248493304
9781248493311
9781248493328
9781248493335
9781248493342
9781248493359
9781248493366
9781248493373
9781248493380
9781248493397
9781248493410
9781248493427
9781248493434
9781248493441
9781248493458
9781248493465
9781248493472
9781248493489
9781248493496
9781248493502
9781248493519
9781248493526
9781248493533
9781248493540
9781248493557
9781248493564
9781248493571
9781248493588
9781248493595
9781248493601
9781248493618
9781248493625
9781248493632
9781248493649
9781248493656
9781248493663
9781248493670
9781248493687
9781248493694
9781248493700
9781248493717
9781248493724
9781248493731
9781248493748
9781248493755
9781248493762
9781248493779
9781248493786
9781248493793
9781248493809
9781248493816
9781248493823
9781248493830
9781248493847
9781248493854
9781248493861
9781248493878
9781248493885
9781248493892
9781248493908
9781248493915
9781248493922
9781248493939
9781248493946
9781248493953
9781248493960
9781248493977
9781248493984
9781248493991
9781248494004
9781248494011
9781248494028
9781248494035
9781248494042
9781248494059
9781248494066
9781248494073
9781248494080
9781248494097
9781248494103
9781248494110
9781248494127
9781248494134
9781248494141
9781248494158
9781248494165
9781248494172
9781248494189
9781248494196
9781248494202
9781248494219
9781248494226
9781248494233
9781248494240
9781248494257
9781248494264
9781248494271
9781248494288
9781248494295
9781248494301
9781248494318
9781248494325
9781248494332
9781248494349
9781248494356
9781248494363
9781248494370
9781248494387
9781248494394
9781248494400
9781248494417
9781248494424
9781248494431
9781248494448
9781248494455
9781248494462
9781248494479
9781248494486
9781248494493
9781248494509
9781248494516
9781248494523
9781248494530
9781248494547
9781248494554
9781248494561
9781248494578
9781248494585
9781248494592
9781248494608
9781248494615
9781248494622
9781248494639
9781248494646
9781248494653
9781248494660
9781248494677
9781248494684
9781248494691
9781248494707
9781248494714
9781248494721
9781248494738
9781248494745
9781248494752
9781248494769
9781248494776
9781248494783
9781248494790
9781248494806
9781248494813
9781248494820
9781248494837
9781248494844
9781248494851
9781248494868
9781248494875
9781248494882
9781248494899
9781248494905
9781248494912
9781248494929
9781248494936
9781248494943
9781248494950
9781248494967
9781248494974
9781248494981
9781248494998
9781248495001
9781248495018
9781248495025
9781248495032
9781248495049
9781248495056
9781248495063
9781248495070
9781248495087
9781248495094
9781248495100
9781248495117
9781248495124
9781248495131
9781248495148
9781248495155
9781248495162
9781248495179
9781248495186
9781248495193
9781248495209
9781248495216
9781248495223
9781248495230
9781248495247
9781248495254
9781248495261
9781248495278
9781248495285
9781248495292
9781248495308
9781248495315
9781248495322
9781248495339
9781248495346
9781248495353
9781248495360
9781248495377
9781248495384
9781248495391
9781248495407
9781248495414
9781248495421
9781248495438
9781248495445
9781248495452
9781248495469
9781248495476
9781248495483
9781248495490
9781248495506
9781248495513
9781248495520
9781248495537
9781248495544
9781248495551
9781248495568
9781248495575
9781248495582
9781248495599
9781248495605
9781248495612
9781248495629
9781248495636
9781248495643
9781248495650
9781248495667
9781248495674
9781248495681
9781248495698
9781248495704
9781248495711
9781248495728
9781248495735
9781248495742
9781248495759
9781248495766
9781248495773
9781248495780
9781248495797
9781248495803
9781248495810
9781248495827
9781248495834
9781248495841
9781248495858
9781248495865
9781248495872
9781248495889
9781248495896
9781248495902
9781248495919
9781248495926
9781248495933
9781248495940
9781248495957
9781248495964
9781248495971
9781248495988
9781248495995
9781248496008
9781248496015
9781248496022
9781248496039
9781248496046
9781248496053
9781248496060
9781248496077
9781248496084
9781248496091
9781248496107
9781248496114
9781248496121
9781248496138
9781248496145
9781248496152
9781248496169
9781248496176
9781248496183
9781248496190
9781248496206
9781248496213
9781248496220
9781248496237
9781248496244
9781248496251
9781248496268
9781248496275
9781248496282
9781248496299
9781248496305
9781248496312
9781248496329
9781248496336
9781248496343
9781248496350
9781248496367
9781248496374
9781248496381
9781248496398
9781248496404
9781248496411
9781248496428
9781248496435
9781248496442
9781248496459
9781248496466
9781248496473
9781248496480
9781248496497
9781248496503
9781248496510
9781248496527
9781248496534
9781248496541
9781248496558
9781248496565
9781248496572
9781248496589
9781248496596
9781248496602
9781248496619
9781248496626
9781248496633
9781248496640
9781248496657
9781248496664
9781248496671
9781248496688
9781248496695
9781248496701
9781248496718
9781248496725
9781248496732
9781248496749
9781248496756
9781248496763
9781248496770
9781248496787
9781248496794
9781248496800
9781248496817
9781248496824
9781248496831
9781248496848
9781248496855
9781248496862
9781248496879
9781248496886
9781248496893
9781248496909
9781248496916
9781248496923
9781248496930
9781248496947
9781248496954
9781248496961
9781248496978
9781248496985
9781248496992
9781248497005
9781248497012
9781248497029
9781248497036
9781248497043
9781248497050
9781248497067
9781248497074
9781248497081
9781248497098
9781248497104
9781248497111
9781248497128
9781248497135
9781248497142
9781248497159
9781248497166
9781248497173
9781248497180
9781248497197
9781248497203
9781248497210
9781248497227
9781248497234
9781248497241
9781248497258
9781248497265
9781248497272
9781248497289
9781248497296
9781248497302
9781248497319
9781248497326
9781248497333
9781248497340
9781248497357
9781248497364
9781248497371
9781248497388
9781248497395
9781248497401
9781248497418
9781248497425
9781248497432
9781248497449
9781248497456
9781248497463
9781248497470
9781248497487
9781248497494
9781248497500
9781248497517
9781248497524
9781248497531
9781248497548
9781248497555
9781248497562
9781248497579
9781248497586
9781248497593
9781248497609
9781248497616
9781248497623
9781248497630
9781248497647
9781248497654
9781248497661
9781248497678
9781248497685
9781248497708
9781248497715
9781248497722
9781248497739
9781248497746
9781248497753
9781248497760
9781248497777
9781248497784
9781248497791
9781248497807
9781248497814
9781248497821
9781248497838
9781248497845
9781248497852
9781248497869
9781248497876
9781248497883
9781248497890
9781248497906
9781248497913
9781248497920
9781248497937
9781248497944
9781248497951
9781248497968
9781248497975
9781248497982
9781248497999
9781248498002
9781248498019
9781248498026
9781248498033
9781248498040
9781248498057
9781248498064
9781248498071
9781248498088
9781248498095
9781248498101
9781248498118
9781248498125
9781248498132
9781248498149
9781248498156
9781248498163
9781248498170
9781248498187
9781248498194
9781248498200
9781248498217
9781248498224
9781248498231
9781248498248
9781248498255
9781248498262
9781248498279
9781248498286
9781248498293
9781248498309
9781248498316
9781248498323
9781248498330
9781248498347
9781248498354
9781248498361
9781248498378
9781248498385
9781248498392
9781248498408
9781248498415
9781248498422
9781248498439
9781248498446
9781248498453
9781248498460
9781248498477
9781248498484
9781248498491
9781248498507
9781248498514
9781248498521
9781248498538
9781248498545
9781248498552
9781248498569
9781248498576
9781248498583
9781248498590
9781248498606
9781248498613
9781248498620
9781248498637
9781248498644
9781248498651
9781248498668
9781248498675
9781248498682
9781248498699
9781248498705
9781248498712
9781248498729
9781248498736
9781248498743
9781248498750
9781248498767
9781248498774
9781248498781
9781248498798
9781248498804
9781248498811
9781248498828
9781248498835
9781248498842
9781248498859
9781248498866
9781248498873
9781248498880
9781248498897
9781248498903
9781248498910
9781248498927
9781248498934
9781248498941
9781248498958
9781248498965
9781248498972
9781248498989
9781248498996
9781248499009
9781248499016
9781248499023
9781248499030
9781248499047
9781248499054
9781248499061
9781248499078
9781248499085
9781248499092
9781248499108
9781248499115
9781248499122
9781248499139
9781248499146
9781248499153
9781248499160
9781248499177
9781248499184
9781248499191
9781248499207
9781248499214
9781248499221
9781248499238
9781248499245
9781248499252
9781248499269
9781248499276
9781248499283
9781248499290
9781248499306
9781248499313
9781248499320
9781248499337
9781248499344
9781248499351
9781248499368
9781248499375
9781248499382
9781248499399
9781248499405
9781248499412
9781248499429
9781248499436
9781248499443
9781248499450
9781248499467
9781248499474
9781248499481
9781248499498
9781248499504
9781248499511
9781248499528
9781248499535
9781248499542
9781248499559
9781248499566
9781248499573
9781248499580
9781248499597
9781248499603
9781248499610
9781248499627
9781248499634
9781248499641
9781248499658
9781248499665
9781248499672
9781248499689
9781248499696
9781248499702
9781248499719
9781248499726
9781248499733
9781248499740
9781248499757
9781248499764
9781248499771
9781248499788
9781248499795
9781248499801
9781248499818
9781248499825
9781248499832
9781248499849
9781248499856
9781248499863
9781248499870
9781248499887
9781248499894
9781248499900
9781248499917
9781248499924
9781248499931
9781248499948
9781248499955
9781248499962
9781248499979
9781248499986
9781248499993
9781248500002
9781248500019
9781248500026
9781248500033
9781248500040
9781248500057
9781248500064
9781248500071
9781248500088
9781248500095
9781248500118
9781248500132
9781248500149
9781248500156
9781248500163
9781248500170
9781248500187
9781248500217
9781248500224
9781248500248
9781248500255
9781248500262
9781248500279
9781248500286
9781248500309
9781248500316
9781248500323
9781248500347
9781248500354
9781248500361
9781248500378
9781248500385
9781248500392
9781248500408
9781248500415
9781248500422
9781248500446
9781248500477
9781248500484
9781248500491
9781248500507
9781248500514
9781248500521
9781248500538
9781248500545
9781248500569
9781248500583
9781248500590
9781248500606
9781248500613
9781248500620
9781248500637
9781248500644
9781248500668
9781248500682
9781248500699
9781248500705
9781248500712
9781248500736
9781248500767
9781248500798
9781248500804
9781248500811
9781248500828
9781248500835
9781248500866
9781248500880
9781248500910
9781248500927
9781248500934
9781248500941
9781248500958
9781248500965
9781248500972
9781248500996
9781248501009
9781248501023
9781248501047
9781248501054
9781248501061
9781248501115
9781248501122
9781248501139
9781248501160
9781248501177
9781248501184
9781248501191
9781248501221
9781248501238
9781248501269
9781248501283
9781248501320
9781248501337
9781248501344
9781248501368
9781248501405
9781248501412
9781248501429
9781248501467
9781248501474
9781248501481
9781248501498
9781248501504
9781248501511
9781248501528
9781248501535
9781248501542
9781248501559
9781248501566
9781248501573
9781248501580
9781248501597
9781248501603
9781248501610
9781248501627
9781248501634
9781248501641
9781248501658
9781248501665
9781248501672
9781248501689
9781248501696
9781248501702
9781248501719
9781248501726
9781248501740
9781248501757
9781248501764
9781248501795
9781248501801
9781248501849
9781248501887
9781248501900
9781248501917
9781248501924
9781248501931
9781248501979
9781248501986
9781248501993
9781248502006
9781248502013
9781248502020
9781248502037
9781248502044
9781248502051
9781248502068
9781248502075
9781248502082
9781248502099
9781248502105
9781248502112
9781248502129
9781248502136
9781248502143
9781248502150
9781248502167
9781248502174
9781248502181
9781248502198
9781248502204
9781248502211
9781248502228
9781248502235
9781248502242
9781248502259
9781248502266
9781248502273
9781248502280
9781248502297
9781248502303
9781248502310
9781248502327
9781248502334
9781248502341
9781248502358
9781248502365
9781248502372
9781248502389
9781248502396
9781248502402
9781248502419
9781248502426
9781248502433
9781248502440
9781248502457
9781248502464
9781248502471
9781248502488
9781248502495
9781248502501
9781248502518
9781248502525
9781248502532
9781248502549
9781248502556
9781248502563
9781248502570
9781248502587
9781248502594
9781248502600
9781248502617
9781248502624
9781248502631
9781248502648
9781248502655
9781248502662
9781248502679
9781248502686
9781248502693
9781248502709
9781248502716
9781248502723
9781248502730
9781248502747
9781248502754
9781248502761
9781248502778
9781248502785
9781248502792
9781248502808
9781248502815
9781248502822
9781248502839
9781248502846
9781248502853
9781248502860
9781248502877
9781248502884
9781248502891
9781248502907
9781248502914
9781248502921
9781248502938
9781248502945
9781248502952
9781248502969
9781248502976
9781248502983
9781248502990
9781248503003
9781248503010
9781248503027
9781248503034
9781248503041
9781248503058
9781248503065
9781248503072
9781248503089
9781248503096
9781248503102
9781248503119
9781248503126
9781248503133
9781248503140
9781248503157
9781248503164
9781248503171
9781248503188
9781248503195
9781248503201
9781248503218
9781248503225
9781248503232
9781248503249
9781248503256
9781248503263
9781248503270
9781248503287
9781248503294
9781248503300
9781248503317
9781248503324
9781248503331
9781248503348
9781248503355
9781248503362
9781248503379
9781248503386
9781248503393
9781248503409
9781248503416
9781248503423
9781248503430
9781248503447
9781248503454
9781248503461
9781248503478
9781248503485
9781248503492
9781248503508
9781248503515
9781248503522
9781248503539
9781248503546
9781248503553
9781248503560
9781248503577
9781248503584
9781248503591
9781248503607
9781248503614
9781248503621
9781248503638
9781248503645
9781248503652
9781248503669
9781248503676
9781248503683
9781248503690
9781248503706
9781248503713
9781248503720
9781248503737
9781248503744
9781248503751
9781248503768
9781248503775
9781248503782
9781248503799
9781248503805
9781248503812
9781248503829
9781248503836
9781248503843
9781248503850
9781248503867
9781248503874
9781248503881
9781248503898
9781248503904
9781248503911
9781248503928
9781248503935
9781248503942
9781248503959
9781248503966
9781248503973
9781248503980
9781248503997
9781248504000
9781248504017
9781248504024
9781248504031
9781248504048
9781248504055
9781248504062
9781248504079
9781248504086
9781248504093
9781248504109
9781248504116
9781248504123
9781248504130
9781248504147
9781248504154
9781248504161
9781248504178
9781248504185
9781248504192
9781248504208
9781248504215
9781248504222
9781248504239
9781248504246
9781248504253
9781248504260
9781248504277
9781248504284
9781248504291
9781248504307
9781248504314
9781248504321
9781248504338
9781248504345
9781248504352
9781248504369
9781248504376
9781248504383
9781248504390
9781248504406
9781248504413
9781248504420
9781248504437
9781248504444
9781248504451
9781248504468
9781248504475
9781248504482
9781248504499
9781248504505
9781248504512
9781248504529
9781248504536
9781248504543
9781248504550
9781248504567
9781248504574
9781248504581
9781248504598
9781248504604
9781248504611
9781248504628
9781248504635
9781248504642
9781248504659
9781248504666
9781248504673
9781248504680
9781248504697
9781248504703
9781248504710
9781248504727
9781248504734
9781248504741
9781248504758
9781248504765
9781248504772
9781248504789
9781248504796
9781248504802
9781248504819
9781248504826
9781248504833
9781248504840
9781248504857
9781248504864
9781248504871
9781248504888
9781248504895
9781248504901
9781248504918
9781248504925
9781248504932
9781248504949
9781248504956
9781248504963
9781248504970
9781248504987
9781248504994
9781248505007
9781248505014
9781248505021
9781248505038
9781248505045
9781248505052
9781248505069
9781248505076
9781248505083
9781248505090
9781248505106
9781248505113
9781248505120
9781248505137
9781248505144
9781248505151
9781248505168
9781248505175
9781248505182
9781248505199
9781248505205
9781248505212
9781248505229
9781248505236
9781248505243
9781248505250
9781248505267
9781248505274
9781248505281
9781248505298
9781248505304
9781248505311
9781248505328
9781248505335
9781248505342
9781248505359
9781248505366
9781248505373
9781248505380
9781248505397
9781248505403
9781248505410
9781248505427
9781248505434
9781248505441
9781248505458
9781248505465
9781248505472
9781248505489
9781248505496
9781248505502
9781248505519
9781248505526
9781248505533
9781248505540
9781248505564
9781248505571
9781248505588
9781248505595
9781248505601
9781248505618
9781248505625
9781248505632
9781248505649
9781248505656
9781248505663
9781248505670
9781248505687
9781248505694
9781248505700
9781248505717
9781248505724
9781248505731
9781248505748
9781248505755
9781248505762
9781248505779
9781248505786
9781248505793
9781248505809
9781248505816
9781248505823
9781248505830
9781248505847
9781248505854
9781248505861
9781248505878
9781248505885
9781248505892
9781248505908
9781248505915
9781248505922
9781248505939
9781248505946
9781248505953
9781248505960
9781248505977
9781248505984
9781248505991
9781248506004
9781248506011
9781248506028
9781248506035
9781248506042
9781248506059
9781248506066
9781248506073
9781248506080
9781248506097
9781248506103
9781248506110
9781248506127
9781248506134
9781248506158
9781248506165
9781248506172
9781248506189
9781248506196
9781248506202
9781248506219
9781248506233
9781248506264
9781248506271
9781248506288
9781248506295
9781248506301
9781248506325
9781248506332
9781248506349
9781248506356
9781248506363
9781248506370
9781248506387
9781248506394
9781248506400
9781248506417
9781248506424
9781248506431
9781248506448
9781248506455
9781248506462
9781248506493
9781248506509
9781248506516
9781248506530
9781248506547
9781248506578
9781248506585
9781248506608
9781248506622
9781248506639
9781248506646
9781248506653
9781248506677
9781248506684
9781248506691
9781248506714
9781248506738
9781248506769
9781248506776
9781248506783
9781248506806
9781248506813
9781248506820
9781248506837
9781248506844
9781248506851
9781248506868
9781248506875
9781248506899
9781248506905
9781248506912
9781248506929
9781248506936
9781248506943
9781248506950
9781248506967
9781248506974
9781248506981
9781248506998
9781248507001
9781248507018
9781248507070
9781248507087
9781248507094
9781248507100
9781248507117
9781248507124
9781248507131
9781248507155
9781248507162
9781248507179
9781248507186
9781248507193
9781248507209
9781248507216
9781248507223
9781248507230
9781248507247
9781248507254
9781248507261
9781248507278
9781248507285
9781248507292
9781248507308
9781248507315
9781248507322
9781248507339
9781248507346
9781248507353
9781248507360
9781248507377
9781248507384
9781248507391
9781248507407
9781248507414
9781248507421
9781248507438
9781248507445
9781248507452
9781248507469
9781248507476
9781248507483
9781248507490
9781248507506
9781248507513
9781248507520
9781248507537
9781248507544
9781248507551
9781248507568
9781248507575
9781248507582
9781248507599
9781248507605
9781248507612
9781248507629
9781248507636
9781248507643
9781248507650
9781248507667
9781248507674
9781248507681
9781248507698
9781248507704
9781248507711
9781248507728
9781248507735
9781248507742
9781248507759
9781248507766
9781248507773
9781248507780
9781248507797
9781248507803
9781248507810
9781248507827
9781248507834
9781248507858
9781248507865
9781248507872
9781248507889
9781248507896
9781248507902
9781248507919
9781248507926
9781248507933
9781248507940
9781248507957
9781248507964
9781248507971
9781248507988
9781248507995
9781248508008
9781248508015
9781248508022
9781248508039
9781248508046
9781248508053
9781248508060
9781248508077
9781248508084
9781248508091
9781248508107
9781248508114
9781248508121
9781248508138
9781248508145
9781248508152
9781248508169
9781248508176
9781248508183
9781248508190
9781248508206
9781248508213
9781248508220
9781248508237
9781248508244
9781248508251
9781248508268
9781248508275
9781248508282
9781248508299
9781248508305
9781248508312
9781248508329
9781248508336
9781248508343
9781248508350
9781248508367
9781248508374
9781248508381
9781248508398
9781248508404
9781248508411
9781248508428
9781248508435
9781248508442
9781248508459
9781248508466
9781248508473
9781248508480
9781248508497
9781248508503
9781248508510
9781248508527
9781248508534
9781248508541
9781248508558
9781248508565
9781248508572
9781248508589
9781248508596
9781248508602
9781248508619
9781248508626
9781248508633
9781248508640
9781248508657
9781248508664
9781248508671
9781248508688
9781248508695
9781248508701
9781248508718
9781248508725
9781248508732
9781248508749
9781248508756
9781248508763
9781248508770
9781248508787
9781248508794
9781248508800
9781248508817
9781248508824
9781248508831
9781248508848
9781248508855
9781248508862
9781248508879
9781248508886
9781248508893
9781248508909
9781248508916
9781248508923
9781248508930
9781248508947
9781248508954
9781248508961
9781248508978
9781248508985
9781248508992
9781248509005
9781248509012
9781248509029
9781248509036
9781248509043
9781248509050
9781248509067
9781248509074
9781248509081
9781248509098
9781248509104
9781248509111
9781248509128
9781248509135
9781248509142
9781248509159
9781248509166
9781248509173
9781248509180
9781248509197
9781248509203
9781248509210
9781248509227
9781248509234
9781248509241
9781248509258
9781248509265
9781248509272
9781248509289
9781248509296
9781248509302
9781248509319
9781248509326
9781248509333
9781248509340
9781248509357
9781248509364
9781248509371
9781248509388
9781248509395
9781248509401
9781248509418
9781248509425
9781248509432
9781248509449
9781248509456
9781248509463
9781248509470
9781248509487
9781248509494
9781248509500
9781248509517
9781248509524
9781248509531
9781248509548
9781248509555
9781248509562
9781248509579
9781248509586
9781248509593
9781248509609
9781248509616
9781248509623
9781248509630
9781248509647
9781248509654
9781248509661
9781248509678
9781248509685
9781248509692
9781248509708
9781248509715
9781248509722
9781248509739
9781248509746
9781248509753
9781248509760
9781248509777
9781248509784
9781248509791
9781248509807
9781248509814
9781248509821
9781248509838
9781248509845
9781248509852
9781248509869
9781248509876
9781248509883
9781248509890
9781248509906
9781248509913
9781248509920
9781248509937
9781248509944
9781248509951
9781248509968
9781248509975
9781248509982
9781248509999
9781248510001
9781248510018
9781248510025
9781248510032
9781248510049
9781248510056
9781248510063
9781248510070
9781248510087
9781248510094
9781248510100
9781248510117
9781248510124
9781248510131
9781248510148
9781248510155
9781248510162
9781248510179
9781248510186
9781248510193
9781248510209
9781248510216
9781248510223
9781248510230
9781248510247
9781248510254
9781248510278
9781248510285
9781248510292
9781248510308
9781248510315
9781248510322
9781248510339
9781248510346
9781248510353
9781248510360
9781248510377
9781248510384
9781248510391
9781248510407
9781248510414
9781248510421
9781248510438
9781248510445
9781248510452
9781248510469
9781248510476
9781248510483
9781248510490
9781248510506
9781248510513
9781248510520
9781248510537
9781248510544
9781248510551
9781248510568
9781248510575
9781248510582
9781248510599
9781248510605
9781248510612
9781248510629
9781248510636
9781248510643
9781248510667
9781248510674
9781248510681
9781248510698
9781248510704
9781248510711
9781248510728
9781248510735
9781248510742
9781248510759
9781248510766
9781248510773
9781248510780
9781248510797
9781248510803
9781248510810
9781248510827
9781248510834
9781248510858
9781248510865
9781248510872
9781248510889
9781248510896
9781248510902
9781248510919
9781248510926
9781248510933
9781248510940
9781248510957
9781248510971
9781248510988
9781248510995
9781248511008
9781248511022
9781248511039
9781248511046
9781248511053
9781248511060
9781248511077
9781248511084
9781248511091
9781248511107
9781248511121
9781248511138
9781248511145
9781248511152
9781248511169
9781248511176
9781248511183
9781248511190
9781248511213
9781248511220
9781248511237
9781248511244
9781248511251
9781248511268
9781248511275
9781248511282
9781248511299
9781248511312
9781248511329
9781248511336
9781248511343
9781248511350
9781248511367
9781248511374
9781248511398
9781248511411
9781248511428
9781248511435
9781248511442
9781248511459
9781248511466
9781248511473
9781248511480
9781248511497
9781248511503
9781248511510
9781248511527
9781248511534
9781248511541
9781248511558
9781248511565
9781248511589
9781248511596
9781248511602
9781248511619
9781248511626
9781248511633
9781248511640
9781248511657
9781248511664
9781248511688
9781248511695
9781248511701
9781248511725
9781248511732
9781248511749
9781248511756
9781248511763
9781248511787
9781248511794
9781248511800
9781248511817
9781248511824
9781248511831
9781248511848
9781248511855
9781248511862
9781248511879
9781248511886
9781248511893
9781248511909
9781248511916
9781248511923
9781248511930
9781248511947
9781248511954
9781248511961
9781248511978
9781248511985
9781248512012
9781248512029
9781248512036
9781248512043
9781248512050
9781248512067
9781248512074
9781248512081
9781248512098
9781248512104
9781248512128
9781248512142
9781248512159
9781248512166
9781248512173
9781248512180
9781248512197
9781248512203
9781248512210
9781248512227
9781248512234
9781248512241
9781248512258
9781248512265
9781248512272
9781248512289
9781248512296
9781248512302
9781248512319
9781248512326
9781248512333
9781248512340
9781248512357
9781248512364
9781248512371
9781248512388
9781248512395
9781248512401
9781248512418
9781248512425
9781248512432
9781248512449
9781248512456
9781248512463
9781248512470
9781248512487
9781248512494
9781248512500
9781248512517
9781248512524
9781248512531
9781248512548
9781248512555
9781248512562
9781248512579
9781248512586
9781248512593
9781248512609
9781248512616
9781248512623
9781248512630
9781248512647
9781248512654
9781248512661
9781248512678
9781248512685
9781248512692
9781248512708
9781248512715
9781248512722
9781248512739
9781248512746
9781248512753
9781248512760
9781248512777
9781248512784
9781248512791
9781248512807
9781248512814
9781248512821
9781248512838
9781248512845
9781248512852
9781248512869
9781248512876
9781248512883
9781248512890
9781248512906
9781248512913
9781248512920
9781248512937
9781248512944
9781248512951
9781248512968
9781248512975
9781248512982
9781248512999
9781248513002
9781248513019
9781248513026
9781248513033
9781248513040
9781248513057
9781248513064
9781248513071
9781248513088
9781248513095
9781248513101
9781248513118
9781248513125
9781248513132
9781248513149
9781248513156
9781248513163
9781248513170
9781248513187
9781248513194
9781248513200
9781248513217
9781248513224
9781248513231
9781248513248
9781248513255
9781248513262
9781248513279
9781248513286
9781248513293
9781248513309
9781248513316
9781248513323
9781248513330
9781248513347
9781248513354
9781248513361
9781248513378
9781248513385
9781248513392
9781248513408
9781248513415
9781248513422
9781248513439
9781248513446
9781248513453
9781248513460
9781248513477
9781248513484
9781248513491
9781248513507
9781248513514
9781248513521
9781248513538
9781248513545
9781248513552
9781248513569
9781248513576
9781248513583
9781248513590
9781248513606
9781248513613
9781248513620
9781248513637
9781248513644
9781248513651
9781248513668
9781248513675
9781248513682
9781248513699
9781248513705
9781248513712
9781248513729
9781248513736
9781248513743
9781248513750
9781248513767
9781248513774
9781248513781
9781248513798
9781248513804
9781248513811
9781248513828
9781248513835
9781248513842
9781248513859
9781248513866
9781248513873
9781248513880
9781248513897
9781248513903
9781248513910
9781248513927
9781248513934
9781248513941
9781248513958
9781248513965
9781248513972
9781248513989
9781248513996
9781248514009
9781248514016
9781248514023
9781248514030
9781248514047
9781248514054
9781248514061
9781248514078
9781248514085
9781248514092
9781248514108
9781248514115
9781248514122
9781248514139
9781248514146
9781248514153
9781248514160
9781248514177
9781248514184
9781248514191
9781248514207
9781248514214
9781248514221
9781248514238
9781248514245
9781248514252
9781248514269
9781248514276
9781248514283
9781248514290
9781248514306
9781248514313
9781248514320
9781248514337
9781248514344
9781248514351
9781248514368
9781248514375
9781248514382
9781248514399
9781248514405
9781248514412
9781248514429
9781248514436
9781248514443
9781248514450
9781248514467
9781248514474
9781248514481
9781248514498
9781248514504
9781248514511
9781248514528
9781248514535
9781248514542
9781248514559
9781248514566
9781248514573
9781248514580
9781248514597
9781248514603
9781248514610
9781248514627
9781248514634
9781248514641
9781248514658
9781248514665
9781248514672
9781248514689
9781248514696
9781248514702
9781248514719
9781248514726
9781248514733
9781248514740
9781248514757
9781248514764
9781248514771
9781248514788
9781248514795
9781248514801
9781248514818
9781248514825
9781248514832
9781248514849
9781248514856
9781248514863
9781248514870
9781248514887
9781248514894
9781248514900
9781248514917
9781248514924
9781248514931
9781248514948
9781248514955
9781248514962
9781248514979
9781248514986
9781248514993
9781248515006
9781248515013
9781248515020
9781248515037
9781248515044
9781248515051
9781248515068
9781248515075
9781248515082
9781248515099
9781248515105
9781248515112
9781248515129
9781248515136
9781248515143
9781248515150
9781248515167
9781248515174
9781248515181
9781248515198
9781248515204
9781248515211
9781248515228
9781248515235
9781248515242
9781248515259
9781248515266
9781248515273
9781248515280
9781248515297
9781248515303
9781248515310
9781248515327
9781248515334
9781248515341
9781248515358
9781248515365
9781248515372
9781248515389
9781248515396
9781248515402
9781248515419
9781248515426
9781248515433
9781248515440
9781248515457
9781248515464
9781248515471
9781248515488
9781248515495
9781248515501
9781248515518
9781248515525
9781248515532
9781248515549
9781248515556
9781248515563
9781248515570
9781248515587
9781248515594
9781248515600
9781248515617
9781248515624
9781248515631
9781248515648
9781248515655
9781248515662
9781248515679
9781248515686
9781248515693
9781248515709
9781248515716
9781248515723
9781248515730
9781248515747
9781248515754
9781248515761
9781248515778
9781248515785
9781248515792
9781248515808
9781248515815
9781248515822
9781248515839
9781248515846
9781248515853
9781248515860
9781248515877
9781248515884
9781248515891
9781248515907
9781248515914
9781248515921
9781248515938
9781248515945
9781248515952
9781248515976
9781248515983
9781248515990
9781248516003
9781248516010
9781248516027
9781248516034
9781248516041
9781248516058
9781248516065
9781248516072
9781248516089
9781248516096
9781248516102
9781248516119
9781248516126
9781248516133
9781248516140
9781248516157
9781248516164
9781248516171
9781248516188
9781248516195
9781248516201
9781248516218
9781248516225
9781248516232
9781248516249
9781248516256
9781248516263
9781248516270
9781248516287
9781248516294
9781248516300
9781248516317
9781248516324
9781248516331
9781248516348
9781248516355
9781248516362
9781248516379
9781248516386
9781248516393
9781248516409
9781248516416
9781248516423
9781248516430
9781248516447
9781248516454
9781248516461
9781248516478
9781248516485
9781248516492
9781248516508
9781248516515
9781248516522
9781248516539
9781248516546
9781248516553
9781248516560
9781248516584
9781248516591
9781248516607
9781248516614
9781248516621
9781248516638
9781248516645
9781248516652
9781248516669
9781248516676
9781248516683
9781248516690
9781248516706
9781248516713
9781248516720
9781248516737
9781248516744
9781248516768
9781248516775
9781248516782
9781248516799
9781248516805
9781248516812
9781248516829
9781248516836
9781248516843
9781248516850
9781248516867
9781248516874
9781248516881
9781248516898
9781248516911
9781248516928
9781248516942
9781248516959
9781248516966
9781248516973
9781248516980
9781248516997
9781248517000
9781248517017
9781248517024
9781248517055
9781248517062
9781248517086
9781248517109
9781248517116
9781248517123
9781248517130
9781248517147
9781248517154
9781248517178
9781248517185
9781248517208
9781248517215
9781248517253
9781248517260
9781248517277
9781248517284
9781248517307
9781248517314
9781248517321
9781248517338
9781248517406
9781248517413
9781248517437
9781248517468
9781248517475
9781248517505
9781248517512
9781248517529
9781248517536
9781248517543
9781248517550
9781248517567
9781248517581
9781248517598
9781248517604
9781248517635
9781248517642
9781248517659
9781248517666
9781248517673
9781248517697
9781248517703
9781248517734
9781248517765
9781248517772
9781248517789
9781248517796
9781248517802
9781248517819
9781248517833
9781248517840
9781248517857
9781248517888
9781248517895
9781248517918
9781248517925
9781248517932
9781248517949
9781248517956
9781248517970
9781248517994
9781248518007
9781248518014
9781248518021
9781248518038
9781248518045
9781248518076
9781248518083
9781248518106
9781248518113
9781248518120
9781248518137
9781248518144
9781248518151
9781248518175
9781248518182
9781248518205
9781248518212
9781248518243
9781248518267
9781248518274
9781248518281
9781248518298
9781248518311
9781248518335
9781248518359
9781248518373
9781248518410
9781248518458
9781248518489
9781248518496
9781248518502
9781248518519
9781248518526
9781248518533
9781248518540
9781248518557
9781248518564
9781248518571
9781248518618
9781248518632
9781248518663
9781248518670
9781248518687
9781248518700
9781248518731
9781248518762
9781248518779
9781248518786
9781248518793
9781248518809
9781248518830
9781248518847
9781248518854
9781248518892
9781248518908
9781248518915
9781248518939
9781248518984
9781248518991
9781248519004
9781248519011
9781248519066
9781248519073
9781248519080
9781248519103
9781248519110
9781248519127
9781248519134
9781248519158
9781248519165
9781248519219
9781248519226
9781248519233
9781248519264
9781248519271
9781248519295
9781248519318
9781248519325
9781248519332
9781248519356
9781248519363
9781248519387
9781248519394
9781248519400
9781248519417
9781248519424
9781248519431
9781248519448
9781248519455
9781248519462
9781248519479
9781248519493
9781248519509
9781248519530
9781248519554
9781248519561
9781248519578
9781248519592
9781248519615
9781248519622
9781248519646
9781248519653
9781248519660
9781248519677
9781248519684
9781248519691
9781248519707
9781248519714
9781248519721
9781248519738
9781248519745
9781248519752
9781248519769
9781248519776
9781248519783
9781248519790
9781248519806
9781248519813
9781248519820
9781248519837
9781248519844
9781248519851
9781248519875
9781248519882
9781248519899
9781248519905
9781248519912
9781248519929
9781248519936
9781248519943
9781248519950
9781248519967
9781248519974
9781248519981
9781248519998
9781248520000
9781248520017
9781248520024
9781248520031
9781248520048
9781248520055
9781248520062
9781248520079
9781248520086
9781248520093
9781248520109
9781248520116
9781248520123
9781248520130
9781248520147
9781248520154
9781248520161
9781248520178
9781248520185
9781248520192
9781248520208
9781248520215
9781248520222
9781248520239
9781248520246
9781248520253
9781248520260
9781248520277
9781248520284
9781248520291
9781248520307
9781248520314
9781248520321
9781248520338
9781248520345
9781248520352
9781248520369
9781248520376
9781248520383
9781248520390
9781248520406
9781248520413
9781248520420
9781248520437
9781248520444
9781248520451
9781248520468
9781248520475
9781248520482
9781248520499
9781248520505
9781248520512
9781248520529
9781248520543
9781248520550
9781248520567
9781248520574
9781248520581
9781248520598
9781248520604
9781248520611
9781248520628
9781248520635
9781248520642
9781248520659
9781248520666
9781248520673
9781248520680
9781248520697
9781248520703
9781248520710
9781248520727
9781248520734
9781248520741
9781248520758
9781248520765
9781248520772
9781248520789
9781248520796
9781248520802
9781248520819
9781248520826
9781248520833
9781248520840
9781248520857
9781248520864
9781248520871
9781248520888
9781248520895
9781248520901
9781248520918
9781248520925
9781248520932
9781248520949
9781248520956
9781248520963
9781248520970
9781248520987
9781248520994
9781248521007
9781248521014
9781248521021
9781248521038
9781248521045
9781248521052
9781248521069
9781248521076
9781248521083
9781248521090
9781248521106
9781248521113
9781248521120
9781248521137
9781248521144
9781248521151
9781248521168
9781248521175
9781248521182
9781248521199
9781248521205
9781248521212
9781248521229
9781248521236
9781248521243
9781248521250
9781248521267
9781248521274
9781248521281
9781248521298
9781248521304
9781248521311
9781248521328
9781248521335
9781248521342
9781248521359
9781248521366
9781248521373
9781248521380
9781248521397
9781248521403
9781248521410
9781248521427
9781248521434
9781248521441
9781248521458
9781248521465
9781248521472
9781248521489
9781248521496
9781248521502
9781248521519
9781248521526
9781248521533
9781248521540
9781248521557
9781248521564
9781248521571
9781248521588
9781248521595
9781248521601
9781248521618
9781248521625
9781248521632
9781248521649
9781248521656
9781248521663
9781248521670
9781248521687
9781248521694
9781248521700
9781248521717
9781248521724
9781248521731
9781248521748
9781248521755
9781248521762
9781248521779
9781248521786
9781248521793
9781248521809
9781248521816
9781248521823
9781248521830
9781248521847
9781248521854
9781248521861
9781248521878
9781248521885
9781248521892
9781248521908
9781248521915
9781248521922
9781248521939
9781248521946
9781248521953
9781248521960
9781248521977
9781248521984
9781248521991
9781248522004
9781248522011
9781248522028
9781248522035
9781248522042
9781248522059
9781248522066
9781248522073
9781248522080
9781248522097
9781248522103
9781248522110
9781248522127
9781248522134
9781248522141
9781248522158
9781248522165
9781248522172
9781248522189
9781248522196
9781248522202
9781248522219
9781248522226
9781248522233
9781248522240
9781248522257
9781248522264
9781248522271
9781248522288
9781248522301
9781248522318
9781248522332
9781248522349
9781248522356
9781248522363
9781248522370
9781248522387
9781248522394
9781248522417
9781248522424
9781248522431
9781248522448
9781248522455
9781248522479
9781248522486
9781248522493
9781248522516
9781248522523
9781248522530
9781248522547
9781248522554
9781248522561
9781248522578
9781248522585
9781248522592
9781248522608
9781248522615
9781248522622
9781248522639
9781248522646
9781248522653
9781248522660
9781248522677
9781248522691
9781248522707
9781248522714
9781248522721
9781248522738
9781248522752
9781248522769
9781248522776
9781248522783
9781248522806
9781248522820
9781248522837
9781248522844
9781248522851
9781248522868
9781248522875
9781248522882
9781248522899
9781248522905
9781248522929
9781248522936
9781248522943
9781248522950
9781248522967
9781248522998
9781248523001
9781248523018
9781248523025
9781248523032
9781248523049
9781248523056
9781248523063
9781248523070
9781248523087
9781248523094
9781248523117
9781248523124
9781248523131
9781248523148
9781248523155
9781248523162
9781248523179
9781248523186
9781248523193
9781248523209
9781248523216
9781248523223
9781248523230
9781248523247
9781248523254
9781248523261
9781248523278
9781248523285
9781248523292
9781248523308
9781248523315
9781248523322
9781248523339
9781248523346
9781248523353
9781248523360
9781248523377
9781248523384
9781248523391
9781248523407
9781248523414
9781248523421
9781248523438
9781248523445
9781248523452
9781248523469
9781248523476
9781248523483
9781248523490
9781248523506
9781248523513
9781248523520
9781248523537
9781248523544
9781248523568
9781248523575
9781248523582
9781248523599
9781248523605
9781248523612
9781248523629
9781248523636
9781248523643
9781248523650
9781248523667
9781248523674
9781248523681
9781248523698
9781248523704
9781248523711
9781248523728
9781248523735
9781248523742
9781248523759
9781248523766
9781248523773
9781248523780
9781248523797
9781248523803
9781248523810
9781248523827
9781248523834
9781248523841
9781248523858
9781248523865
9781248523872
9781248523889
9781248523896
9781248523902
9781248523919
9781248523926
9781248523933
9781248523940
9781248523957
9781248523964
9781248523971
9781248523988
9781248523995
9781248524008
9781248524015
9781248524022
9781248524039
9781248524046
9781248524053
9781248524060
9781248524077
9781248524084
9781248524091
9781248524107
9781248524114
9781248524121
9781248524138
9781248524145
9781248524152
9781248524169
9781248524176
9781248524183
9781248524190
9781248524206
9781248524213
9781248524220
9781248524237
9781248524244
9781248524251
9781248524268
9781248524275
9781248524282
9781248524299
9781248524305
9781248524312
9781248524329
9781248524336
9781248524343
9781248524350
9781248524367
9781248524374
9781248524381
9781248524398
9781248524404
9781248524411
9781248524428
9781248524435
9781248524442
9781248524459
9781248524466
9781248524473
9781248524480
9781248524497
9781248524503
9781248524510
9781248524527
9781248524534
9781248524541
9781248524558
9781248524565
9781248524572
9781248524589
9781248524596
9781248524602
9781248524619
9781248524626
9781248524633
9781248524640
9781248524657
9781248524664
9781248524671
9781248524688
9781248524695
9781248524701
9781248524718
9781248524725
9781248524732
9781248524749
9781248524756
9781248524763
9781248524770
9781248524787
9781248524794
9781248524800
9781248524817
9781248524824
9781248524831
9781248524848
9781248524855
9781248524879
9781248524886
9781248524909
9781248524916
9781248524923
9781248524930
9781248524947
9781248524954
9781248524961
9781248524978
9781248524985
9781248524992
9781248525005
9781248525012
9781248525029
9781248525036
9781248525043
9781248525050
9781248525067
9781248525074
9781248525081
9781248525098
9781248525104
9781248525111
9781248525128
9781248525135
9781248525142
9781248525159
9781248525166
9781248525173
9781248525180
9781248525197
9781248525203
9781248525210
9781248525227
9781248525234
9781248525241
9781248525258
9781248525265
9781248525272
9781248525289
9781248525296
9781248525302
9781248525319
9781248525326
9781248525333
9781248525340
9781248525357
9781248525364
9781248525371
9781248525388
9781248525395
9781248525401
9781248525418
9781248525425
9781248525432
9781248525449
9781248525456
9781248525463
9781248525470
9781248525487
9781248525494
9781248525500
9781248525517
9781248525524
9781248525531
9781248525548
9781248525555
9781248525562
9781248525579
9781248525586
9781248525593
9781248525609
9781248525616
9781248525623
9781248525630
9781248525647
9781248525654
9781248525661
9781248525678
9781248525685
9781248525692
9781248525708
9781248525715
9781248525722
9781248525739
9781248525746
9781248525753
9781248525760
9781248525777
9781248525784
9781248525791
9781248525807
9781248525814
9781248525821
9781248525838
9781248525845
9781248525852
9781248525869
9781248525876
9781248525883
9781248525890
9781248525906
9781248525913
9781248525920
9781248525937
9781248525944
9781248525951
9781248525968
9781248525975
9781248525999
9781248526002
9781248526019
9781248526026
9781248526033
9781248526040
9781248526057
9781248526064
9781248526071
9781248526088
9781248526095
9781248526101
9781248526118
9781248526125
9781248526132
9781248526149
9781248526156
9781248526163
9781248526170
9781248526187
9781248526194
9781248526200
9781248526217
9781248526224
9781248526231
9781248526248
9781248526255
9781248526262
9781248526279
9781248526286
9781248526293
9781248526309
9781248526316
9781248526323
9781248526330
9781248526347
9781248526354
9781248526361
9781248526378
9781248526385
9781248526392
9781248526408
9781248526415
9781248526422
9781248526439
9781248526446
9781248526453
9781248526460
9781248526477
9781248526484
9781248526491
9781248526507
9781248526514
9781248526521
9781248526538
9781248526545
9781248526552
9781248526569
9781248526576
9781248526583
9781248526590
9781248526606
9781248526613
9781248526620
9781248526637
9781248526644
9781248526651
9781248526668
9781248526675
9781248526682
9781248526699
9781248526705
9781248526712
9781248526729
9781248526736
9781248526743
9781248526750
9781248526767
9781248526774
9781248526781
9781248526798
9781248526804
9781248526811
9781248526828
9781248526835
9781248526842
9781248526859
9781248526866
9781248526873
9781248526880
9781248526897
9781248526903
9781248526910
9781248526927
9781248526934
9781248526941
9781248526958
9781248526965
9781248526972
9781248526989
9781248526996
9781248527009
9781248527016
9781248527023
9781248527030
9781248527047
9781248527054
9781248527061
9781248527078
9781248527085
9781248527092
9781248527108
9781248527115
9781248527122
9781248527139
9781248527146
9781248527153
9781248527160
9781248527177
9781248527184
9781248527191
9781248527207
9781248527214
9781248527221
9781248527238
9781248527245
9781248527252
9781248527269
9781248527276
9781248527283
9781248527290
9781248527306
9781248527313
9781248527320
9781248527337
9781248527344
9781248527351
9781248527368
9781248527375
9781248527382
9781248527399
9781248527405
9781248527412
9781248527429
9781248527436
9781248527443
9781248527450
9781248527467
9781248527474
9781248527481
9781248527498
9781248527504
9781248527511
9781248527528
9781248527535
9781248527542
9781248527559
9781248527566
9781248527573
9781248527580
9781248527597
9781248527603
9781248527634
9781248527641
9781248527658
9781248527665
9781248527672
9781248527689
9781248527696
9781248527702
9781248527719
9781248527726
9781248527733
9781248527740
9781248527757
9781248527764
9781248527771
9781248527801
9781248527818
9781248527825
9781248527856
9781248527863
9781248527870
9781248527887
9781248527894
9781248527900
9781248527924
9781248527931
9781248527948
9781248527962
9781248527979
9781248527986
9781248527993
9781248528006
9781248528013
9781248528020
9781248528037
9781248528044
9781248528051
9781248528068
9781248528075
9781248528082
9781248528099
9781248528105
9781248528112
9781248528129
9781248528136
9781248528143
9781248528150
9781248528167
9781248528181
9781248528198
9781248528204
9781248528211
9781248528228
9781248528235
9781248528242
9781248528266
9781248528273
9781248528280
9781248528297
9781248528310
9781248528334
9781248528341
9781248528358
9781248528365
9781248528372
9781248528389
9781248528396
9781248528402
9781248528419
9781248528426
9781248528433
9781248528440
9781248528457
9781248528464
9781248528471
9781248528488
9781248528495
9781248528501
9781248528518
9781248528525
9781248528532
9781248528549
9781248528556
9781248528563
9781248528570
9781248528587
9781248528600
9781248528617
9781248528631
9781248528648
9781248528655
9781248528662
9781248528686
9781248528693
9781248528709
9781248528716
9781248528723
9781248528730
9781248528747
9781248528754
9781248528761
9781248528778
9781248528785
9781248528792
9781248528808
9781248528815
9781248528822
9781248528839
9781248528846
9781248528853
9781248528877
9781248528884
9781248528891
9781248528907
9781248528914
9781248528921
9781248528938
9781248528945
9781248528969
9781248528983
9781248528990
9781248529003
9781248529010
9781248529027
9781248529034
9781248529041
9781248529058
9781248529065
9781248529072
9781248529096
9781248529102
9781248529119
9781248529126
9781248529133
9781248529140
9781248529164
9781248529171
9781248529188
9781248529195
9781248529201
9781248529218
9781248529225
9781248529232
9781248529249
9781248529256
9781248529263
9781248529270
9781248529287
9781248529294
9781248529317
9781248529324
9781248529331
9781248529348
9781248529355
9781248529362
9781248529379
9781248529386
9781248529393
9781248529409
9781248529416
9781248529423
9781248529430
9781248529447
9781248529454
9781248529461
9781248529492
9781248529515
9781248529522
9781248529539
9781248529546
9781248529553
9781248529560
9781248529577
9781248529584
9781248529591
9781248529607
9781248529614
9781248529621
9781248529638
9781248529645
9781248529652
9781248529676
9781248529690
9781248529713
9781248529720
9781248529737
9781248529744
9781248529751
9781248529768
9781248529799
9781248529805
9781248529812
9781248529829
9781248529836
9781248529843
9781248529850
9781248529867
9781248529874
9781248529881
9781248529898
9781248529904
9781248529911
9781248529928
9781248529935
9781248529942
9781248529959
9781248529966
9781248529980
9781248529997
9781248530009
9781248530016
9781248530023
9781248530047
9781248530054
9781248530078
9781248530092
9781248530108
9781248530115
9781248530122
9781248530139
9781248530160
9781248530177
9781248530184
9781248530191
9781248530207
9781248530214
9781248530221
9781248530238
9781248530245
9781248530252
9781248530269
9781248530276
9781248530283
9781248530290
9781248530306
9781248530313
9781248530320
9781248530337
9781248530344
9781248530351
9781248530368
9781248530375
9781248530382
9781248530399
9781248530405
9781248530412
9781248530429
9781248530436
9781248530443
9781248530450
9781248530467
9781248530474
9781248530481
9781248530498
9781248530504
9781248530511
9781248530528
9781248530535
9781248530542
9781248530559
9781248530566
9781248530573
9781248530580
9781248530597
9781248530603
9781248530610
9781248530627
9781248530634
9781248530641
9781248530658
9781248530665
9781248530672
9781248530689
9781248530696
9781248530702
9781248530719
9781248530726
9781248530733
9781248530740
9781248530757
9781248530764
9781248530771
9781248530788
9781248530795
9781248530801
9781248530818
9781248530825
9781248530832
9781248530849
9781248530856
9781248530863
9781248530870
9781248530887
9781248530894
9781248530900
9781248530917
9781248530924
9781248530931
9781248530948
9781248530955
9781248530962
9781248530979
9781248530986
9781248530993
9781248531006
9781248531013
9781248531020
9781248531037
9781248531044
9781248531051
9781248531068
9781248531075
9781248531082
9781248531099
9781248531105
9781248531112
9781248531129
9781248531136
9781248531143
9781248531150
9781248531167
9781248531174
9781248531181
9781248531198
9781248531204
9781248531211
9781248531228
9781248531235
9781248531242
9781248531259
9781248531266
9781248531280
9781248531303
9781248531310
9781248531327
9781248531334
9781248531341
9781248531358
9781248531365
9781248531372
9781248531389
9781248531396
9781248531402
9781248531419
9781248531426
9781248531433
9781248531440
9781248531457
9781248531464
9781248531471
9781248531488
9781248531495
9781248531501
9781248531518
9781248531525
9781248531532
9781248531549
9781248531556
9781248531563
9781248531570
9781248531587
9781248531594
9781248531600
9781248531617
9781248531624
9781248531631
9781248531648
9781248531655
9781248531662
9781248531679
9781248531686
9781248531693
9781248531709
9781248531716
9781248531723
9781248531730
9781248531747
9781248531754
9781248531761
9781248531778
9781248531808
9781248531822
9781248531846
9781248531877
9781248531884
9781248531907
9781248531914
9781248531945
9781248531952
9781248531969
9781248531990
9781248532010
9781248532027
9781248532065
9781248532102
9781248532119
9781248532126
9781248532140
9781248532195
9781248532263
9781248532270
9781248532294
9781248532300
9781248532317
9781248532324
9781248532348
9781248532362
9781248532379
9781248532409
9781248532416
9781248532430
9781248532447
9781248532454
9781248532461
9781248532478
9781248532492
9781248532508
9781248532515
9781248532591
9781248532621
9781248532645
9781248532676
9781248532706
9781248532713
9781248532751
9781248532782
9781248532812
9781248532829
9781248532867
9781248532898
9781248532928
9781248532973
9781248532980
9781248532997
9781248533024
9781248533031
9781248533055
9781248533062
9781248533079
9781248533109
9781248533161
9781248533178
9781248533192
9781248533208
9781248533222
9781248533239
9781248533284
9781248533291
9781248533314
9781248533345
9781248533413
9781248533468
9781248533482
9781248533505
9781248533529
9781248533543
9781248533598
9781248533604
9781248533611
9781248533628
9781248533635
9781248533642
9781248533659
9781248533666
9781248533673
9781248533680
9781248533697
9781248533703
9781248533710
9781248533727
9781248533734
9781248533741
9781248533758
9781248533765
9781248533772
9781248533789
9781248533796
9781248533802
9781248533819
9781248533826
9781248533833
9781248533840
9781248533857
9781248533864
9781248533871
9781248533888
9781248533895
9781248533901
9781248533918
9781248533925
9781248533949
9781248533956
9781248534007
9781248534014
9781248534038
9781248534069
9781248534076
9781248534137
9781248534175
9781248534182
9781248534199
9781248534205
9781248534212
9781248534243
9781248534311
9781248534328
9781248534342
9781248534366
9781248534373
9781248534380
9781248534403
9781248534434
9781248534458
9781248534465
9781248534526
9781248534533
9781248534564
9781248534601
9781248534649
9781248534724
9781248534779
9781248534786
9781248534809
9781248534816
9781248534885
9781248534892
9781248534908
9781248534915
9781248534922
9781248534939
9781248534946
9781248534953
9781248534960
9781248534977
9781248534984
9781248534991
9781248535035
9781248535042
9781248535059
9781248535066
9781248535073
9781248535080
9781248535097
9781248535103
9781248535110
9781248535127
9781248535134
9781248535141
9781248535158
9781248535165
9781248535172
9781248535189
9781248535196
9781248535202
9781248535219
9781248535226
9781248535233
9781248535240
9781248535257
9781248535264
9781248535271
9781248535288
9781248535295
9781248535301
9781248535332
9781248535356
9781248535400
9781248535448
9781248535455
9781248535462
9781248535479
9781248535486
9781248535493
9781248535509
9781248535516
9781248535523
9781248535530
9781248535547
9781248535554
9781248535561
9781248535578
9781248535585
9781248535592
9781248535608
9781248535615
9781248535622
9781248535639
9781248535646
9781248535653
9781248535660
9781248535677
9781248535684
9781248535738
9781248535745
9781248535776
9781248535820
9781248535868
9781248535882
9781248535899
9781248535929
9781248535936
9781248535981
9781248536070
9781248536155
9781248536162
9781248536179
9781248536186
9781248536193
9781248536223
9781248536254
9781248536261
9781248536278
9781248536285
9781248536292
9781248536308
9781248536315
9781248536322
9781248536339
9781248536346
9781248536353
9781248536360
9781248536377
9781248536384
9781248536391
9781248536407
9781248536414
9781248536421
9781248536438
9781248536445
9781248536452
9781248536469
9781248536476
9781248536483
9781248536490
9781248536506
9781248536513
9781248536520
9781248536537
9781248536544
9781248536551
9781248536568
9781248536575
9781248536582
9781248536599
9781248536629
9781248536636
9781248536698
9781248536704
9781248536728
9781248536735
9781248536742
9781248536858
9781248536919
9781248536933
9781248536957
9781248536988
9781248537022
9781248537039
9781248537053
9781248537060
9781248537084
9781248537107
9781248537145
9781248537152
9781248537169
9781248537213
9781248537220
9781248537244
9781248537251
9781248537268
9781248537275
9781248537282
9781248537299
9781248537305
9781248537312
9781248537329
9781248537336
9781248537343
9781248537350
9781248537367
9781248537374
9781248537381
9781248537398
9781248537404
9781248537411
9781248537428
9781248537435
9781248537442
9781248537459
9781248537466
9781248537473
9781248537480
9781248537497
9781248537503
9781248537510
9781248537527
9781248537534
9781248537541
9781248537558
9781248537565
9781248537572
9781248537589
9781248537596
9781248537602
9781248537619
9781248537626
9781248537633
9781248537640
9781248537657
9781248537664
9781248537671
9781248537688
9781248537695
9781248537701
9781248537718
9781248537725
9781248537732
9781248537749
9781248537756
9781248537763
9781248537770
9781248537787
9781248537794
9781248537800
9781248537817
9781248537824
9781248537831
9781248537848
9781248537855
9781248537862
9781248537879
9781248537886
9781248537893
9781248537909
9781248537916
9781248537923
9781248537930
9781248537947
9781248537954
9781248537961
9781248537978
9781248537985
9781248537992
9781248538005
9781248538012
9781248538029
9781248538036
9781248538043
9781248538050
9781248538067
9781248538074
9781248538081
9781248538098
9781248538104
9781248538111
9781248538128
9781248538135
9781248538142
9781248538159
9781248538166
9781248538173
9781248538180
9781248538197
9781248538203
9781248538210
9781248538227
9781248538234
9781248538241
9781248538258
9781248538265
9781248538272
9781248538289
9781248538296
9781248538302
9781248538319
9781248538326
9781248538333
9781248538340
9781248538357
9781248538364
9781248538371
9781248538388
9781248538395
9781248538401
9781248538418
9781248538425
9781248538432
9781248538449
9781248538456
9781248538463
9781248538470
9781248538487
9781248538500
9781248538517
9781248538524
9781248538531
9781248538548
9781248538555
9781248538562
9781248538579
9781248538586
9781248538593
9781248538609
9781248538616
9781248538623
9781248538630
9781248538647
9781248538654
9781248538661
9781248538678
9781248538685
9781248538692
9781248538708
9781248538715
9781248538722
9781248538739
9781248538746
9781248538753
9781248538760
9781248538777
9781248538784
9781248538791
9781248538807
9781248538814
9781248538821
9781248538838
9781248538845
9781248538852
9781248538869
9781248538876
9781248538883
9781248538890
9781248538906
9781248538913
9781248538920
9781248538937
9781248538944
9781248538951
9781248538968
9781248538975
9781248538982
9781248538999
9781248539002
9781248539019
9781248539026
9781248539033
9781248539040
9781248539057
9781248539064
9781248539071
9781248539088
9781248539095
9781248539101
9781248539118
9781248539125
9781248539132
9781248539149
9781248539156
9781248539163
9781248539170
9781248539187
9781248539194
9781248539200
9781248539217
9781248539224
9781248539231
9781248539248
9781248539255
9781248539262
9781248539279
9781248539286
9781248539293
9781248539309
9781248539316
9781248539323
9781248539330
9781248539347
9781248539354
9781248539361
9781248539378
9781248539385
9781248539392
9781248539408
9781248539415
9781248539422
9781248539439
9781248539446
9781248539453
9781248539460
9781248539477
9781248539484
9781248539491
9781248539507
9781248539514
9781248539521
9781248539538
9781248539545
9781248539552
9781248539569
9781248539576
9781248539583
9781248539590
9781248539606
9781248539613
9781248539620
9781248539637
9781248539644
9781248539651
9781248539668
9781248539675
9781248539682
9781248539699
9781248539705
9781248539712
9781248539729
9781248539736
9781248539743
9781248539750
9781248539767
9781248539781
9781248539798
9781248539804
9781248539811
9781248539828
9781248539835
9781248539842
9781248539859
9781248539866
9781248539873
9781248539880
9781248539897
9781248539903
9781248539910
9781248539927
9781248539934
9781248539941
9781248539958
9781248539965
9781248539972
9781248539989
9781248539996
9781248540008
9781248540015
9781248540022
9781248540039
9781248540046
9781248540053
9781248540060
9781248540077
9781248540084
9781248540091
9781248540107
9781248540114
9781248540121
9781248540138
9781248540145
9781248540152
9781248540169
9781248540176
9781248540183
9781248540190
9781248540206
9781248540213
9781248540220
9781248540237
9781248540244
9781248540251
9781248540268
9781248540275
9781248540282
9781248540299
9781248540305
9781248540312
9781248540329
9781248540336
9781248540343
9781248540350
9781248540367
9781248540374
9781248540381
9781248540398
9781248540404
9781248540411
9781248540428
9781248540435
9781248540442
9781248540459
9781248540466
9781248540473
9781248540480
9781248540497
9781248540503
9781248540510
9781248540527
9781248540534
9781248540541
9781248540558
9781248540565
9781248540572
9781248540589
9781248540596
9781248540602
9781248540619
9781248540626
9781248540633
9781248540640
9781248540657
9781248540664
9781248540671
9781248540688
9781248540695
9781248540701
9781248540718
9781248540725
9781248540732
9781248540749
9781248540756
9781248540763
9781248540770
9781248540787
9781248540794
9781248540800
9781248540817
9781248540824
9781248540831
9781248540848
9781248540855
9781248540862
9781248540879
9781248540886
9781248540893
9781248540909
9781248540916
9781248540923
9781248540930
9781248540947
9781248540954
9781248540961
9781248540978
9781248540985
9781248540992
9781248541005
9781248541012
9781248541029
9781248541036
9781248541043
9781248541050
9781248541067
9781248541074
9781248541081
9781248541098
9781248541104
9781248541111
9781248541128
9781248541135
9781248541142
9781248541159
9781248541166
9781248541173
9781248541180
9781248541197
9781248541203
9781248541210
9781248541227
9781248541234
9781248541241
9781248541258
9781248541265
9781248541272
9781248541289
9781248541296
9781248541302
9781248541319
9781248541326
9781248541333
9781248541340
9781248541357
9781248541364
9781248541371
9781248541388
9781248541395
9781248541401
9781248541418
9781248541425
9781248541432
9781248541449
9781248541456
9781248541463
9781248541470
9781248541487
9781248541494
9781248541500
9781248541517
9781248541524
9781248541531
9781248541548
9781248541555
9781248541562
9781248541579
9781248541586
9781248541593
9781248541609
9781248541616
9781248541623
9781248541630
9781248541647
9781248541654
9781248541661
9781248541678
9781248541685
9781248541692
9781248541708
9781248541715
9781248541722
9781248541739
9781248541746
9781248541753
9781248541760
9781248541777
9781248541784
9781248541791
9781248541807
9781248541814
9781248541821
9781248541838
9781248541845
9781248541852
9781248541869
9781248541876
9781248541883
9781248541890
9781248541906
9781248541913
9781248541920
9781248541937
9781248541944
9781248541951
9781248541968
9781248541975
9781248541982
9781248541999
9781248542002
9781248542019
9781248542026
9781248542033
9781248542040
9781248542057
9781248542064
9781248542071
9781248542088
9781248542095
9781248542101
9781248542118
9781248542125
9781248542132
9781248542149
9781248542156
9781248542163
9781248542170
9781248542187
9781248542194
9781248542200
9781248542217
9781248542224
9781248542231
9781248542248
9781248542255
9781248542262
9781248542279
9781248542286
9781248542293
9781248542309
9781248542316
9781248542323
9781248542330
9781248542347
9781248542354
9781248542361
9781248542378
9781248542385
9781248542392
9781248542408
9781248542415
9781248542422
9781248542439
9781248542446
9781248542453
9781248542460
9781248542477
9781248542484
9781248542491
9781248542507
9781248542514
9781248542521
9781248542538
9781248542545
9781248542552
9781248542569
9781248542576
9781248542583
9781248542590
9781248542606
9781248542613
9781248542620
9781248542637
9781248542644
9781248542651
9781248542668
9781248542675
9781248542682
9781248542699
9781248542705
9781248542712
9781248542729
9781248542736
9781248542743
9781248542750
9781248542767
9781248542774
9781248542781
9781248542798
9781248542804
9781248542811
9781248542828
9781248542835
9781248542842
9781248542859
9781248542866
9781248542873
9781248542880
9781248542897
9781248542903
9781248542910
9781248542927
9781248542934
9781248542941
9781248542958
9781248542965
9781248542972
9781248542989
9781248542996
9781248543009
9781248543016
9781248543023
9781248543030
9781248543047
9781248543054
9781248543061
9781248543078
9781248543085
9781248543092
9781248543108
9781248543115
9781248543122
9781248543139
9781248543146
9781248543153
9781248543160
9781248543177
9781248543184
9781248543191
9781248543207
9781248543214
9781248543221
9781248543238
9781248543245
9781248543252
9781248543269
9781248543276
9781248543283
9781248543290
9781248543306
9781248543313
9781248543320
9781248543337
9781248543344
9781248543351
9781248543368
9781248543375
9781248543399
9781248543405
9781248543412
9781248543429
9781248543436
9781248543443
9781248543450
9781248543467
9781248543474
9781248543481
9781248543498
9781248543504
9781248543511
9781248543528
9781248543535
9781248543542
9781248543559
9781248543566
9781248543573
9781248543580
9781248543597
9781248543603
9781248543610
9781248543627
9781248543634
9781248543641
9781248543658
9781248543665
9781248543672
9781248543689
9781248543696
9781248543702
9781248543719
9781248543726
9781248543733
9781248543740
9781248543757
9781248543764
9781248543771
9781248543788
9781248543795
9781248543801
9781248543818
9781248543825
9781248543832
9781248543849
9781248543856
9781248543863
9781248543870
9781248543887
9781248543894
9781248543900
9781248543917
9781248543924
9781248543931
9781248543948
9781248543955
9781248543962
9781248543979
9781248543986
9781248543993
9781248544006
9781248544013
9781248544020
9781248544037
9781248544044
9781248544051
9781248544068
9781248544075
9781248544082
9781248544099
9781248544105
9781248544112
9781248544129
9781248544136
9781248544143
9781248544150
9781248544167
9781248544174
9781248544181
9781248544211
9781248544228
9781248544235
9781248544242
9781248544273
9781248544280
9781248544297
9781248544303
9781248544310
9781248544327
9781248544334
9781248544341
9781248544358
9781248544372
9781248544396
9781248544402
9781248544426
9781248544433
9781248544440
9781248544457
9781248544464
9781248544471
9781248544501
9781248544518
9781248544525
9781248544549
9781248544556
9781248544563
9781248544570
9781248544587
9781248544594
9781248544600
9781248544617
9781248544709
9781248544761
9781248544778
9781248544785
9781248544808
9781248544815
9781248544853
9781248544877
9781248544884
9781248544891
9781248544914
9781248544921
9781248544938
9781248544952
9781248544976
9781248544983
9781248545010
9781248545027
9781248545034
9781248545058
9781248545089
9781248545126
9781248545133
9781248545157
9781248545188
9781248545195
9781248545201
9781248545225
9781248545232
9781248545256
9781248545263
9781248545270
9781248545287
9781248545300
9781248545348
9781248545355
9781248545362
9781248545393
9781248545416
9781248545423
9781248545430
9781248545447
9781248545461
9781248545478
9781248545515
9781248545522
9781248545546
9781248545553
9781248545560
9781248545638
9781248545645
9781248545652
9781248545669
9781248545676
9781248545683
9781248545690
9781248545706
9781248545744
9781248545751
9781248545768
9781248545775
9781248545799
9781248545805
9781248545812
9781248545829
9781248545836
9781248545867
9781248545881
9781248545904
9781248545911
9781248545942
9781248545973
9781248546000
9781248546024
9781248546055
9781248546093
9781248546116
9781248546123
9781248546130
9781248546147
9781248546154
9781248546185
9781248546215
9781248546222
9781248546246
9781248546253
9781248546284
9781248546291
9781248546314
9781248546338
9781248546345
9781248546352
9781248546390
9781248546406
9781248546420
9781248546437
9781248546451
9781248546475
9781248546482
9781248546499
9781248546505
9781248546529
9781248546536
9781248546543
9781248546550
9781248546574
9781248546604
9781248546611
9781248546635
9781248546673
9781248546680
9781248546697
9781248546703
9781248546710
9781248546741
9781248546758
9781248546789
9781248546796
9781248546819
9781248546826
9781248546857
9781248546864
9781248546871
9781248546888
9781248546895
9781248546901
9781248546932
9781248546949
9781248546970
9781248546987
9781248546994
9781248547021
9781248547038
9781248547069
9781248547106
9781248547168
9781248547182
9781248547205
9781248547212
9781248547236
9781248547250
9781248547267
9781248547274
9781248547281
9781248547298
9781248547304
9781248547335
9781248547366
9781248547373
9781248547380
9781248547427
9781248547434
9781248547441
9781248547458
9781248547519
9781248547526
9781248547540
9781248547557
9781248547564
9781248547571
9781248547618
9781248547649
9781248547663
9781248547670
9781248547687
9781248547700
9781248547755
9781248547762
9781248547779
9781248547786
9781248547793
9781248547854
9781248547861
9781248547878
9781248547885
9781248547922
9781248547953
9781248547984
9781248548004
9781248548011
9781248548028
9781248548035
9781248548042
9781248548073
9781248548080
9781248548097
9781248548172
9781248548196
9781248548219
9781248548226
9781248548233
9781248548240
9781248548257
9781248548295
9781248548332
9781248548349
9781248548431
9781248548448
9781248548455
9781248548479
9781248548493
9781248548554
9781248548646
9781248548653
9781248548660
9781248548677
9781248548707
9781248548721
9781248548776
9781248548783
9781248548806
9781248548820
9781248548837
9781248548844
9781248548882
9781248548936
9781248548967
9781248548981
9781248548998
9781248549025
9781248549049
9781248549056
9781248549063
9781248549087
9781248549094
9781248549100
9781248549148
9781248549186
9781248549230
9781248549247
9781248549254
9781248549278
9781248549292
9781248549308
9781248549384
9781248549391
9781248549414
9781248549421
9781248549438
9781248549452
9781248549476
9781248549483
9781248549490
9781248549520
9781248549551
9781248549575
9781248549582
9781248549599
9781248549605
9781248549629
9781248549643
9781248549650
9781248549698
9781248549704
9781248549742
9781248549759
9781248549773
9781248549780
9781248549797
9781248549803
9781248549810
9781248549827
9781248549834
9781248549841
9781248549865
9781248549902
9781248549933
9781248549940
9781248549971
9781248549988
9781248549995
9781248550014
9781248550038
9781248550083
9781248550090
9781248550113
9781248550144
9781248550151
9781248550168
9781248550175
9781248550205
9781248550236
9781248550243
9781248550267
9781248550274
9781248550298
9781248550304
9781248550342
9781248550359
9781248550380
9781248550397
9781248550403
9781248550427
9781248550458
9781248550472
9781248550489
9781248550519
9781248550533
9781248550540
9781248550557
9781248550571
9781248550588
9781248550601
9781248550618
9781248550625
9781248550632
9781248550649
9781248550656
9781248550663
9781248550670
9781248550687
9781248550694
9781248550700
9781248550731
9781248550755
9781248550762
9781248550793
9781248550809
9781248550854
9781248550861
9781248550939
9781248550960
9781248550977
9781248550984
9781248550991
9781248551042
9781248551080
9781248551097
9781248551103
9781248551110
9781248551219
9781248551226
9781248551233
9781248551257
9781248551264
9781248551295
9781248551301
9781248551318
9781248551325
9781248551332
9781248551363
9781248551370
9781248551394
9781248551400
9781248551424
9781248551431
9781248551448
9781248551462
9781248551486
9781248551493
9781248551516
9781248551523
9781248551530
9781248551561
9781248551578
9781248551608
9781248551646
9781248551660
9781248551684
9781248551721
9781248551745
9781248551769
9781248551776
9781248551783
9781248551806
9781248551820
9781248551851
9781248551875
9781248551882
9781248551899
9781248551912
9781248551929
9781248551943
9781248551967
9781248551974
9781248552025
9781248552049
9781248552056
9781248552063
9781248552070
9781248552094
9781248552117
9781248552162
9781248552186
9781248552223
9781248552230
9781248552254
9781248552278
9781248552308
9781248552339
9781248552346
9781248552360
9781248552377
9781248552384
9781248552391
9781248552407
9781248552414
9781248552445
9781248552452
9781248552469
9781248552476
9781248552506
9781248552513
9781248552520
9781248552551
9781248552599
9781248552612
9781248552650
9781248552759
9781248552797
9781248552803
9781248552827
9781248552834
9781248552872
9781248552889
9781248552933
9781248552940
9781248552957
9781248552964
9781248552971
9781248552988
9781248553008
9781248553015
9781248553053
9781248553060
9781248553077
9781248553084
9781248553091
9781248553107
9781248553114
9781248553121
9781248553138
9781248553145
9781248553152
9781248553169
9781248553176
9781248553183
9781248553190
9781248553206
9781248553213
9781248553220
9781248553244
9781248553251
9781248553275
9781248553350
9781248553398
9781248553411
9781248553497
9781248553527
9781248553534
9781248553541
9781248553558
9781248553565
9781248553572
9781248553589
9781248553596
9781248553602
9781248553619
9781248553626
9781248553633
9781248553640
9781248553657
9781248553664
9781248553671
9781248553688
9781248553695
9781248553701
9781248553718
9781248553725
9781248553732
9781248553749
9781248553756
9781248553763
9781248553770
9781248553787
9781248553794
9781248553800
9781248553817
9781248553824
9781248553831
9781248553848
9781248553855
9781248553862
9781248553879
9781248553886
9781248553893
9781248553909
9781248553916
9781248553923
9781248553930
9781248553947
9781248553954
9781248553961
9781248554005
9781248554043
9781248554074
9781248554111
9781248554135
9781248554142
9781248554180
9781248554234
9781248554289
9781248554432
9781248554463
9781248554487
9781248554579
9781248554586
9781248554623
9781248554685
9781248554692
9781248554722
9781248554746
9781248554753
9781248554777
9781248554883
9781248554890
9781248554944
9781248555033
9781248555118
9781248555194
9781248555224
9781248555231
9781248555255
9781248555354
9781248555378
9781248555408
9781248555422
9781248555446
9781248555460
9781248555484
9781248555514
9781248555521
9781248555538
9781248555569
9781248555583
9781248555606
9781248555637
9781248555644
9781248555712
9781248555774
9781248555781
9781248555798
9781248555804
9781248555811
9781248555828
9781248555835
9781248555842
9781248555859
9781248555866
9781248555873
9781248555880
9781248555897
9781248555903
9781248555910
9781248555927
9781248555934
9781248555941
9781248555958
9781248555965
9781248555972
9781248555989
9781248555996
9781248556009
9781248556016
9781248556030
9781248556054
9781248556115
9781248556139
9781248556184
9781248556207
9781248556214
9781248556276
9781248556283
9781248556290
9781248556306
9781248556313
9781248556320
9781248556337
9781248556344
9781248556351
9781248556368
9781248556382
9781248556399
9781248556429
9781248556436
9781248556498
9781248556511
9781248556528
9781248556559
9781248556566
9781248556696
9781248556702
9781248556801
9781248556818
9781248556863
9781248556870
9781248556887
9781248556917
9781248556931
9781248556948
9781248556979
9781248557068
9781248557075
9781248557082
9781248557112
9781248557129
9781248557143
9781248557235
9781248557266
9781248557303
9781248557310
9781248557334
9781248557341
9781248557365
9781248557440
9781248557457
9781248557464
9781248557471
9781248557495
9781248557556
9781248557563
9781248557587
9781248557617
9781248557624
9781248557662
9781248557723
9781248557754
9781248557808
9781248557822
9781248557839
9781248557853
9781248557891
9781248557907
9781248557914
9781248557976
9781248558003
9781248558058
9781248558324
9781248558355
9781248558409
9781248558416
9781248558423
9781248558430
9781248558478
9781248558485
9781248558508
9781248558683
9781248558768
9781248558782
9781248558867
9781248558959
9781248558966
9781248558973
9781248559079
9781248559109
9781248559123
9781248559222
9781248559246
9781248559253
9781248559291
9781248559345
9781248559376
9781248559383
9781248559390
9781248559406
9781248559413
9781248559420
9781248559437
9781248559444
9781248559451
9781248559468
9781248559475
9781248559482
9781248559499
9781248559505
9781248559512
9781248559529
9781248559536
9781248559543
9781248559550
9781248559567
9781248559574
9781248559581
9781248559598
9781248559604
9781248559611
9781248559628
9781248559635
9781248559642
9781248559659
9781248559666
9781248559673
9781248559680
9781248559697
9781248559703
9781248559710
9781248559727
9781248559734
9781248559741
9781248559758
9781248559765
9781248559772
9781248559789
9781248559796
9781248559802
9781248559819
9781248559826
9781248559833
9781248559840
9781248559857
9781248559864
9781248559871
9781248559888
9781248559895
9781248559901
9781248559925
9781248559932
9781248559949
9781248559956
9781248559963
9781248559970
9781248559987
9781248559994
9781248560006
9781248560013
9781248560020
9781248560037
9781248560044
9781248560051
9781248560075
9781248560082
9781248560099
9781248560112
9781248560129
9781248560143
9781248560150
9781248560167
9781248560174
9781248560181
9781248560198
9781248560204
9781248560211
9781248560242
9781248560259
9781248560273
9781248560280
9781248560297
9781248560303
9781248560310
9781248560334
9781248560341
9781248560358
9781248560365
9781248560372
9781248560389
9781248560396
9781248560402
9781248560426
9781248560433
9781248560457
9781248560464
9781248560471
9781248560488
9781248560495
9781248560501
9781248560525
9781248560532
9781248560549
9781248560556
9781248560563
9781248560570
9781248560587
9781248560594
9781248560600
9781248560624
9781248560631
9781248560662
9781248560679
9781248560686
9781248560693
9781248560709
9781248560716
9781248560723
9781248560747
9781248560754
9781248560761
9781248560778
9781248560808
9781248560815
9781248560846
9781248560853
9781248560891
9781248560907
9781248560921
9781248560938
9781248560952
9781248560969
9781248560976
9781248561003
9781248561027
9781248561034
9781248561041
9781248561065
9781248561089
9781248561096
9781248561119
9781248561126
9781248561140
9781248561164
9781248561201
9781248561225
9781248561232
9781248561249
9781248561287
9781248561317
9781248561331
9781248561362
9781248561379
9781248561409
9781248561454
9781248561461
9781248561522
9781248561553
9781248561577
9781248561584
9781248561621
9781248561638
9781248561683
9781248561737
9781248561768
9781248561799
9781248561812
9781248561867
9781248561881
9781248561973
9781248561997
9781248562031
9781248562130
9781248562208
9781248562482
9781248562598
9781248562659
9781248562727
9781248562789
9781248562895
9781248562932
9781248562987
9781248563083
9781248563199
9781248563205
9781248563212
9781248563298
9781248563335
9781248563342
9781248563380
9781248563397
9781248563410
9781248563427
9781248563441
9781248563458
9781248563533
9781248563557
9781248563595
9781248563601
9781248563663
9781248563700
9781248563755
9781248563779
9781248563854
9781248563861
9781248563915
9781248563946
9781248563977
9781248564042
9781248564080
9781248564097
9781248564110
9781248564134
9781248564158
9781248564165
9781248564172
9781248564196
9781248564202
9781248564226
9781248564233
9781248564240
9781248564271
9781248564288
9781248564295
9781248564325
9781248564332
9781248564356
9781248564387
9781248564394
9781248564400
9781248564431
9781248564448
9781248564455
9781248564486
9781248564493
9781248564509
9781248564516
9781248564523
9781248564547
9781248564554
9781248564561
9781248564585
9781248564608
9781248564615
9781248564639
9781248564646
9781248564653
9781248564660
9781248564677
9781248564691
9781248564721
9781248564745
9781248564769
9781248564776
9781248564783
9781248564790
9781248564813
9781248564837
9781248564851
9781248564875
9781248564882
9781248564899
9781248564905
9781248564912
9781248564936
9781248564943
9781248564950
9781248564967
9781248564981
9781248564998
9781248565001
9781248565018
9781248565049
9781248565056
9781248565063
9781248565070
9781248565087
9781248565094
9781248565100
9781248565117
9781248565124
9781248565131
9781248565148
9781248565155
9781248565179
9781248565193
9781248565209
9781248565216
9781248565223
9781248565230
9781248565247
9781248565254
9781248565261
9781248565278
9781248565308
9781248565322
9781248565339
9781248565346
9781248565360
9781248565377
9781248565384
9781248565391
9781248565407
9781248565414
9781248565421
9781248565452
9781248565469
9781248565476
9781248565506
9781248565513
9781248565520
9781248565575
9781248565582
9781248565599
9781248565605
9781248565612
9781248565629
9781248565643
9781248565650
9781248565667
9781248565674
9781248565698
9781248565704
9781248565735
9781248565766
9781248565773
9781248565780
9781248565797
9781248565810
9781248565834
9781248565841
9781248565858
9781248565872
9781248565889
9781248565902
9781248565919
9781248565926
9781248565933
9781248565940
9781248565971
9781248565988
9781248566008
9781248566022
9781248566039
9781248566046
9781248566053
9781248566077
9781248566084
9781248566091
9781248566107
9781248566114
9781248566121
9781248566138
9781248566152
9781248566169
9781248566176
9781248566190
9781248566206
9781248566213
9781248566220
9781248566237
9781248566251
9781248566268
9781248566275
9781248566299
9781248566305
9781248566312
9781248566329
9781248566336
9781248566343
9781248566350
9781248566374
9781248566398
9781248566404
9781248566411
9781248566442
9781248566459
9781248566466
9781248566510
9781248566527
9781248566541
9781248566572
9781248566589
9781248566602
9781248566626
9781248566633
9781248566657
9781248566664
9781248566671
9781248566688
9781248566695
9781248566701
9781248566718
9781248566725
9781248566732
9781248566749
9781248566756
9781248566763
9781248566770
9781248566787
9781248566794
9781248566817
9781248566831
9781248566879
9781248566886
9781248566893
9781248566930
9781248566947
9781248566954
9781248566961
9781248566985
9781248567012
9781248567036
9781248567043
9781248567050
9781248567067
9781248567074
9781248567098
9781248567111
9781248567135
9781248567142
9781248567159
9781248567173
9781248567180
9781248567203
9781248567210
9781248567227
9781248567234
9781248567258
9781248567265
9781248567296
9781248567319
9781248567326
9781248567333
9781248567340
9781248567388
9781248567395
9781248567418
9781248567432
9781248567463
9781248567487
9781248567500
9781248567517
9781248567531
9781248567548
9781248567562
9781248567579
9781248567586
9781248567609
9781248567630
9781248567647
9781248567661
9781248567678
9781248567685
9781248567692
9781248567708
9781248567715
9781248567722
9781248567753
9781248567784
9781248567791
9781248567807
9781248567814
9781248567890
9781248567944
9781248567982
9781248568026
9781248568040
9781248568071
9781248568088
9781248568095
9781248568132
9781248568231
9781248568255
9781248568262
9781248568279
9781248568316
9781248568330
9781248568378
9781248568385
9781248568415
9781248568422
9781248568439
9781248568453
9781248568606
9781248568620
9781248568668
9781248568682
9781248568705
9781248568712
9781248568736
9781248568750
9781248568767
9781248568811
9781248568835
9781248568842
9781248568873
9781248568897
9781248568903
9781248568910
9781248568927
9781248568972
9781248568996
9781248569009
9781248569023
9781248569047
9781248569085
9781248569108
9781248569139
9781248569177
9781248569214
9781248569238
9781248569283
9781248569306
9781248569337
9781248569382
9781248569450
9781248569474
9781248569511
9781248569528
9781248569535
9781248569542
9781248569559
9781248569573
9781248569580
9781248569627
9781248569665
9781248569672
9781248569733
9781248569771
9781248569788
9781248569795
9781248569818
9781248569849
9781248569856
9781248569863
9781248569870
9781248569887
9781248569917
9781248569931
9781248569948
9781248569955
9781248569962
9781248569993
9781248570005
9781248570036
9781248570050
9781248570067
9781248570081
9781248570098
9781248570111
9781248570128
9781248570142
9781248570166
9781248570210
9781248570241
9781248570265
9781248570272
9781248570296
9781248570326
9781248570333
9781248570357
9781248570371
9781248570395
9781248570401
9781248570418
9781248570425
9781248570449
9781248570517
9781248570531
9781248570616
9781248570647
9781248570661
9781248570678
9781248570692
9781248570715
9781248570746
9781248570753
9781248570760
9781248570784
9781248570814
9781248570821
9781248570852
9781248570869
9781248570876
9781248570883
9781248570890
9781248570906
9781248570913
9781248570920
9781248570951
9781248570968
9781248570975
9781248570982
9781248570999
9781248571019
9781248571026
9781248571040
9781248571057
9781248571095
9781248571101
9781248571118
9781248571125
9781248571132
9781248571149
9781248571187
9781248571200
9781248571224
9781248571231
9781248571248
9781248571255
9781248571262
9781248571279
9781248571286
9781248571293
9781248571309
9781248571385
9781248571415
9781248571422
9781248571491
9781248571538
9781248571569
9781248571583
9781248571606
9781248571613
9781248571668
9781248571682
9781248571781
9781248571811
9781248571866
9781248572023
9781248572047
9781248572078
9781248572085
9781248572221
9781248572252
9781248572382
9781248572412
9781248572474
9781248572511
9781248572566
9781248572627
9781248572634
9781248572672
9781248572757
9781248572832
9781248572863
9781248572900
9781248572924
9781248573020
9781248573037
9781248573136
9781248573174
9781248573181
9781248573235
9781248573242
9781248573259
9781248573266
9781248573273
9781248573297
9781248573303
9781248573327
9781248573334
9781248573365
9781248573389
9781248573402
9781248573419
9781248573433
9781248573440
9781248573464
9781248573471
9781248573488
9781248573495
9781248573501
9781248573518
9781248573532
9781248573549
9781248573556
9781248573563
9781248573570
9781248573594
9781248573624
9781248573631
9781248573648
9781248573655
9781248573662
9781248573679
9781248573686
9781248573709
9781248573716
9781248573723
9781248573730
9781248573747
9781248573754
9781248573761
9781248573778
9781248573785
9781248573792
9781248573808
9781248573815
9781248573839
9781248573853
9781248573860
9781248573914
9781248573921
9781248573945
9781248573952
9781248573969
9781248573976
9781248573983
9781248573990
9781248574003
9781248574010
9781248574027
9781248574041
9781248574058
9781248574072
9781248574089
9781248574102
9781248574119
9781248574126
9781248574133
9781248574140
9781248574157
9781248574164
9781248574195
9781248574201
9781248574218
9781248574225
9781248574232
9781248574249
9781248574256
9781248574263
9781248574270
9781248574287
9781248574294
9781248574300
9781248574317
9781248574324
9781248574331
9781248574348
9781248574355
9781248574362
9781248574379
9781248574386
9781248574393
9781248574409
9781248574423
9781248574430
9781248574447
9781248574454
9781248574461
9781248574478
9781248574485
9781248574492
9781248574508
9781248574515
9781248574522
9781248574560
9781248574577
9781248574584
9781248574591
9781248574607
9781248574614
9781248574621
9781248574638
9781248574645
9781248574676
9781248574690
9781248574706
9781248574720
9781248574737
9781248574744
9781248574751
9781248574775
9781248574782
9781248574799
9781248574829
9781248574843
9781248574850
9781248574867
9781248574928
9781248574935
9781248574959
9781248574966
9781248574973
9781248574980
9781248574997
9781248575000
9781248575031
9781248575048
9781248575079
9781248575093
9781248575109
9781248575116
9781248575130
9781248575161
9781248575185
9781248575192
9781248575222
9781248575314
9781248575321
9781248575369
9781248575444
9781248575482
9781248575505
9781248575512
9781248575536
9781248575543
9781248575550
9781248575581
9781248575604
9781248575611
9781248575659
9781248575666
9781248575680
9781248575697
9781248575741
9781248575789
9781248575819
9781248575833
9781248575857
9781248575888
9781248575932
9781248575963
9781248575994
9781248576045
9781248576076
9781248576090
9781248576106
9781248576137
9781248576144
9781248576175
9781248576182
9781248576199
9781248576205
9781248576229
9781248576250
9781248576267
9781248576304
9781248576328
9781248576342
9781248576359
9781248576366
9781248576410
9781248576427
9781248576434
9781248576489
9781248576533
9781248576571
9781248576601
9781248576625
9781248576632
9781248576649
9781248576663
9781248576687
9781248576700
9781248576717
9781248576724
9781248576731
9781248576755
9781248576779
9781248576786
9781248576793
9781248576816
9781248576823
9781248576854
9781248576861
9781248576908
9781248576915
9781248576939
9781248576953
9781248576960
9781248576977
9781248576984
9781248576991
9781248577004
9781248577011
9781248577035
9781248577042
9781248577141
9781248577158
9781248577165
9781248577172
9781248577189
9781248577202
9781248577219
9781248577226
9781248577240
9781248577257
9781248577264
9781248577271
9781248577295
9781248577301
9781248577318
9781248577325
9781248577349
9781248577363
9781248577370
9781248577387
9781248577394
9781248577400
9781248577417
9781248577431
9781248577448
9781248577455
9781248577462
9781248577516
9781248577523
9781248577547
9781248577554
9781248577585
9781248577592
9781248577622
9781248577639
9781248577646
9781248577653
9781248577660
9781248577677
9781248577684
9781248577707
9781248577769
9781248577806
9781248577820
9781248577837
9781248577844
9781248577882
9781248577912
9781248577929
9781248577936
9781248577967
9781248577974
9781248577998
9781248578001
9781248578025
9781248578063
9781248578070
9781248578087
9781248578094
9781248578100
9781248578124
9781248578148
9781248578155
9781248578179
9781248578209
9781248578223
9781248578230
9781248578278
9781248578285
9781248578292
9781248578308
9781248578315
9781248578353
9781248578377
9781248578391
9781248578414
9781248578445
9781248578483
9781248578490
9781248578513
9781248578551
9781248578636
9781248578643
9781248578650
9781248578698
9781248578704
9781248578711
9781248578728
9781248578735
9781248578742
9781248578759
9781248578834
9781248578858
9781248578865
9781248578889
9781248578902
9781248578988
9781248578995
9781248579015
9781248579022
9781248579053
9781248579060
9781248579107
9781248579114
9781248579121
9781248579152
9781248579169
9781248579176
9781248579183
9781248579244
9781248579305
9781248579312
9781248579367
9781248579398
9781248579428
9781248579435
9781248579442
9781248579459
9781248579480
9781248579497
9781248579503
9781248579527
9781248579534
9781248579541
9781248579558
9781248579565
9781248579589
9781248579596
9781248579602
9781248579619
9781248579626
9781248579633
9781248579640
9781248579657
9781248579664
9781248579671
9781248579688
9781248579695
9781248579701
9781248579725
9781248579732
9781248579749
9781248579756
9781248579763
9781248579787
9781248579794
9781248579800
9781248579817
9781248579824
9781248579831
9781248579855
9781248579879
9781248579886
9781248579893
9781248579909
9781248579916
9781248579930
9781248579947
9781248579954
9781248579961
9781248579978
9781248579985
9781248579992
9781248580011
9781248580028
9781248580035
9781248580042
9781248580059
9781248580066
9781248580073
9781248580097
9781248580103
9781248580110
9781248580127
9781248580134
9781248580141
9781248580158
9781248580165
9781248580172
9781248580189
9781248580196
9781248580202
9781248580219
9781248580226
9781248580233
9781248580240
9781248580257
9781248580271
9781248580288
9781248580295
9781248580301
9781248580318
9781248580325
9781248580332
9781248580349
9781248580356
9781248580363
9781248580370
9781248580387
9781248580400
9781248580417
9781248580431
9781248580448
9781248580455
9781248580462
9781248580479
9781248580486
9781248580493
9781248580523
9781248580530
9781248580547
9781248580554
9781248580561
9781248580578
9781248580608
9781248580615
9781248580622
9781248580639
9781248580646
9781248580653
9781248580660
9781248580677
9781248580691
9781248580707
9781248580721
9781248580738
9781248580752
9781248580769
9781248580776
9781248580790
9781248580806
9781248580813
9781248580820
9781248580837
9781248580844
9781248580851
9781248580875
9781248580882
9781248580899
9781248580905
9781248580912
9781248580929
9781248580936
9781248580943
9781248580950
9781248580974
9781248580981
9781248580998
9781248581001
9781248581018
9781248581025
9781248581032
9781248581049
9781248581056
9781248581063
9781248581070
9781248581087
9781248581094
9781248581100
9781248581117
9781248581131
9781248581148
9781248581155
9781248581162
9781248581179
9781248581186
9781248581193
9781248581209
9781248581216
9781248581223
9781248581230
9781248581247
9781248581254
9781248581261
9781248581278
9781248581285
9781248581292
9781248581315
9781248581322
9781248581339
9781248581346
9781248581353
9781248581360
9781248581377
9781248581384
9781248581391
9781248581414
9781248581421
9781248581438
9781248581445
9781248581452
9781248581469
9781248581476
9781248581483
9781248581490
9781248581506
9781248581513
9781248581520
9781248581537
9781248581544
9781248581551
9781248581568
9781248581575
9781248581582
9781248581599
9781248581605
9781248581612
9781248581629
9781248581636
9781248581643
9781248581650
9781248581667
9781248581681
9781248581698
9781248581704
9781248581735
9781248581742
9781248581759
9781248581766
9781248581780
9781248581797
9781248581803
9781248581810
9781248581827
9781248581834
9781248581841
9781248581858
9781248581865
9781248581872
9781248581889
9781248581896
9781248581902
9781248581919
9781248581926
9781248581933
9781248581940
9781248581957
9781248581971
9781248581988
9781248581995
9781248582008
9781248582015
9781248582022
9781248582039
9781248582046
9781248582053
9781248582060
9781248582084
9781248582114
9781248582121
9781248582138
9781248582145
9781248582152
9781248582169
9781248582183
9781248582206
9781248582213
9781248582220
9781248582237
9781248582244
9781248582251
9781248582268
9781248582275
9781248582299
9781248582305
9781248582312
9781248582329
9781248582343
9781248582350
9781248582367
9781248582374
9781248582381
9781248582398
9781248582428
9781248582435
9781248582442
9781248582459
9781248582466
9781248582473
9781248582480
9781248582497
9781248582510
9781248582527
9781248582534
9781248582541
9781248582558
9781248582565
9781248582589
9781248582596
9781248582602
9781248582619
9781248582626
9781248582633
9781248582640
9781248582657
9781248582664
9781248582671
9781248582688
9781248582701
9781248582718
9781248582725
9781248582732
9781248582749
9781248582756
9781248582763
9781248582787
9781248582794
9781248582817
9781248582831
9781248582848
9781248582855
9781248582862
9781248582879
9781248582886
9781248582893
9781248582909
9781248582916
9781248582923
9781248582930
9781248582947
9781248582954
9781248582961
9781248582978
9781248582985
9781248582992
9781248583005
9781248583012
9781248583029
9781248583043
9781248583067
9781248583074
9781248583081
9781248583098
9781248583104
9781248583111
9781248583128
9781248583142
9781248583159
9781248583166
9781248583173
9781248583180
9781248583203
9781248583234
9781248583272
9781248583289
9781248583296
9781248583302
9781248583333
9781248583340
9781248583357
9781248583364
9781248583371
9781248583388
9781248583395
9781248583418
9781248583425
9781248583449
9781248583456
9781248583463
9781248583470
9781248583487
9781248583494
9781248583500
9781248583517
9781248583524
9781248583531
9781248583548
9781248583555
9781248583562
9781248583586
9781248583593
9781248583609
9781248583616
9781248583623
9781248583630
9781248583647
9781248583654
9781248583661
9781248583678
9781248583685
9781248583692
9781248583708
9781248583715
9781248583722
9781248583739
9781248583753
9781248583777
9781248583784
9781248583791
9781248583807
9781248583821
9781248583838
9781248583845
9781248583852
9781248583869
9781248583876
9781248583883
9781248583906
9781248583913
9781248583920
9781248583937
9781248583944
9781248583951
9781248583968
9781248583982
9781248583999
9781248584002
9781248584019
9781248584026
9781248584033
9781248584040
9781248584057
9781248584064
9781248584071
9781248584095
9781248584118
9781248584125
9781248584132
9781248584149
9781248584156
9781248584163
9781248584170
9781248584187
9781248584194
9781248584224
9781248584231
9781248584262
9781248584279
9781248584316
9781248584323
9781248584330
9781248584347
9781248584378
9781248584385
9781248584415
9781248584422
9781248584446
9781248584453
9781248584460
9781248584484
9781248584521
9781248584538
9781248584545
9781248584552
9781248584576
9781248584590
9781248584606
9781248584613
9781248584637
9781248584644
9781248584651
9781248584675
9781248584682
9781248584705
9781248584712
9781248584729
9781248584743
9781248584767
9781248584781
9781248584798
9781248584804
9781248584811
9781248584828
9781248584835
9781248584842
9781248584873
9781248584880
9781248584897
9781248584903
9781248584910
9781248584927
9781248584934
9781248584965
9781248584989
9781248584996
9781248585009
9781248585016
9781248585023
9781248585030
9781248585047
9781248585054
9781248585061
9781248585085
9781248585115
9781248585139
9781248585146
9781248585153
9781248585160
9781248585177
9781248585207
9781248585214
9781248585221
9781248585238
9781248585245
9781248585252
9781248585269
9781248585276
9781248585283
9781248585320
9781248585337
9781248585344
9781248585351
9781248585368
9781248585375
9781248585399
9781248585412
9781248585429
9781248585436
9781248585443
9781248585450
9781248585467
9781248585481
9781248585504
9781248585535
9781248585542
9781248585566
9781248585603
9781248585610
9781248585634
9781248585641
9781248585658
9781248585665
9781248585689
9781248585696
9781248585719
9781248585726
9781248585733
9781248585757
9781248585818
9781248585825
9781248585856
9781248585863
9781248585887
9781248585894
9781248585900
9781248585917
9781248585955
9781248585979
9781248585986
9781248586006
9781248586013
9781248586037
9781248586051
9781248586068
9781248586082
9781248586099
9781248586105
9781248586112
9781248586143
9781248586150
9781248586167
9781248586174
9781248586228
9781248586273
9781248586280
9781248586297
9781248586303
9781248586310
9781248586327
9781248586334
9781248586358
9781248586365
9781248586372
9781248586389
9781248586402
9781248586419
9781248586433
9781248586471
9781248586488
9781248586495
9781248586518
9781248586525
9781248586549
9781248586556
9781248586570
9781248586624
9781248586631
9781248586648
9781248586655
9781248586662
9781248586679
9781248586686
9781248586693
9781248586709
9781248586716
9781248586723
9781248586747
9781248586754
9781248586778
9781248586785
9781248586808
9781248586822
9781248586839
9781248586846
9781248586853
9781248586860
9781248586891
9781248586907
9781248586921
9781248586983
9781248587003
9781248587010
9781248587034
9781248587041
9781248587058
9781248587065
9781248587072
9781248587119
9781248587126
9781248587188
9781248587218
9781248587232
9781248587263
9781248587300
9781248587317
9781248587324
9781248587355
9781248587379
9781248587423
9781248587454
9781248587478
9781248587539
9781248587546
9781248587560
9781248587577
9781248587584
9781248587591
9781248587621
9781248587690
9781248587720
9781248587744
9781248587751
9781248587775
9781248587799
9781248587805
9781248587812
9781248587850
9781248587867
9781248587898
9781248587904
9781248587911
9781248587942
9781248587973
9781248587980
9781248588017
9781248588048
9781248588055
9781248588086
9781248588093
9781248588109
9781248588116
9781248588154
9781248588161
9781248588185
9781248588192
9781248588208
9781248588239
9781248588260
9781248588277
9781248588291
9781248588307
9781248588314
9781248588352
9781248588376
9781248588383
9781248588390
9781248588420
9781248588444
9781248588451
9781248588468
9781248588482
9781248588512
9781248588529
9781248588550
9781248588567
9781248588574
9781248588581
9781248588611
9781248588635
9781248588642
9781248588659
9781248588666
9781248588673
9781248588680
9781248588697
9781248588703
9781248588710
9781248588727
9781248588734
9781248588758
9781248588819
9781248588826
9781248588833
9781248588857
9781248588871
9781248588888
9781248588901
9781248588932
9781248588949
9781248588963
9781248588987
9781248589007
9781248589014
9781248589052
9781248589076
9781248589090
9781248589106
9781248589120
9781248589144
9781248589151
9781248589199
9781248589205
9781248589267
9781248589304
9781248589335
9781248589366
9781248589373
9781248589397
9781248589410
9781248589434
9781248589465
9781248589489
9781248589502
9781248589519
9781248589526
9781248589540
9781248589557
9781248589571
9781248589588
9781248589618
9781248589625
9781248589663
9781248589670
9781248589687
9781248589700
9781248589748
9781248589786
9781248589793
9781248589809
9781248589823
9781248589854
9781248589861
9781248589885
9781248589892
9781248589922
9781248589939
9781248590003
9781248590027
9781248590102
9781248590119
9781248590133
9781248590140
9781248590171
9781248590188
9781248590195
9781248590201
9781248590218
9781248590225
9781248590232
9781248590263
9781248590270
9781248590294
9781248590300
9781248590317
9781248590324
9781248590355
9781248590416
9781248590447
9781248590454
9781248590461
9781248590485
9781248590492
9781248590508
9781248590515
9781248590539
9781248590591
9781248590614
9781248590621
9781248590638
9781248590676
9781248590683
9781248590706
9781248590751
9781248590768
9781248590775
9781248590782
9781248590836
9781248590874
9781248590881
9781248590911
9781248590942
9781248590959
9781248590966
9781248590973
9781248590997
9781248591024
9781248591031
9781248591130
9781248591154
9781248591208
9781248591246
9781248591260
9781248591291
9781248591307
9781248591321
9781248591345
9781248591352
9781248591369
9781248591413
9781248591444
9781248591468
9781248591482
9781248591529
9781248591550
9781248591567
9781248591581
9781248591598
9781248591604
9781248591642
9781248591659
9781248591666
9781248591697
9781248591710
9781248591758
9781248591765
9781248591789
9781248591802
9781248591819
9781248591857
9781248591864
9781248591871
9781248591918
9781248591949
9781248591956
9781248591963
9781248591970
9781248591994
9781248592014
9781248592021
9781248592076
9781248592083
9781248592106
9781248592113
9781248592144
9781248592199
9781248592229
9781248592250
9781248592267
9781248592274
9781248592298
9781248592304
9781248592311
9781248592342
9781248592359
9781248592373
9781248592397
9781248592427
9781248592441
9781248592458
9781248592472
9781248592502
9781248592526
9781248592533
9781248592557
9781248592571
9781248592595
9781248592601
9781248592618
9781248592625
9781248592663
9781248592687
9781248592700
9781248592724
9781248592731
9781248592755
9781248592786
9781248592816
9781248592830
9781248592847
9781248592878
9781248592892
9781248592939
9781248592946
9781248592960
9781248592977
9781248592984
9781248593011
9781248593042
9781248593059
9781248593103
9781248593110
9781248593127
9781248593158
9781248593165
9781248593172
9781248593202
9781248593219
9781248593233
9781248593288
9781248593349
9781248593356
9781248593400
9781248593417
9781248593455
9781248593486
9781248593523
9781248593578
9781248593653
9781248593677
9781248593691
9781248593707
9781248593738
9781248593745
9781248593752
9781248593776
9781248593783
9781248593806
9781248593813
9781248593905
9781248593943
9781248593967
9781248594018
9781248594025
9781248594032
9781248594056
9781248594087
9781248594131
9781248594162
9781248594179
9781248594261
9781248594322
9781248594346
9781248594414
9781248594421
9781248594445
9781248594469
9781248594483
9781248594506
9781248594513
9781248594537
9781248594568
9781248594582
9781248594599
9781248594605
9781248594612
9781248594636
9781248594643
9781248594667
9781248594674
9781248594698
9781248594766
9781248594773
9781248594797
9781248594834
9781248594841
9781248594865
9781248594902
9781248594933
9781248594957
9781248594995
9781248595008
9781248595015
9781248595039
9781248595084
9781248595091
9781248595114
9781248595121
9781248595138
9781248595145
9781248595176
9781248595213
9781248595220
9781248595237
9781248595244
9781248595268
9781248595275
9781248595282
9781248595312
9781248595336
9781248595374
9781248595381
9781248595398
9781248595435
9781248595442
9781248595466
9781248595473
9781248595480
9781248595497
9781248595503
9781248595541
9781248595565
9781248595589
9781248595626
9781248595633
9781248595640
9781248595695
9781248595701
9781248595718
9781248595725
9781248595732
9781248595756
9781248595763
9781248595800
9781248595824
9781248595855
9781248595862
9781248595879
9781248595916
9781248595923
9781248595961
9781248595992
9781248596036
9781248596043
9781248596050
9781248596111
9781248596128
9781248596159
9781248596166
9781248596180
9781248596203
9781248596210
9781248596234
9781248596241
9781248596265
9781248596272
9781248596326
9781248596333
9781248596364
9781248596418
9781248596524
9781248596555
9781248596562
9781248596586
9781248596647
9781248596654
9781248596678
9781248596739
9781248596784
9781248596821
9781248596845
9781248596890
9781248596913
9781248596951
9781248597002
9781248597033
9781248597064
9781248597071
9781248597088
9781248597118
9781248597156
9781248597194
9781248597224
9781248597255
9781248597262
9781248597286
9781248597316
9781248597323
9781248597361
9781248597385
9781248597446
9781248597453
9781248597484
9781248597521
9781248597545
9781248597583
9781248597613
9781248597644
9781248597651
9781248597668
9781248597682
9781248597705
9781248597712
9781248597781
9781248597811
9781248597828
9781248597859
9781248597897
9781248597958
9781248598009
9781248598016
9781248598047
9781248598054
9781248598061
9781248598078
9781248598092
9781248598139
9781248598146
9781248598153
9781248598160
9781248598238
9781248598245
9781248598252
9781248598269
9781248598276
9781248598283
9781248598290
9781248598306
9781248598313
9781248598320
9781248598337
9781248598344
9781248598351
9781248598368
9781248598375
9781248598382
9781248598399
9781248598436
9781248598450
9781248598528
9781248598535
9781248598542
9781248598580
9781248598610
9781248598627
9781248598641
9781248598665
9781248598689
9781248598702
9781248598719
9781248598726
9781248598757
9781248598764
9781248598771
9781248598788
9781248598795
9781248598801
9781248598818
9781248598825
9781248598832
9781248598849
9781248598856
9781248598863
9781248598870
9781248598887
9781248598894
9781248598900
9781248598917
9781248598924
9781248598931
9781248598948
9781248598955
9781248598962
9781248598979
9781248598986
9781248598993
9781248599006
9781248599013
9781248599020
9781248599037
9781248599044
9781248599051
9781248599068
9781248599075
9781248599082
9781248599099
9781248599105
9781248599112
9781248599129
9781248599136
9781248599143
9781248599150
9781248599167
9781248599174
9781248599181
9781248599198
9781248599204
9781248599211
9781248599228
9781248599235
9781248599242
9781248599259
9781248599266
9781248599273
9781248599280
9781248599297
9781248599303
9781248599310
9781248599327
9781248599334
9781248599341
9781248599358
9781248599365
9781248599372
9781248599389
9781248599396
9781248599402
9781248599419
9781248599426
9781248599433
9781248599440
9781248599457
9781248599464
9781248599471
9781248599488
9781248599495
9781248599501
9781248599518
9781248599525
9781248599532
9781248599549
9781248599556
9781248599563
9781248599570
9781248599587
9781248599594
9781248599600
9781248599617
9781248599624
9781248599631
9781248599648
9781248599655
9781248599662
9781248599679
9781248599686
9781248599693
9781248599709
9781248599716
9781248599723
9781248599730
9781248599747
9781248599754
9781248599761
9781248599778
9781248599785
9781248599792
9781248599808
9781248599815
9781248599822
9781248599839
9781248599846
9781248599853
9781248599860
9781248599877
9781248599884
9781248599891
9781248599907
9781248599914
9781248599921
9781248599938
9781248599945
9781248599952
9781248599969
9781248599976
9781248599983
9781248599990
9781248600009
9781248600016
9781248600023
9781248600030
9781248600047
9781248600054
9781248600061
9781248600078
9781248600085
9781248600092
9781248600108
9781248600115
9781248600122
9781248600139
9781248600146
9781248600153
9781248600160
9781248600177
9781248600184
9781248600191
9781248600207
9781248600214
9781248600221
9781248600238
9781248600245
9781248600252
9781248600269
9781248600276
9781248600283
9781248600290
9781248600306
9781248600313
9781248600320
9781248600337
9781248600344
9781248600351
9781248600368
9781248600375
9781248600382
9781248600399
9781248600405
9781248600412
9781248600429
9781248600436
9781248600443
9781248600450
9781248600467
9781248600474
9781248600481
9781248600498
9781248600504
9781248600511
9781248600528
9781248600535
9781248600542
9781248600559
9781248600566
9781248600573
9781248600580
9781248600597
9781248600603
9781248600610
9781248600627
9781248600634
9781248600641
9781248600658
9781248600665
9781248600672
9781248600689
9781248600696
9781248600702
9781248600719
9781248600726
9781248600733
9781248600740
9781248600757
9781248600764
9781248600771
9781248600788
9781248600818
9781248600832
9781248600849
9781248600870
9781248600887
9781248600894
9781248600900
9781248600917
9781248600948
9781248600962
9781248600986
9781248600993
9781248601013
9781248601020
9781248601037
9781248601075
9781248601082
9781248601105
9781248601112
9781248601143
9781248601174
9781248601181
9781248601198
9781248601211
9781248601228
9781248601273
9781248601280
9781248601303
9781248601310
9781248601327
9781248601334
9781248601341
9781248601358
9781248601365
9781248601372
9781248601389
9781248601396
9781248601402
9781248601419
9781248601426
9781248601433
9781248601440
9781248601457
9781248601518
9781248601525
9781248601532
9781248601563
9781248601570
9781248601587
9781248601594
9781248601600
9781248601617
9781248601624
9781248601631
9781248601648
9781248601655
9781248601662
9781248601679
9781248601686
9781248601693
9781248601709
9781248601716
9781248601723
9781248601730
9781248601747
9781248601754
9781248601761
9781248601778
9781248601785
9781248601792
9781248601808
9781248601815
9781248601822
9781248601839
9781248601846
9781248601860
9781248601877
9781248601884
9781248601891
9781248601907
9781248601914
9781248601921
9781248601938
9781248601945
9781248601969
9781248602065
9781248602126
9781248602140
9781248602171
9781248602201
9781248602218
9781248602225
9781248602232
9781248602256
9781248602263
9781248602300
9781248602324
9781248602348
9781248602379
9781248602393
9781248602430
9781248602454
9781248602508
9781248602546
9781248602584
9781248602607
9781248602638
9781248602652
9781248602676
9781248602720
9781248602737
9781248602768
9781248602805
9781248602812
9781248602836
9781248602843
9781248602867
9781248602881
9781248602898
9781248602911
9781248602942
9781248602959
9781248602973
9781248602980
9781248603055
9781248603109
9781248603116
9781248603185
9781248603192
9781248603215
9781248603260
9781248603277
9781248603338
9781248603352
9781248603376
9781248603406
9781248603420
9781248603437
9781248603444
9781248603468
9781248603505
9781248603512
9781248603604
9781248603611
9781248603628
9781248603727
9781248603734
9781248603765
9781248603772
9781248603802
9781248603956
9781248603987
9781248603994
9781248604021
9781248604076
9781248604090
9781248604168
9781248604205
9781248604236
9781248604243
9781248604250
9781248604304
9781248604328
9781248604335
9781248604342
9781248604373
9781248604397
9781248604489
9781248604571
9781248604601
9781248604687
9781248604694
9781248604748
9781248604854
9781248604861
9781248604892
9781248604915
9781248604922
9781248604946
9781248604953
9781248604960
9781248604977
9781248604984
9781248605004
9781248605028
9781248605035
9781248605042
9781248605073
9781248605097
9781248605127
9781248605141
9781248605158
9781248605165
9781248605202
9781248605219
9781248605226
9781248605240
9781248605257
9781248605264
9781248605295
9781248605332
9781248605356
9781248605363
9781248605387
9781248605400
9781248605417
9781248605424
9781248605431
9781248605448
9781248605462
9781248605479
9781248605509
9781248605516
9781248605554
9781248605578
9781248605592
9781248605608
9781248605615
9781248605639
9781248605653
9781248605677
9781248605745
9781248605769
9781248605783
9781248605806
9781248605813
9781248605837
9781248605844
9781248605851
9781248605875
9781248605899
9781248605905
9781248605936
9781248605950
9781248605967
9781248605981
9781248606001
9781248606018
9781248606025
9781248606063
9781248606094
9781248606100
9781248606117
9781248606179
9781248606186
9781248606193
9781248606223
9781248606230
9781248606247
9781248606254
9781248606261
9781248606278
9781248606285
9781248606292
9781248606308
9781248606322
9781248606339
9781248606346
9781248606353
9781248606360
9781248606377
9781248606391
9781248606407
9781248606414
9781248606452
9781248606469
9781248606483
9781248606490
9781248606506
9781248606513
9781248606520
9781248606544
9781248606551
9781248606568
9781248606575
9781248606605
9781248606612
9781248606643
9781248606667
9781248606674
9781248606681
9781248606698
9781248606704
9781248606711
9781248606728
9781248606742
9781248606759
9781248606766
9781248606773
9781248606780
9781248606797
9781248606803
9781248606810
9781248606834
9781248606841
9781248606858
9781248606865
9781248606889
9781248606896
9781248606902
9781248606919
9781248606933
9781248606957
9781248606964
9781248606971
9781248606988
9781248607015
9781248607022
9781248607046
9781248607053
9781248607060
9781248607077
9781248607084
9781248607107
9781248607114
9781248607121
9781248607169
9781248607176
9781248607190
9781248607206
9781248607213
9781248607220
9781248607244
9781248607251
9781248607268
9781248607282
9781248607312
9781248607329
9781248607350
9781248607367
9781248607374
9781248607398
9781248607428
9781248607459
9781248607466
9781248607473
9781248607497
9781248607503
9781248607510
9781248607527
9781248607534
9781248607541
9781248607558
9781248607565
9781248607572
9781248607589
9781248607596
9781248607602
9781248607619
9781248607626
9781248607664
9781248607671
9781248607688
9781248607701
9781248607718
9781248607732
9781248607749
9781248607763
9781248607770
9781248607787
9781248607817
9781248607824
9781248607831
9781248607893
9781248607923
9781248607947
9781248607978
9781248607992
9781248608005
9781248608029
9781248608036
9781248608067
9781248608111
9781248608135
9781248608142
9781248608203
9781248608210
9781248608234
9781248608265
9781248608272
9781248608296
9781248608333
9781248608357
9781248608388
9781248608418
9781248608432
9781248608449
9781248608470
9781248608487
9781248608531
9781248608555
9781248608562
9781248608593
9781248608623
9781248608630
9781248608654
9781248608661
9781248608692
9781248608753
9781248608760
9781248608777
9781248608814
9781248608821
9781248608838
9781248608876
9781248608883
9781248608890
9781248608906
9781248608920
9781248608937
9781248608951
9781248608999
9781248609019
9781248609040
9781248609064
9781248609071
9781248609095
9781248609132
9781248609149
9781248609163
9781248609187
9781248609194
9781248609200
9781248609217
9781248609255
9781248609279
9781248609286
9781248609293
9781248609309
9781248609316
9781248609323
9781248609330
9781248609392
9781248609415
9781248609439
9781248609507
9781248609514
9781248609545
9781248609576
9781248609620
9781248609644
9781248609675
9781248609682
9781248609705
9781248609743
9781248609750
9781248609767
9781248609781
9781248609835
9781248609842
9781248609859
9781248609873
9781248609880
9781248609903
9781248609927
9781248609934
9781248609958
9781248609972
9781248609996
9781248610008
9781248610015
9781248610022
9781248610046
9781248610053
9781248610077
9781248610091
9781248610107
9781248610152
9781248610169
9781248610176
9781248610183
9781248610206
9781248610237
9781248610244
9781248610268
9781248610299
9781248610312
9781248610329
9781248610343
9781248610350
9781248610374
9781248610404
9781248610428
9781248610442
9781248610459
9781248610480
9781248610497
9781248610510
9781248610527
9781248610534
9781248610541
9781248610558
9781248610572
9781248610596
9781248610602
9781248610619
9781248610664
9781248610671
9781248610695
9781248610701
9781248610718
9781248610732
9781248610749
9781248610770
9781248610787
9781248610794
9781248610817
9781248610831
9781248610848
9781248610862
9781248610879
9781248610893
9781248610916
9781248610923
9781248610930
9781248610954
9781248610961
9781248610978
9781248610992
9781248611005
9781248611012
9781248611074
9781248611104
9781248611159
9781248611166
9781248611173
9781248611180
9781248611197
9781248611203
9781248611234
9781248611241
9781248611265
9781248611296
9781248611302
9781248611319
9781248611326
9781248611340
9781248611371
9781248611388
9781248611395
9781248611401
9781248611432
9781248611449
9781248611456
9781248611494
9781248611500
9781248611517
9781248611524
9781248611531
9781248611548
9781248611586
9781248611593
9781248611609
9781248611616
9781248611623
9781248611630
9781248611647
9781248611654
9781248611661
9781248611678
9781248611685
9781248611692
9781248611708
9781248611715
9781248611722
9781248611739
9781248611746
9781248611753
9781248611760
9781248611777
9781248611784
9781248611791
9781248611807
9781248611838
9781248611869
9781248611876
9781248611883
9781248611937
9781248611982
9781248611999
9781248612033
9781248612040
9781248612057
9781248612088
9781248612095
9781248612125
9781248612149
9781248612170
9781248612217
9781248612248
9781248612262
9781248612279
9781248612309
9781248612316
9781248612330
9781248612347
9781248612354
9781248612378
9781248612392
9781248612408
9781248612415
9781248612439
9781248612446
9781248612460
9781248612484
9781248612521
9781248612538
9781248612613
9781248612637
9781248612651
9781248612699
9781248612705
9781248612712
9781248612729
9781248612736
9781248612743
9781248612750
9781248612767
9781248612774
9781248612781
9781248612798
9781248612804
9781248612811
9781248612828
9781248612835
9781248612842
9781248612859
9781248612866
9781248612873
9781248612880
9781248612897
9781248612903
9781248612910
9781248612927
9781248612934
9781248612941
9781248612958
9781248612965
9781248612972
9781248612989
9781248612996
9781248613009
9781248613016
9781248613023
9781248613047
9781248613092
9781248613108
9781248613115
9781248613122
9781248613153
9781248613160
9781248613184
9781248613191
9781248613214
9781248613245
9781248613269
9781248613306
9781248613337
9781248613344
9781248613375
9781248613382
9781248613399
9781248613405
9781248613436
9781248613474
9781248613498
9781248613504
9781248613528
9781248613542
9781248613559
9781248613580
9781248613597
9781248613603
9781248613610
9781248613627
9781248613634
9781248613641
9781248613658
9781248613665
9781248613672
9781248613689
9781248613696
9781248613702
9781248613719
9781248613733
9781248613788
9781248613795
9781248613801
9781248613825
9781248613849
9781248613856
9781248613887
9781248613924
9781248613931
9781248613948
9781248613955
9781248613962
9781248613979
9781248613993
9781248614013
9781248614020
9781248614037
9781248614174
9781248614204
9781248614228
9781248614242
9781248614280
9781248614297
9781248614310
9781248614341
9781248614358
9781248614372
9781248614426
9781248614433
9781248614440
9781248614457
9781248614464
9781248614488
9781248614495
9781248614501
9781248614518
9781248614525
9781248614549
9781248614556
9781248614563
9781248614624
9781248614631
9781248614655
9781248614686
9781248614693
9781248614709
9781248614716
9781248614723
9781248614730
9781248614747
9781248614754
9781248614761
9781248614778
9781248614785
9781248614792
9781248614808
9781248614815
9781248614822
9781248614839
9781248614846
9781248614860
9781248614877
9781248614884
9781248614891
9781248614921
9781248615003
9781248615010
9781248615027
9781248615034
9781248615041
9781248615058
9781248615065
9781248615072
9781248615089
9781248615096
9781248615102
9781248615119
9781248615126
9781248615133
9781248615140
9781248615157
9781248615164
9781248615171
9781248615188
9781248615195
9781248615201
9781248615218
9781248615225
9781248615232
9781248615249
9781248615256
9781248615263
9781248615270
9781248615287
9781248615294
9781248615300
9781248615317
9781248615324
9781248615331
9781248615348
9781248615355
9781248615362
9781248615379
9781248615386
9781248615393
9781248615409
9781248615416
9781248615423
9781248615430
9781248615447
9781248615454
9781248615461
9781248615478
9781248615485
9781248615492
9781248615508
9781248615515
9781248615522
9781248615539
9781248615546
9781248615553
9781248615560
9781248615577
9781248615584
9781248615591
9781248615607
9781248615614
9781248615621
9781248615638
9781248615645
9781248615652
9781248615669
9781248615676
9781248615683
9781248615690
9781248615706
9781248615713
9781248615720
9781248615737
9781248615744
9781248615751
9781248615768
9781248615775
9781248615782
9781248615799
9781248615805
9781248615812
9781248615829
9781248615836
9781248615843
9781248615850
9781248615867
9781248615874
9781248615881
9781248615898
9781248615904
9781248615911
9781248615928
9781248615942
9781248615959
9781248615966
9781248615973
9781248615980
9781248615997
9781248616000
9781248616017
9781248616024
9781248616031
9781248616048
9781248616055
9781248616062
9781248616079
9781248616086
9781248616093
9781248616109
9781248616116
9781248616123
9781248616130
9781248616161
9781248616178
9781248616185
9781248616192
9781248616208
9781248616215
9781248616222
9781248616239
9781248616246
9781248616253
9781248616260
9781248616277
9781248616284
9781248616291
9781248616307
9781248616314
9781248616321
9781248616338
9781248616345
9781248616352
9781248616369
9781248616376
9781248616383
9781248616390
9781248616406
9781248616413
9781248616420
9781248616437
9781248616444
9781248616451
9781248616468
9781248616475
9781248616482
9781248616499
9781248616505
9781248616512
9781248616529
9781248616536
9781248616543
9781248616550
9781248616567
9781248616574
9781248616581
9781248616598
9781248616604
9781248616611
9781248616628
9781248616635
9781248616642
9781248616673
9781248616680
9781248616727
9781248616734
9781248616741
9781248616758
9781248616796
9781248616819
9781248616840
9781248616857
9781248616888
9781248616895
9781248616901
9781248616987
9781248617007
9781248617021
9781248617069
9781248617076
9781248617137
9781248617144
9781248617151
9781248617168
9781248617175
9781248617182
9781248617199
9781248617205
9781248617243
9781248617267
9781248617274
9781248617298
9781248617311
9781248617335
9781248617373
9781248617380
9781248617397
9781248617403
9781248617427
9781248617441
9781248617458
9781248617496
9781248617564
9781248617571
9781248617595
9781248617601
9781248617632
9781248617656
9781248617663
9781248617670
9781248617748
9781248617755
9781248617762
9781248617779
9781248617786
9781248617793
9781248617809
9781248617816
9781248617823
9781248617830
9781248617847
9781248617854
9781248617861
9781248617878
9781248617885
9781248617892
9781248617908
9781248617915
9781248617922
9781248617939
9781248617946
9781248617953
9781248617960
9781248618004
9781248618011
9781248618028
9781248618035
9781248618042
9781248618059
9781248618066
9781248618073
9781248618080
9781248618097
9781248618103
9781248618110
9781248618127
9781248618134
9781248618141
9781248618158
9781248618165
9781248618172
9781248618189
9781248618202
9781248618219
9781248618226
9781248618233
9781248618240
9781248618257
9781248618264
9781248618271
9781248618288
9781248618295
9781248618301
9781248618325
9781248618349
9781248618370
9781248618387
9781248618394
9781248618400
9781248618417
9781248618424
9781248618431
9781248618448
9781248618455
9781248618462
9781248618479
9781248618486
9781248618493
9781248618509
9781248618516
9781248618523
9781248618530
9781248618547
9781248618592
9781248618646
9781248618714
9781248618721
9781248618752
9781248618790
9781248618820
9781248618844
9781248618882
9781248618905
9781248618943
9781248618967
9781248618981
9781248619001
9781248619049
9781248619087
9781248619094
9781248619131
9781248619186
9781248619223
9781248619230
9781248619247
9781248619261
9781248619278
9781248619285
9781248619292
9781248619308
9781248619315
9781248619322
9781248619339
9781248619346
9781248619353
9781248619360
9781248619377
9781248619384
9781248619391
9781248619407
9781248619414
9781248619421
9781248619438
9781248619445
9781248619452
9781248619469
9781248619476
9781248619483
9781248619490
9781248619506
9781248619513
9781248619520
9781248619537
9781248619544
9781248619551
9781248619568
9781248619575
9781248619582
9781248619599
9781248619605
9781248619612
9781248619629
9781248619636
9781248619643
9781248619650
9781248619667
9781248619674
9781248619681
9781248619698
9781248619704
9781248619711
9781248619728
9781248619735
9781248619742
9781248619759
9781248619766
9781248619773
9781248619780
9781248619797
9781248619803
9781248619810
9781248619827
9781248619834
9781248619841
9781248619858
9781248619865
9781248619872
9781248619889
9781248619896
9781248619902
9781248619919
9781248619926
9781248619933
9781248619940
9781248619957
9781248619964
9781248619971
9781248619988
9781248619995
9781248620007
9781248620014
9781248620021
9781248620038
9781248620045
9781248620052
9781248620069
9781248620076
9781248620083
9781248620090
9781248620106
9781248620137
9781248620151
9781248620199
9781248620212
9781248620229
9781248620236
9781248620243
9781248620250
9781248620267
9781248620274
9781248620281
9781248620342
9781248620366
9781248620373
9781248620380
9781248620397
9781248620403
9781248620410
9781248620434
9781248620441
9781248620458
9781248620465
9781248620472
9781248620489
9781248620496
9781248620502
9781248620519
9781248620526
9781248620533
9781248620540
9781248620557
9781248620564
9781248620571
9781248620588
9781248620595
9781248620601
9781248620618
9781248620625
9781248620632
9781248620649
9781248620656
9781248620663
9781248620670
9781248620687
9781248620694
9781248620700
9781248620717
9781248620724
9781248620731
9781248620748
9781248620755
9781248620762
9781248620779
9781248620786
9781248620793
9781248620809
9781248620816
9781248620823
9781248620830
9781248620847
9781248620854
9781248620861
9781248620878
9781248620885
9781248620892
9781248620908
9781248620915
9781248620939
9781248620953
9781248620960
9781248620977
9781248620984
9781248620991
9781248621004
9781248621011
9781248621028
9781248621035
9781248621042
9781248621059
9781248621066
9781248621073
9781248621080
9781248621097
9781248621103
9781248621110
9781248621127
9781248621134
9781248621141
9781248621158
9781248621165
9781248621172
9781248621189
9781248621196
9781248621202
9781248621233
9781248621257
9781248621264
9781248621295
9781248621318
9781248621325
9781248621332
9781248621394
9781248621400
9781248621417
9781248621431
9781248621448
9781248621455
9781248621462
9781248621479
9781248621486
9781248621493
9781248621509
9781248621516
9781248621523
9781248621530
9781248621547
9781248621561
9781248621578
9781248621615
9781248621646
9781248621677
9781248621738
9781248621745
9781248621776
9781248621783
9781248621790
9781248621806
9781248621813
9781248621820
9781248621837
9781248621844
9781248621851
9781248621868
9781248621875
9781248621882
9781248621899
9781248621905
9781248621912
9781248621929
9781248621936
9781248621943
9781248621950
9781248621974
9781248621981
9781248621998
9781248622025
9781248622049
9781248622056
9781248622063
9781248622087
9781248622100
9781248622117
9781248622124
9781248622223
9781248622254
9781248622285
9781248622308
9781248622315
9781248622322
9781248622346
9781248622353
9781248622360
9781248622384
9781248622391
9781248622421
9781248622438
9781248622452
9781248622483
9781248622490
9781248622520
9781248622568
9781248622582
9781248622605
9781248622612
9781248622629
9781248622643
9781248622650
9781248622704
9781248622759
9781248622797
9781248622803
9781248622834
9781248622841
9781248622889
9781248622919
9781248622926
9781248622988
9781248623015
9781248623046
9781248623060
9781248623121
9781248623190
9781248623213
9781248623237
9781248623244
9781248623374
9781248623381
9781248623404
9781248623411
9781248623442
9781248623473
9781248623503
9781248623510
9781248623527
9781248623534
9781248623541
9781248623558
9781248623572
9781248623589
9781248623596
9781248623602
9781248623619
9781248623626
9781248623633
9781248623657
9781248623664
9781248623688
9781248623695
9781248623701
9781248623718
9781248623749
9781248623763
9781248623817
9781248623862
9781248623879
9781248623923
9781248623930
9781248623961
9781248623992
9781248624005
9781248624104
9781248624135
9781248624197
9781248624203
9781248624210
9781248624265
9781248624296
9781248624388
9781248624395
9781248624418
9781248624425
9781248624432
9781248624449
9781248624463
9781248624524
9781248624555
9781248624562
9781248624586
9781248624593
9781248624616
9781248624647
9781248624692
9781248624722
9781248624746
9781248624784
9781248625019
9781248625033
9781248625088
9781248625118
9781248625156
9781248625163
9781248625170
9781248625187
9781248625194
9781248625200
9781248625217
9781248625224
9781248625231
9781248625248
9781248625255
9781248625279
9781248625286
9781248625293
9781248625316
9781248625323
9781248625330
9781248625347
9781248625354
9781248625361
9781248625378
9781248625385
9781248625392
9781248625408
9781248625415
9781248625422
9781248625439
9781248625446
9781248625453
9781248625460
9781248625477
9781248625484
9781248625491
9781248625507
9781248625514
9781248625521
9781248625538
9781248625552
9781248625620
9781248625651
9781248625675
9781248625682
9781248625767
9781248625774
9781248625798
9781248625804
9781248625811
9781248625859
9781248625880
9781248625897
9781248625903
9781248625965
9781248626054
9781248626061
9781248626078
9781248626085
9781248626092
9781248626108
9781248626115
9781248626122
9781248626139
9781248626146
9781248626153
9781248626160
9781248626177
9781248626184
9781248626191
9781248626207
9781248626214
9781248626221
9781248626238
9781248626245
9781248626252
9781248626269
9781248626276
9781248626283
9781248626290
9781248626306
9781248626313
9781248626320
9781248626337
9781248626344
9781248626351
9781248626375
9781248626382
9781248626399
9781248626405
9781248626412
9781248626429
9781248626436
9781248626443
9781248626450
9781248626467
9781248626474
9781248626481
9781248626498
9781248626504
9781248626511
9781248626528
9781248626535
9781248626542
9781248626559
9781248626566
9781248626573
9781248626580
9781248626597
9781248626603
9781248626610
9781248626627
9781248626634
9781248626641
9781248626658
9781248626665
9781248626672
9781248626689
9781248626696
9781248626702
9781248626719
9781248626726
9781248626733
9781248626740
9781248626757
9781248626764
9781248626771
9781248626788
9781248626795
9781248626801
9781248626818
9781248626825
9781248626832
9781248626849
9781248626856
9781248626863
9781248626870
9781248626887
9781248626894
9781248626900
9781248626917
9781248626924
9781248626931
9781248626948
9781248626955
9781248626962
9781248626979
9781248626986
9781248626993
9781248627006
9781248627013
9781248627020
9781248627037
9781248627044
9781248627051
9781248627068
9781248627075
9781248627082
9781248627099
9781248627105
9781248627112
9781248627129
9781248627136
9781248627143
9781248627150
9781248627167
9781248627174
9781248627181
9781248627198
9781248627204
9781248627211
9781248627228
9781248627235
9781248627242
9781248627259
9781248627266
9781248627273
9781248627280
9781248627297
9781248627303
9781248627310
9781248627327
9781248627334
9781248627341
9781248627358
9781248627365
9781248627372
9781248627389
9781248627396
9781248627402
9781248627419
9781248627426
9781248627433
9781248627440
9781248627457
9781248627464
9781248627471
9781248627488
9781248627495
9781248627501
9781248627518
9781248627525
9781248627532
9781248627549
9781248627556
9781248627563
9781248627570
9781248627587
9781248627594
9781248627600
9781248627617
9781248627624
9781248627631
9781248627648
9781248627655
9781248627662
9781248627679
9781248627686
9781248627693
9781248627709
9781248627716
9781248627723
9781248627730
9781248627747
9781248627754
9781248627761
9781248627785
9781248627808
9781248627839
9781248627853
9781248627860
9781248627877
9781248627884
9781248627891
9781248627907
9781248627914
9781248627921
9781248627938
9781248627945
9781248627952
9781248627969
9781248627976
9781248627983
9781248627990
9781248628003
9781248628010
9781248628027
9781248628034
9781248628041
9781248628058
9781248628065
9781248628072
9781248628089
9781248628096
9781248628102
9781248628119
9781248628140
9781248628164
9781248628171
9781248628188
9781248628195
9781248628201
9781248628218
9781248628225
9781248628232
9781248628249
9781248628256
9781248628263
9781248628270
9781248628287
9781248628294
9781248628300
9781248628317
9781248628324
9781248628331
9781248628348
9781248628355
9781248628362
9781248628379
9781248628386
9781248628393
9781248628409
9781248628416
9781248628423
9781248628430
9781248628447
9781248628454
9781248628461
9781248628478
9781248628485
9781248628492
9781248628508
9781248628515
9781248628522
9781248628539
9781248628546
9781248628553
9781248628560
9781248628577
9781248628584
9781248628607
9781248628614
9781248628638
9781248628683
9781248628720
9781248628737
9781248628744
9781248628775
9781248628799
9781248628812
9781248628829
9781248628836
9781248628843
9781248628850
9781248628867
9781248628874
9781248628881
9781248628898
9781248628904
9781248628911
9781248629024
9781248629031
9781248629048
9781248629055
9781248629123
9781248629253
9781248629284
9781248629413
9781248629437
9781248629444
9781248629451
9781248629468
9781248629475
9781248629482
9781248629499
9781248629505
9781248629543
9781248629550
9781248629574
9781248629598
9781248629611
9781248629628
9781248629666
9781248629680
9781248629734
9781248629819
9781248629857
9781248629932
9781248629949
9781248630037
9781248630051
9781248630075
9781248630082
9781248630112
9781248630129
9781248630136
9781248630143
9781248630150
9781248630167
9781248630174
9781248630181
9781248630198
9781248630204
9781248630211
9781248630228
9781248630235
9781248630242
9781248630259
9781248630266
9781248630273
9781248630297
9781248630303
9781248630310
9781248630327
9781248630334
9781248630341
9781248630358
9781248630365
9781248630372
9781248630389
9781248630396
9781248630402
9781248630419
9781248630426
9781248630433
9781248630440
9781248630457
9781248630464
9781248630471
9781248630488
9781248630495
9781248630501
9781248630518
9781248630525
9781248630549
9781248630556
9781248630563
9781248630570
9781248630587
9781248630594
9781248630600
9781248630617
9781248630624
9781248630631
9781248630648
9781248630655
9781248630662
9781248630679
9781248630686
9781248630693
9781248630709
9781248630716
9781248630723
9781248630730
9781248630747
9781248630822
9781248630938
9781248630945
9781248630983
9781248631010
9781248631034
9781248631041
9781248631065
9781248631072
9781248631119
9781248631126
9781248631140
9781248631218
9781248631287
9781248631348
9781248631355
9781248631386
9781248631423
9781248631454
9781248631485
9781248631508
9781248631522
9781248631560
9781248631638
9781248631676
9781248631768
9781248631799
9781248631874
9781248631904
9781248631935
9781248631959
9781248632024
9781248632062
9781248632079
9781248632116
9781248632161
9781248632185
9781248632192
9781248632208
9781248632390
9781248632420
9781248632444
9781248632550
9781248632567
9781248632598
9781248632635
9781248632642
9781248632659
9781248632710
9781248632758
9781248632857
9781248632895
9781248632901
9781248632918
9781248632932
9781248632970
9781248632987
9781248633007
9781248633021
9781248633038
9781248633113
9781248633137
9781248633168
9781248633175
9781248633182
9781248633205
9781248633250
9781248633267
9781248633274
9781248633281
9781248633298
9781248633304
9781248633311
9781248633328
9781248633335
9781248633342
9781248633359
9781248633366
9781248633373
9781248633380
9781248633397
9781248633403
9781248633410
9781248633427
9781248633434
9781248633441
9781248633458
9781248633465
9781248633472
9781248633489
9781248633496
9781248633502
9781248633519
9781248633526
9781248633533
9781248633540
9781248633557
9781248633564
9781248633571
9781248633588
9781248633595
9781248633601
9781248633618
9781248633625
9781248633632
9781248633649
9781248633656
9781248633663
9781248633670
9781248633687
9781248633694
9781248633700
9781248633717
9781248633724
9781248633731
9781248633748
9781248633755
9781248633762
9781248633779
9781248633786
9781248633793
9781248633809
9781248633816
9781248633823
9781248633830
9781248633847
9781248633854
9781248633861
9781248633878
9781248633885
9781248633892
9781248633908
9781248633915
9781248633922
9781248633939
9781248633946
9781248633953
9781248633960
9781248633977
9781248633984
9781248633991
9781248634004
9781248634011
9781248634028
9781248634035
9781248634042
9781248634059
9781248634066
9781248634073
9781248634080
9781248634097
9781248634103
9781248634110
9781248634127
9781248634134
9781248634141
9781248634158
9781248634165
9781248634172
9781248634189
9781248634196
9781248634202
9781248634219
9781248634226
9781248634233
9781248634240
9781248634257
9781248634264
9781248634295
9781248634301
9781248634318
9781248634325
9781248634332
9781248634349
9781248634356
9781248634363
9781248634370
9781248634387
9781248634394
9781248634400
9781248634417
9781248634424
9781248634431
9781248634448
9781248634455
9781248634462
9781248634479
9781248634486
9781248634493
9781248634509
9781248634516
9781248634523
9781248634530
9781248634547
9781248634554
9781248634561
9781248634578
9781248634585
9781248634592
9781248634608
9781248634615
9781248634622
9781248634639
9781248634646
9781248634653
9781248634677
9781248634684
9781248634691
9781248634714
9781248634745
9781248634752
9781248634783
9781248634790
9781248634806
9781248634813
9781248634820
9781248634844
9781248634875
9781248634882
9781248634905
9781248634950
9781248635001
9781248635018
9781248635056
9781248635100
9781248635131
9781248635261
9781248635278
9781248635292
9781248635315
9781248635339
9781248635360
9781248635377
9781248635452
9781248635483
9781248635537
9781248635575
9781248635582
9781248635599
9781248635605
9781248635612
9781248635629
9781248635636
9781248635643
9781248635650
9781248635667
9781248635674
9781248635681
9781248635698
9781248635704
9781248635735
9781248635766
9781248635773
9781248635780
9781248635803
9781248635810
9781248635827
9781248635872
9781248635902
9781248635919
9781248635926
9781248635933
9781248635940
9781248635957
9781248635964
9781248635971
9781248635988
9781248636008
9781248636015
9781248636022
9781248636039
9781248636046
9781248636060
9781248636077
9781248636114
9781248636121
9781248636138
9781248636145
9781248636152
9781248636176
9781248636183
9781248636213
9781248636244
9781248636312
9781248636329
9781248636343
9781248636381
9781248636398
9781248636428
9781248636435
9781248636442
9781248636466
9781248636473
9781248636480
9781248636503
9781248636534
9781248636541
9781248636558
9781248636596
9781248636640
9781248636664
9781248636688
9781248636695
9781248636725
9781248636732
9781248636749
9781248636770
9781248636787
9781248636817
9781248636848
9781248636855
9781248636886
9781248636893
9781248636909
9781248636923
9781248636954
9781248636978
9781248636985
9781248636992
9781248637012
9781248637029
9781248637036
9781248637043
9781248637050
9781248637104
9781248637111
9781248637128
9781248637159
9781248637166
9781248637173
9781248637180
9781248637210
9781248637241
9781248637272
9781248637296
9781248637302
9781248637333
9781248637357
9781248637388
9781248637395
9781248637401
9781248637418
9781248637425
9781248637432
9781248637456
9781248637470
9781248637487
9781248637494
9781248637500
9781248637517
9781248637524
9781248637555
9781248637586
9781248637616
9781248637630
9781248637647
9781248637661
9781248637685
9781248637692
9781248637715
9781248637739
9781248637760
9781248637784
9781248637791
9781248637814
9781248637838
9781248637876
9781248637920
9781248637951
9781248637968
9781248638057
9781248638170
9781248638224
9781248638231
9781248638262
9781248638279
9781248638316
9781248638323
9781248638354
9781248638378
9781248638446
9781248638521
9781248638583
9781248638620
9781248638637
9781248638675
9781248638774
9781248638798
9781248638859
9781248638873
9781248638903
9781248638965
9781248638989
9781248639023
9781248639207
9781248639276
9781248639429
9781248639498
9781248639535
9781248639597
9781248639719
9781248639764
9781248639771
9781248639825
9781248639832
9781248639849
9781248639863
9781248639887
9781248639955
9781248640029
9781248640036
9781248640098
9781248640203
9781248640425
9781248640623
9781248640715
9781248640746
9781248640760
9781248640937
9781248640982
9781248641033
9781248641057
9781248641064
9781248641163
9781248641224
9781248641248
9781248641347
9781248641354
9781248641415
9781248641446
9781248641477
9781248641507
9781248641514
9781248641552
9781248641569
9781248641750
9781248641798
9781248641842
9781248641927
9781248641989
9781248642092
9781248642108
9781248642153
9781248642191
9781248642320
9781248642375
9781248642399
9781248642450
9781248642467
9781248642481
9781248642511
9781248642535
9781248642542
9781248642580
9781248642658
9781248642696
9781248642733
9781248642771
9781248642788
9781248642832
9781248642849
9781248642856
9781248642863
9781248642894
9781248642900
9781248642917
9781248642986
9781248643006
9781248643020
9781248643037
9781248643044
9781248643051
9781248643082
9781248643112
9781248643136
9781248643204
9781248643228
9781248643235
9781248643273
9781248643372
9781248643396
9781248643402
9781248643426
9781248643433
9781248643440
9781248643457
9781248643464
9781248643471
9781248643488
9781248643495
9781248643501
9781248643525
9781248643532
9781248643549
9781248643556
9781248643563
9781248643570
9781248643587
9781248643594
9781248643600
9781248643617
9781248643624
9781248643631
9781248643648
9781248643655
9781248643679
9781248643686
9781248643693
9781248643709
9781248643716
9781248643723
9781248643730
9781248643747
9781248643761
9781248643921
9781248643990
9781248644027
9781248644133
9781248644331
9781248644362
9781248644379
9781248644430
9781248644461
9781248644492
9781248644508
9781248644553
9781248644584
9781248644652
9781248644676
9781248644690
9781248644706
9781248644782
9781248644812
9781248644836
9781248644881
9781248644898
9781248644911
9781248644942
9781248644959
9781248644973
9781248644980
9781248644997
9781248645017
9781248645024
9781248645048
9781248645055
9781248645116
9781248645161
9781248645192
9781248645215
9781248645222
9781248645253
9781248645260
9781248645291
9781248645314
9781248645321
9781248645369
9781248645376
9781248645390
9781248645413
9781248645437
9781248645444
9781248645475
9781248645482
9781248645529
9781248645567
9781248645574
9781248645635
9781248645642
9781248645659
9781248645666
9781248645673
9781248645765
9781248645796
9781248645826
9781248645840
9781248645864
9781248645871
9781248645888
9781248645895
9781248645901
9781248645918
9781248645956
9781248645987
9781248645994
9781248646014
9781248646038
9781248646052
9781248646069
9781248646113
9781248646120
9781248646175
9781248646229
9781248646243
9781248646274
9781248646281
9781248646311
9781248646359
9781248646502
9781248646540
9781248646618
9781248646656
9781248646694
9781248646700
9781248646731
9781248646830
9781248646854
9781248646908
9781248646946
9781248646977
9781248647004
9781248647028
9781248647035
9781248647059
9781248647103
9781248647196
9781248647226
9781248647271
9781248647325
9781248647332
9781248647370
9781248647431
9781248647462
9781248647486
9781248647493
9781248647509
9781248647523
9781248647530
9781248647547
9781248647554
9781248647561
9781248647615
9781248647646
9781248647653
9781248647660
9781248647677
9781248647738
9781248647752
9781248647776
9781248647813
9781248647844
9781248647851
9781248647882
9781248647905
9781248647912
9781248647929
9781248647936
9781248647943
9781248647967
9781248647974
9781248648001
9781248648070
9781248648087
9781248648131
9781248648155
9781248648179
9781248648193
9781248648209
9781248648216
9781248648223
9781248648254
9781248648285
9781248648308
9781248648339
9781248648346
9781248648353
9781248648407
9781248648421
9781248648438
9781248648445
9781248648452
9781248648506
9781248648513
9781248648537
9781248648544
9781248648568
9781248648605
9781248648629
9781248648667
9781248648698
9781248648711
9781248648728
9781248648735
9781248648742
9781248648773
9781248648780
9781248648797
9781248648803
9781248648810
9781248648827
9781248648834
9781248648919
9781248648933
9781248648964
9781248648988
9781248649022
9781248649046
9781248649060
9781248649084
9781248649114
9781248649145
9781248649152
9781248649213
9781248649237
9781248649244
9781248649299
9781248649312
9781248649329
9781248649336
9781248649343
9781248649350
9781248649367
9781248649381
9781248649398
9781248649404
9781248649411
9781248649428
9781248649435
9781248649459
9781248649480
9781248649497
9781248649527
9781248649534
9781248649541
9781248649572
9781248649596
9781248649640
9781248649695
9781248649718
9781248649725
9781248649756
9781248649787
9781248649794
9781248649817
9781248649824
9781248649879
9781248649886
9781248649954
9781248649978
9781248650042
9781248650066
9781248650134
9781248650165
9781248650172
9781248650189
9781248650202
9781248650240
9781248650257
9781248650295
9781248650332
9781248650363
9781248650370
9781248650387
9781248650417
9781248650448
9781248650486
9781248650554
9781248650585
9781248650646
9781248650684
9781248650738
9781248650745
9781248650813
9781248650844
9781248650875
9781248650905
9781248650912
9781248650967
9781248651001
9781248651056
9781248651063
9781248651070
9781248651087
9781248651094
9781248651100
9781248651117
9781248651124
9781248651131
9781248651148
9781248651155
9781248651162
9781248651179
9781248651186
9781248651285
9781248651315
9781248651339
9781248651360
9781248651391
9781248651407
9781248651469
9781248651490
9781248651506
9781248651544
9781248651568
9781248651605
9781248651636
9781248651650
9781248651674
9781248651711
9781248651759
9781248651773
9781248651810
9781248651865
9781248651889
9781248651902
9781248651926
9781248651933
9781248651971
9781248651988
9781248651995
9781248652039
9781248652091
9781248652107
9781248652190
9781248652206
9781248652237
9781248652251
9781248652275
9781248652312
9781248652428
9781248652497
9781248652534
9781248652541
9781248652558
9781248652589
9781248652619
9781248652640
9781248652657
9781248652725
9781248652732
9781248652756
9781248652770
9781248652787
9781248652800
9781248652848
9781248652862
9781248652879
9781248652893
9781248652954
9781248653005
9781248653012
9781248653043
9781248653050
9781248653098
9781248653104
9781248653111
9781248653159
9781248653173
9781248653197
9781248653241
9781248653296
9781248653319
9781248653388
9781248653395
9781248653418
9781248653432
9781248653449
9781248653487
9781248653494
9781248653524
9781248653531
9781248653555
9781248653586
9781248653609
9781248653623
9781248653630
9781248653685
9781248653708
9781248653722
9781248653746
9781248653760
9781248653777
9781248653845
9781248653852
9781248653944
9781248653975
9781248653999
9781248654033
9781248654057
9781248654095
9781248654149
9781248654187
9781248654200
9781248654224
9781248654248
9781248654255
9781248654293
9781248654309
9781248654316
9781248654323
9781248654347
9781248654392
9781248654415
9781248654439
9781248654484
9781248654514
9781248654521
9781248654545
9781248654552
9781248654569
9781248654606
9781248654613
9781248654637
9781248654668
9781248654705
9781248654743
9781248654750
9781248654774
9781248654781
9781248654828
9781248654835
9781248654866
9781248654934
9781248654965
9781248654972
9781248654989
9781248654996
9781248655016
9781248655023
9781248655047
9781248655054
9781248655078
9781248655092
9781248655108
9781248655115
9781248655139
9781248655153
9781248655160
9781248655191
9781248655221
9781248655252
9781248655276
9781248655306
9781248655320
9781248655344
9781248655351
9781248655375
9781248655429
9781248655443
9781248655450
9781248655481
9781248655504
9781248655511
9781248655535
9781248655542
9781248655559
9781248655573
9781248655597
9781248655603
9781248655610
9781248655627
9781248655641
9781248655658
9781248655672
9781248655689
9781248655696
9781248655719
9781248655726
9781248655740
9781248655764
9781248655771
9781248655788
9781248655825
9781248655849
9781248655863
9781248655870
9781248655887
9781248655894
9781248655900
9781248655917
9781248655955
9781248655962
9781248656037
9781248656044
9781248656068
9781248656075
9781248656099
9781248656129
9781248656136
9781248656174
9781248656181
9781248656211
9781248656228
9781248656235
9781248656242
9781248656273
9781248656297
9781248656310
9781248656358
9781248656365
9781248656372
9781248656389
9781248656396
9781248656402
9781248656419
9781248656426
9781248656433
9781248656440
9781248656464
9781248656488
9781248656501
9781248656525
9781248656556
9781248656570
9781248656624
9781248656631
9781248656648
9781248656693
9781248656730
9781248656778
9781248656785
9781248656846
9781248656884
9781248656914
9781248656938
9781248656990
9781248657003
9781248657010
9781248657027
9781248657034
9781248657041
9781248657058
9781248657065
9781248657072
9781248657089
9781248657096
9781248657102
9781248657119
9781248657126
9781248657133
9781248657140
9781248657218
9781248657225
9781248657249
9781248657263
9781248657270
9781248657287
9781248657294
9781248657300
9781248657317
9781248657324
9781248657331
9781248657348
9781248657355
9781248657362
9781248657379
9781248657386
9781248657409
9781248657416
9781248657423
9781248657430
9781248657447
9781248657454
9781248657461
9781248657478
9781248657485
9781248657492
9781248657508
9781248657515
9781248657522
9781248657539
9781248657546
9781248657553
9781248657560
9781248657577
9781248657584
9781248657591
9781248657607
9781248657614
9781248657621
9781248657638
9781248657645
9781248657652
9781248657669
9781248657676
9781248657683
9781248657690
9781248657706
9781248657713
9781248657720
9781248657737
9781248657744
9781248657751
9781248657768
9781248657775
9781248657782
9781248657799
9781248657805
9781248657812
9781248657829
9781248657836
9781248657843
9781248657867
9781248657874
9781248657881
9781248657898
9781248657928
9781248657935
9781248657959
9781248657973
9781248657980
9781248657997
9781248658017
9781248658031
9781248658048
9781248658093
9781248658130
9781248658154
9781248658185
9781248658215
9781248658222
9781248658239
9781248658260
9781248658277
9781248658284
9781248658345
9781248658352
9781248658369
9781248658383
9781248658444
9781248658475
9781248658482
9781248658499
9781248658505
9781248658529
9781248658536
9781248658543
9781248658567
9781248658574
9781248658581
9781248658598
9781248658628
9781248658635
9781248658642
9781248658710
9781248658741
9781248658826
9781248658833
9781248658857
9781248658895
9781248658901
9781248658918
9781248658932
9781248658949
9781248658963
9781248658970
9781248658987
9781248659052
9781248659069
9781248659083
9781248659090
9781248659106
9781248659113
9781248659120
9781248659137
9781248659175
9781248659182
9781248659199
9781248659212
9781248659229
9781248659236
9781248659243
9781248659250
9781248659267
9781248659311
9781248659373
9781248659403
9781248659410
9781248659489
9781248659502
9781248659533
9781248659564
9781248659649
9781248659656
9781248659663
9781248659694
9781248659700
9781248659717
9781248659724
9781248659731
9781248659748
9781248659755
9781248659762
9781248659779
9781248659786
9781248659793
9781248659809
9781248659816
9781248659823
9781248659830
9781248659847
9781248659854
9781248659861
9781248659878
9781248659885
9781248659892
9781248659908
9781248659915
9781248659922
9781248659939
9781248659946
9781248659953
9781248659960
9781248659977
9781248659984
9781248659991
9781248660003
9781248660010
9781248660027
9781248660072
9781248660119
9781248660218
9781248660225
9781248660256
9781248660263
9781248660324
9781248660362
9781248660379
9781248660386
9781248660393
9781248660409
9781248660416
9781248660423
9781248660478
9781248660485
9781248660522
9781248660560
9781248660607
9781248660645
9781248660652
9781248660669
9781248660676
9781248660683
9781248660690
9781248660706
9781248660720
9781248660737
9781248660744
9781248660799
9781248660812
9781248660874
9781248660898
9781248660911
9781248660935
9781248660973
9781248661000
9781248661017
9781248661031
9781248661048
9781248661055
9781248661062
9781248661079
9781248661086
9781248661093
9781248661109
9781248661116
9781248661123
9781248661130
9781248661147
9781248661154
9781248661161
9781248661178
9781248661185
9781248661192
9781248661208
9781248661215
9781248661222
9781248661239
9781248661246
9781248661307
9781248661338
9781248661345
9781248661369
9781248661376
9781248661413
9781248661444
9781248661468
9781248661475
9781248661482
9781248661499
9781248661529
9781248661536
9781248661598
9781248661635
9781248661642
9781248661659
9781248661680
9781248661710
9781248661727
9781248661741
9781248661758
9781248661765
9781248661772
9781248661802
9781248661871
9781248661895
9781248661918
9781248661925
9781248661963
9781248661970
9781248661994
9781248662014
9781248662021
9781248662045
9781248662106
9781248662113
9781248662120
9781248662144
9781248662151
9781248662175
9781248662182
9781248662199
9781248662205
9781248662229
9781248662243
9781248662250
9781248662267
9781248662304
9781248662342
9781248662397
9781248662526
9781248662540
9781248662588
9781248662625
9781248662694
9781248662724
9781248662809
9781248662854
9781248662861
9781248662939
9781248662991
9781248663004
9781248663196
9781248663219
9781248663226
9781248663301
9781248663356
9781248663400
9781248663417
9781248663448
9781248663462
9781248663479
9781248663486
9781248663493
9781248663509
9781248663516
9781248663523
9781248663530
9781248663547
9781248663554
9781248663561
9781248663578
9781248663585
9781248663592
9781248663608
9781248663615
9781248663622
9781248663639
9781248663646
9781248663653
9781248663660
9781248663677
9781248663684
9781248663691
9781248663707
9781248663714
9781248663721
9781248663738
9781248663745
9781248663752
9781248663769
9781248663776
9781248663783
9781248663790
9781248663806
9781248663813
9781248663820
9781248663837
9781248663844
9781248663851
9781248663868
9781248663875
9781248663882
9781248663899
9781248663905
9781248663912
9781248663929
9781248663936
9781248663943
9781248663950
9781248663967
9781248663974
9781248663981
9781248663998
9781248664001
9781248664018
9781248664025
9781248664032
9781248664049
9781248664056
9781248664063
9781248664070
9781248664087
9781248664094
9781248664100
9781248664117
9781248664124
9781248664131
9781248664148
9781248664155
9781248664162
9781248664179
9781248664216
9781248664254
9781248664308
9781248664315
9781248664353
9781248664377
9781248664391
9781248664414
9781248664452
9781248664469
9781248664476
9781248664490
9781248664537
9781248664544
9781248664551
9781248664568
9781248664582
9781248664605
9781248664643
9781248664674
9781248664681
9781248664728
9781248664773
9781248664803
9781248664810
9781248664827
9781248664858
9781248664865
9781248664872
9781248664988
9781248664995
9781248665008
9781248665015
9781248665053
9781248665084
9781248665107
9781248665114
9781248665121
9781248665138
9781248665145
9781248665152
9781248665169
9781248665176
9781248665183
9781248665206
9781248665244
9781248665251
9781248665268
9781248665282
9781248665299
9781248665305
9781248665329
9781248665336
9781248665343
9781248665350
9781248665367
9781248665398
9781248665404
9781248665411
9781248665428
9781248665435
9781248665442
9781248665459
9781248665473
9781248665480
9781248665503
9781248665510
9781248665541
9781248665558
9781248665565
9781248665572
9781248665602
9781248665619
9781248665633
9781248665664
9781248665688
9781248665695
9781248665701
9781248665718
9781248665732
9781248665749
9781248665756
9781248665763
9781248665770
9781248665787
9781248665800
9781248665824
9781248665831
9781248665848
9781248665855
9781248665862
9781248665909
9781248665916
9781248665930
9781248665978
9781248665985
9781248665992
9781248666005
9781248666029
9781248666036
9781248666043
9781248666050
9781248666067
9781248666081
9781248666098
9781248666104
9781248666111
9781248666128
9781248666142
9781248666166
9781248666173
9781248666180
9781248666197
9781248666203
9781248666227
9781248666234
9781248666241
9781248666265
9781248666272
9781248666289
9781248666296
9781248666302
9781248666326
9781248666333
9781248666364
9781248666371
9781248666388
9781248666425
9781248666449
9781248666456
9781248666470
9781248666494
9781248666500
9781248666531
9781248666555
9781248666579
9781248666609
9781248666616
9781248666647
9781248666654
9781248666661
9781248666715
9781248666746
9781248666838
9781248666845
9781248666869
9781248666876
9781248666883
9781248666906
9781248666920
9781248666951
9781248666975
9781248666982
9781248666999
9781248667002
9781248667026
9781248667040
9781248667088
9781248667118
9781248667132
9781248667156
9781248667170
9781248667187
9781248667248
9781248667262
9781248667286
9781248667293
9781248667316
9781248667347
9781248667422
9781248667484
9781248667545
9781248667613
9781248667644
9781248667699
9781248667835
9781248667873
9781248667910
9781248667927
9781248667934
9781248667989
9781248668030
9781248668047
9781248668054
9781248668078
9781248668122
9781248668160
9781248668191
9781248668207
9781248668214
9781248668269
9781248668283
9781248668320
9781248668337
9781248668375
9781248668382
9781248668436
9781248668443
9781248668511
9781248668528
9781248668542
9781248668573
9781248668603
9781248668658
9781248668689
9781248668702
9781248668719
9781248668726
9781248668771
9781248668818
9781248668825
9781248668832
9781248668849
9781248668863
9781248668870
9781248668887
9781248668917
9781248668948
9781248668955
9781248668962
9781248669006
9781248669044
9781248669051
9781248669068
9781248669099
9781248669105
9781248669129
9781248669136
9781248669143
9781248669167
9781248669174
9781248669204
9781248669242
9781248669273
9781248669280
9781248669297
9781248669303
9781248669310
9781248669327
9781248669334
9781248669341
9781248669358
9781248669365
9781248669372
9781248669396
9781248669426
9781248669440
9781248669464
9781248669488
9781248669495
9781248669501
9781248669525
9781248669532
9781248669549
9781248669556
9781248669563
9781248669587
9781248669594
9781248669600
9781248669624
9781248669648
9781248669655
9781248669662
9781248669679
9781248669686
9781248669693
9781248669709
9781248669716
9781248669723
9781248669754
9781248669785
9781248669792
9781248669808
9781248669860
9781248669914
9781248669952
9781248669969
9781248669983
9781248670002
9781248670026
9781248670057
9781248670064
9781248670088
9781248670095
9781248670101
9781248670125
9781248670132
9781248670149
9781248670156
9781248670163
9781248670187
9781248670200
9781248670217
9781248670224
9781248670231
9781248670248
9781248670255
9781248670262
9781248670279
9781248670286
9781248670293
9781248670316
9781248670323
9781248670354
9781248670361
9781248670378
9781248670385
9781248670392
9781248670415
9781248670422
9781248670446
9781248670453
9781248670460
9781248670484
9781248670491
9781248670507
9781248670514
9781248670521
9781248670538
9781248670552
9781248670576
9781248670583
9781248670590
9781248670606
9781248670613
9781248670637
9781248670644
9781248670675
9781248670699
9781248670705
9781248670712
9781248670729
9781248670743
9781248670767
9781248670781
9781248670866
9781248670873
9781248670941
9781248670996
9781248671016
9781248671023
9781248671085
9781248671092
9781248671122
9781248671177
9781248671184
9781248671207
9781248671269
9781248671283
9781248671313
9781248671375
9781248671412
9781248671429
9781248671481
9781248671511
9781248671535
9781248671542
9781248671566
9781248671573
9781248671658
9781248671672
9781248671696
9781248671719
9781248671733
9781248671740
9781248671771
9781248671795
9781248671818
9781248671856
9781248671900
9781248672006
9781248672020
9781248672129
9781248672211
9781248672259
9781248672303
9781248672358
9781248672402
9781248672488
9781248672549
9781248672617
9781248672631
9781248672655
9781248672815
9781248672860
9781248672877
9781248672938
9781248672945
9781248672969
9781248673003
9781248673041
9781248673089
9781248673133
9781248673164
9781248673188
9781248673195
9781248673218
9781248673232
9781248673287
9781248673317
9781248673331
9781248673379
9781248673423
9781248673447
9781248673454
9781248673461
9781248673492
9781248673515
9781248673553
9781248673560
9781248673577
9781248673607
9781248673652
9781248673706
9781248673744
9781248673782
9781248673799
9781248673812
9781248673829
9781248673874
9781248673881
9781248673898
9781248673911
9781248673928
9781248673942
9781248673997
9781248674093
9781248674246
9781248674253
9781248674284
9781248674307
9781248674321
9781248674352
9781248674383
9781248674390
9781248674406
9781248674413
9781248674468
9781248674482
9781248674512
9781248674574
9781248674666
9781248674710
9781248674727
9781248674758
9781248674871
9781248674895
9781248674932
9781248674949
9781248674956
9781248674963
9781248674970
9781248674987
9781248675038
9781248675090
9781248675106
9781248675113
9781248675151
9781248675168
9781248675182
9781248675243
9781248675298
9781248675304
9781248675328
9781248675359
9781248675373
9781248675410
9781248675434
9781248675441
9781248675458
9781248675465
9781248675472
9781248675489
9781248675496
9781248675502
9781248675588
9781248675595
9781248675601
9781248675618
9781248675632
9781248675649
9781248675656
9781248675687
9781248675694
9781248675700
9781248675717
9781248675731
9781248675748
9781248675762
9781248675779
9781248675793
9781248675847
9781248675861
9781248675885
9781248675939
9781248675991
9781248676004
9781248676011
9781248676059
9781248676080
9781248676097
9781248676110
9781248676127
9781248676134
9781248676189
9781248676202
9781248676226
9781248676257
9781248676318
9781248676325
9781248676349
9781248676417
9781248676448
9781248676455
9781248676462
9781248676479
9781248676493
9781248676530
9781248676561
9781248676608
9781248676622
9781248676639
9781248676714
9781248676721
9781248676738
9781248676769
9781248676783
9781248676790
9781248676806
9781248676875
9781248676899
9781248676905
9781248676929
9781248676998
9781248677025
9781248677063
9781248677087
9781248677223
9781248677261
9781248677278
9781248677285
9781248677292
9781248677308
9781248677360
9781248677377
9781248677407
9781248677438
9781248677445
9781248677483
9781248677513
9781248677537
9781248677667
9781248677704
9781248677766
9781248677797
9781248677858
9781248677872
9781248677896
9781248677926
9781248677933
9781248677964
9781248677995
9781248678008
9781248678084
9781248678107
9781248678114
9781248678176
9781248678190
9781248678213
9781248678220
9781248678244
9781248678268
9781248678282
9781248678299
9781248678305
9781248678329
9781248678336
9781248678343
9781248678350
9781248678367
9781248678374
9781248678381
9781248678398
9781248678404
9781248678411
9781248678428
9781248678435
9781248678442
9781248678459
9781248678466
9781248678473
9781248678480
9781248678497
9781248678503
9781248678510
9781248678527
9781248678534
9781248678541
9781248678558
9781248678565
9781248678572
9781248678589
9781248678596
9781248678602
9781248678619
9781248678626
9781248678633
9781248678640
9781248678657
9781248678664
9781248678671
9781248678688
9781248678695
9781248678701
9781248678718
9781248678725
9781248678732
9781248678749
9781248678756
9781248678763
9781248678770
9781248678787
9781248678794
9781248678800
9781248678817
9781248678824
9781248678831
9781248678848
9781248678855
9781248678862
9781248678879
9781248678886
9781248678893
9781248678909
9781248678916
9781248678923
9781248678930
9781248678947
9781248678954
9781248678961
9781248678978
9781248678985
9781248678992
9781248679005
9781248679012
9781248679029
9781248679036
9781248679043
9781248679050
9781248679067
9781248679074
9781248679081
9781248679098
9781248679104
9781248679111
9781248679128
9781248679135
9781248679142
9781248679159
9781248679166
9781248679173
9781248679180
9781248679197
9781248679203
9781248679210
9781248679227
9781248679234
9781248679241
9781248679258
9781248679265
9781248679272
9781248679289
9781248679296
9781248679302
9781248679319
9781248679326
9781248679333
9781248679340
9781248679357
9781248679364
9781248679371
9781248679388
9781248679395
9781248679401
9781248679418
9781248679425
9781248679432
9781248679449
9781248679456
9781248679463
9781248679470
9781248679487
9781248679494
9781248679500
9781248679517
9781248679524
9781248679531
9781248679548
9781248679555
9781248679562
9781248679579
9781248679586
9781248679593
9781248679609
9781248679616
9781248679623
9781248679630
9781248679647
9781248679654
9781248679661
9781248679678
9781248679685
9781248679692
9781248679708
9781248679715
9781248679722
9781248679739
9781248679746
9781248679753
9781248679760
9781248679777
9781248679784
9781248679791
9781248679807
9781248679814
9781248679821
9781248679838
9781248679845
9781248679852
9781248679869
9781248679876
9781248679883
9781248679890
9781248679906
9781248679913
9781248679920
9781248679937
9781248679944
9781248679951
9781248679968
9781248679975
9781248679982
9781248679999
9781248680001
9781248680018
9781248680025
9781248680032
9781248680049
9781248680056
9781248680063
9781248680070
9781248680087
9781248680094
9781248680100
9781248680117
9781248680124
9781248680131
9781248680148
9781248680155
9781248680162
9781248680179
9781248680186
9781248680193
9781248680209
9781248680216
9781248680223
9781248680230
9781248680247
9781248680254
9781248680261
9781248680278
9781248680285
9781248680292
9781248680308
9781248680315
9781248680322
9781248680339
9781248680346
9781248680353
9781248680360
9781248680377
9781248680384
9781248680391
9781248680407
9781248680414
9781248680421
9781248680438
9781248680445
9781248680452
9781248680469
9781248680476
9781248680483
9781248680490
9781248680506
9781248680513
9781248680520
9781248680537
9781248680544
9781248680551
9781248680568
9781248680575
9781248680582
9781248680599
9781248680605
9781248680612
9781248680629
9781248680636
9781248680643
9781248680650
9781248680667
9781248680674
9781248680681
9781248680698
9781248680704
9781248680711
9781248680728
9781248680735
9781248680742
9781248680759
9781248680766
9781248680773
9781248680780
9781248680797
9781248680803
9781248680810
9781248680827
9781248680834
9781248680858
9781248680865
9781248680872
9781248680889
9781248680896
9781248680902
9781248680919
9781248680926
9781248680933
9781248680940
9781248680957
9781248680964
9781248680971
9781248680988
9781248680995
9781248681008
9781248681015
9781248681022
9781248681039
9781248681046
9781248681053
9781248681060
9781248681077
9781248681084
9781248681091
9781248681107
9781248681114
9781248681121
9781248681138
9781248681145
9781248681152
9781248681169
9781248681176
9781248681206
9781248681220
9781248681299
9781248681329
9781248681367
9781248681374
9781248681459
9781248681466
9781248681497
9781248681503
9781248681510
9781248681534
9781248681558
9781248681565
9781248681572
9781248681589
9781248681596
9781248681602
9781248681619
9781248681626
9781248681633
9781248681640
9781248681657
9781248681664
9781248681671
9781248681688
9781248681695
9781248681701
9781248681718
9781248681725
9781248681732
9781248681749
9781248681756
9781248681763
9781248681770
9781248681787
9781248681855
9781248681947
9781248681954
9781248681961
9781248682029
9781248682043
9781248682142
9781248682166
9781248682197
9781248682210
9781248682265
9781248682333
9781248682340
9781248682395
9781248682401
9781248682418
9781248682425
9781248682432
9781248682449
9781248682456
9781248682463
9781248682470
9781248682487
9781248682494
9781248682500
9781248682517
9781248682524
9781248682531
9781248682548
9781248682555
9781248682562
9781248682579
9781248682586
9781248682593
9781248682609
9781248682616
9781248682623
9781248682630
9781248682647
9781248682654
9781248682661
9781248682678
9781248682685
9781248682692
9781248682708
9781248682715
9781248682722
9781248682739
9781248682746
9781248682753
9781248682760
9781248682777
9781248682784
9781248682791
9781248682807
9781248682814
9781248682821
9781248682838
9781248682845
9781248682852
9781248682869
9781248682876
9781248682883
9781248682890
9781248682906
9781248682913
9781248682920
9781248682937
9781248682944
9781248682951
9781248682968
9781248682975
9781248682982
9781248682999
9781248683064
9781248683071
9781248683088
9781248683095
9781248683101
9781248683118
9781248683156
9781248683163
9781248683248
9781248683347
9781248683439
9781248683484
9781248683514
9781248683545
9781248683668
9781248683682
9781248683743
9781248683767
9781248683897
9781248683910
9781248683927
9781248683934
9781248683965
9781248683996
9781248684023
9781248684047
9781248684061
9781248684177
9781248684269
9781248684313
9781248684337
9781248684368
9781248684405
9781248684429
9781248684450
9781248684511
9781248684528
9781248684559
9781248684566
9781248684573
9781248684597
9781248684610
9781248684726
9781248684757
9781248684771
9781248684788
9781248684863
9781248684887
9781248684948
9781248684979
9781248685044
9781248685082
9781248685143
9781248685167
9781248685174
9781248685266
9781248685273
9781248685280
9781248685327
9781248685372
9781248685426
9781248685440
9781248685556
9781248685587
9781248685594
9781248685624
9781248685730
9781248685761
9781248685853
9781248685877
9781248685990
9781248686041
9781248686065
9781248686102
9781248686119
9781248686201
9781248686270
9781248686324
9781248686355
9781248686492
9781248686577
9781248686584
9781248686614
9781248686690
9781248686706
9781248686713
9781248686744
9781248686768
9781248686799
9781248686805
9781248686812
9781248686867
9781248686935
9781248686959
9781248686980
9781248686997
9781248687024
9781248687048
9781248687093
9781248687123
9781248687147
9781248687185
9781248687192
9781248687246
9781248687260
9781248687291
9781248687307
9781248687314
9781248687321
9781248687369
9781248687406
9781248687413
9781248687437
9781248687444
9781248687468
9781248687574
9781248687598
9781248687604
9781248687611
9781248687628
9781248687635
9781248687642
9781248687659
9781248687666
9781248687673
9781248687680
9781248687697
9781248687703
9781248687710
9781248687727
9781248687734
9781248687741
9781248687758
9781248687765
9781248687772
9781248687789
9781248687796
9781248687802
9781248687819
9781248687826
9781248687833
9781248687840
9781248687857
9781248687864
9781248687871
9781248687888
9781248687895
9781248687901
9781248687918
9781248687925
9781248687932
9781248687949
9781248687956
9781248687963
9781248687970
9781248687987
9781248687994
9781248688007
9781248688014
9781248688021
9781248688038
9781248688045
9781248688052
9781248688069
9781248688076
9781248688083
9781248688090
9781248688106
9781248688113
9781248688120
9781248688137
9781248688144
9781248688151
9781248688168
9781248688175
9781248688182
9781248688199
9781248688205
9781248688212
9781248688229
9781248688243
9781248688250
9781248688267
9781248688274
9781248688311
9781248688359
9781248688366
9781248688410
9781248688458
9781248688489
9781248688533
9781248688557
9781248688595
9781248688625
9781248688649
9781248688656
9781248688663
9781248688670
9781248688687
9781248688694
9781248688700
9781248688717
9781248688724
9781248688731
9781248688748
9781248688755
9781248688762
9781248688779
9781248688786
9781248688793
9781248688809
9781248688816
9781248688823
9781248688830
9781248688847
9781248688854
9781248688861
9781248688878
9781248688885
9781248688892
9781248688908
9781248688915
9781248688922
9781248688939
9781248688946
9781248688953
9781248688960
9781248688977
9781248688984
9781248688991
9781248689004
9781248689011
9781248689028
9781248689035
9781248689042
9781248689059
9781248689066
9781248689073
9781248689080
9781248689097
9781248689103
9781248689110
9781248689127
9781248689134
9781248689141
9781248689158
9781248689165
9781248689172
9781248689189
9781248689196
9781248689202
9781248689226
9781248689233
9781248689240
9781248689257
9781248689264
9781248689271
9781248689288
9781248689295
9781248689301
9781248689318
9781248689325
9781248689332
9781248689349
9781248689356
9781248689363
9781248689370
9781248689387
9781248689394
9781248689400
9781248689424
9781248689448
9781248689455
9781248689462
9781248689479
9781248689486
9781248689493
9781248689509
9781248689516
9781248689523
9781248689530
9781248689547
9781248689554
9781248689561
9781248689578
9781248689585
9781248689592
9781248689608
9781248689615
9781248689622
9781248689639
9781248689646
9781248689653
9781248689660
9781248689677
9781248689684
9781248689691
9781248689707
9781248689714
9781248689721
9781248689738
9781248689745
9781248689752
9781248689769
9781248689776
9781248689783
9781248689790
9781248689806
9781248689813
9781248689820
9781248689837
9781248689844
9781248689851
9781248689868
9781248689875
9781248689882
9781248689899
9781248689905
9781248689912
9781248689929
9781248689936
9781248689943
9781248689950
9781248689967
9781248689974
9781248689981
9781248689998
9781248690000
9781248690017
9781248690024
9781248690031
9781248690048
9781248690055
9781248690062
9781248690079
9781248690086
9781248690093
9781248690109
9781248690116
9781248690123
9781248690130
9781248690147
9781248690154
9781248690161
9781248690178
9781248690185
9781248690192
9781248690208
9781248690215
9781248690222
9781248690239
9781248690246
9781248690253
9781248690260
9781248690277
9781248690291
9781248690307
9781248690314
9781248690321
9781248690338
9781248690345
9781248690352
9781248690369
9781248690376
9781248690383
9781248690390
9781248690406
9781248690413
9781248690420
9781248690437
9781248690444
9781248690451
9781248690468
9781248690475
9781248690482
9781248690499
9781248690505
9781248690512
9781248690529
9781248690536
9781248690543
9781248690550
9781248690567
9781248690574
9781248690581
9781248690598
9781248690604
9781248690611
9781248690628
9781248690635
9781248690642
9781248690659
9781248690666
9781248690673
9781248690680
9781248690697
9781248690703
9781248690710
9781248690727
9781248690734
9781248690741
9781248690758
9781248690765
9781248690772
9781248690789
9781248690796
9781248690802
9781248690819
9781248690826
9781248690833
9781248690840
9781248690857
9781248690864
9781248690871
9781248690888
9781248690895
9781248690901
9781248690918
9781248690925
9781248690932
9781248690949
9781248690956
9781248690963
9781248690970
9781248690987
9781248690994
9781248691007
9781248691014
9781248691021
9781248691038
9781248691045
9781248691052
9781248691069
9781248691076
9781248691083
9781248691090
9781248691106
9781248691113
9781248691120
9781248691137
9781248691144
9781248691151
9781248691168
9781248691175
9781248691182
9781248691199
9781248691205
9781248691212
9781248691229
9781248691236
9781248691243
9781248691250
9781248691267
9781248691274
9781248691281
9781248691298
9781248691304
9781248691311
9781248691328
9781248691335
9781248691342
9781248691359
9781248691366
9781248691373
9781248691380
9781248691397
9781248691403
9781248691410
9781248691427
9781248691434
9781248691441
9781248691458
9781248691465
9781248691472
9781248691489
9781248691496
9781248691502
9781248691519
9781248691526
9781248691533
9781248691540
9781248691557
9781248691564
9781248691571
9781248691588
9781248691595
9781248691601
9781248691618
9781248691625
9781248691632
9781248691649
9781248691656
9781248691663
9781248691670
9781248691687
9781248691694
9781248691700
9781248691717
9781248691724
9781248691731
9781248691748
9781248691755
9781248691762
9781248691779
9781248691786
9781248691793
9781248691809
9781248691816
9781248691823
9781248691830
9781248691847
9781248691854
9781248691861
9781248691878
9781248691885
9781248691892
9781248691908
9781248691915
9781248691922
9781248691939
9781248691946
9781248691960
9781248691984
9781248691991
9781248692011
9781248692028
9781248692073
9781248692097
9781248692110
9781248692134
9781248692165
9781248692196
9781248692219
9781248692226
9781248692233
9781248692257
9781248692264
9781248692288
9781248692295
9781248692301
9781248692325
9781248692349
9781248692356
9781248692387
9781248692400
9781248692417
9781248692424
9781248692455
9781248692479
9781248692486
9781248692493
9781248692578
9781248692646
9781248692660
9781248692684
9781248692714
9781248692721
9781248692776
9781248692790
9781248692813
9781248692868
9781248692875
9781248692882
9781248692905
9781248692912
9781248692929
9781248692950
9781248693155
9781248693162
9781248693520
9781248693582
9781248693605
9781248693681
9781248693766
9781248693797
9781248693827
9781248693896
9781248693933
9781248693940
9781248694022
9781248694060
9781248694084
9781248694091
9781248694107
9781248694152
9781248694268
9781248694282
9781248694299
9781248694305
9781248694329
9781248694374
9781248694398
9781248694459
9781248694466
9781248694510
9781248694527
9781248694534
9781248694541
9781248694558
9781248694565
9781248694572
9781248694589
9781248694596
9781248694602
9781248694619
9781248694626
9781248694633
9781248694640
9781248694657
9781248694664
9781248694671
9781248694688
9781248694695
9781248694701
9781248694718
9781248694725
9781248694732
9781248694749
9781248694756
9781248694763
9781248694770
9781248694787
9781248694794
9781248694800
9781248694817
9781248694824
9781248694831
9781248694848
9781248694855
9781248694862
9781248694879
9781248694886
9781248694893
9781248694909
9781248694916
9781248694923
9781248694930
9781248694947
9781248694954
9781248694961
9781248694978
9781248694985
9781248694992
9781248695005
9781248695012
9781248695029
9781248695036
9781248695043
9781248695050
9781248695067
9781248695074
9781248695081
9781248695098
9781248695104
9781248695111
9781248695128
9781248695135
9781248695142
9781248695159
9781248695166
9781248695180
9781248695197
9781248695203
9781248695210
9781248695227
9781248695234
9781248695258
9781248695265
9781248695272
9781248695289
9781248695296
9781248695302
9781248695319
9781248695326
9781248695333
9781248695340
9781248695357
9781248695364
9781248695371
9781248695388
9781248695395
9781248695401
9781248695432
9781248695449
9781248695456
9781248695463
9781248695470
9781248695487
9781248695494
9781248695500
9781248695517
9781248695524
9781248695531
9781248695548
9781248695555
9781248695579
9781248695586
9781248695593
9781248695609
9781248695616
9781248695623
9781248695630
9781248695647
9781248695654
9781248695661
9781248695678
9781248695685
9781248695692
9781248695708
9781248695715
9781248695722
9781248695739
9781248695746
9781248695753
9781248695760
9781248695777
9781248695784
9781248695791
9781248695807
9781248695814
9781248695821
9781248695838
9781248695845
9781248695852
9781248695869
9781248695876
9781248695883
9781248695890
9781248695906
9781248695913
9781248695920
9781248695937
9781248695944
9781248695951
9781248695968
9781248695975
9781248695982
9781248695999
9781248696002
9781248696019
9781248696026
9781248696033
9781248696040
9781248696057
9781248696064
9781248696071
9781248696088
9781248696095
9781248696101
9781248696118
9781248696125
9781248696132
9781248696149
9781248696156
9781248696163
9781248696170
9781248696187
9781248696194
9781248696200
9781248696217
9781248696224
9781248696231
9781248696248
9781248696255
9781248696262
9781248696279
9781248696286
9781248696293
9781248696309
9781248696316
9781248696323
9781248696330
9781248696347
9781248696354
9781248696361
9781248696378
9781248696385
9781248696392
9781248696408
9781248696415
9781248696439
9781248696446
9781248696453
9781248696460
9781248696477
9781248696484
9781248696491
9781248696507
9781248696514
9781248696521
9781248696538
9781248696545
9781248696552
9781248696576
9781248696583
9781248696590
9781248696606
9781248696613
9781248696620
9781248696637
9781248696644
9781248696651
9781248696668
9781248696675
9781248696682
9781248696699
9781248696705
9781248696712
9781248696729
9781248696736
9781248696743
9781248696750
9781248696767
9781248696774
9781248696781
9781248696798
9781248696804
9781248696811
9781248696828
9781248696835
9781248696842
9781248696859
9781248696866
9781248696873
9781248696880
9781248696897
9781248696903
9781248696910
9781248696927
9781248696934
9781248696941
9781248696958
9781248696965
9781248696972
9781248696989
9781248696996
9781248697009
9781248697016
9781248697023
9781248697030
9781248697078
9781248697085
9781248697139
9781248697146
9781248697153
9781248697160
9781248697177
9781248697184
9781248697191
9781248697207
9781248697214
9781248697221
9781248697238
9781248697245
9781248697252
9781248697269
9781248697276
9781248697283
9781248697290
9781248697306
9781248697313
9781248697320
9781248697337
9781248697351
9781248697368
9781248697375
9781248697382
9781248697399
9781248697405
9781248697412
9781248697429
9781248697436
9781248697443
9781248697450
9781248697467
9781248697474
9781248697481
9781248697498
9781248697504
9781248697511
9781248697528
9781248697535
9781248697542
9781248697559
9781248697566
9781248697573
9781248697580
9781248697597
9781248697603
9781248697610
9781248697627
9781248697634
9781248697641
9781248697658
9781248697665
9781248697672
9781248697689
9781248697696
9781248697702
9781248697719
9781248697726
9781248697733
9781248697740
9781248697757
9781248697764
9781248697771
9781248697788
9781248697795
9781248697801
9781248697818
9781248697825
9781248697832
9781248697849
9781248697856
9781248697863
9781248697870
9781248697887
9781248697894
9781248697900
9781248697917
9781248697924
9781248697931
9781248697948
9781248697955
9781248697962
9781248697979
9781248697986
9781248697993
9781248698006
9781248698013
9781248698020
9781248698037
9781248698044
9781248698068
9781248698075
9781248698082
9781248698099
9781248698105
9781248698112
9781248698129
9781248698136
9781248698143
9781248698167
9781248698174
9781248698181
9781248698198
9781248698204
9781248698211
9781248698228
9781248698235
9781248698242
9781248698259
9781248698266
9781248698273
9781248698280
9781248698297
9781248698303
9781248698310
9781248698327
9781248698334
9781248698341
9781248698358
9781248698365
9781248698372
9781248698389
9781248698396
9781248698402
9781248698419
9781248698426
9781248698433
9781248698440
9781248698457
9781248698464
9781248698471
9781248698488
9781248698495
9781248698501
9781248698518
9781248698525
9781248698532
9781248698549
9781248698556
9781248698563
9781248698570
9781248698587
9781248698594
9781248698600
9781248698617
9781248698624
9781248698631
9781248698648
9781248698655
9781248698662
9781248698679
9781248698686
9781248698693
9781248698709
9781248698808
9781248698815
9781248698822
9781248698839
9781248698846
9781248698853
9781248698860
9781248698877
9781248698884
9781248698891
9781248698907
9781248698914
9781248698921
9781248698938
9781248698945
9781248698952
9781248698969
9781248698976
9781248698983
9781248698990
9781248699003
9781248699010
9781248699027
9781248699034
9781248699041
9781248699058
9781248699065
9781248699072
9781248699089
9781248699096
9781248699102
9781248699119
9781248699126
9781248699133
9781248699140
9781248699263
9781248699270
9781248699287
9781248699294
9781248699300
9781248699317
9781248699324
9781248699331
9781248699348
9781248699355
9781248699362
9781248699379
9781248699386
9781248699393
9781248699409
9781248699416
9781248699423
9781248699430
9781248699447
9781248699454
9781248699461
9781248699478
9781248699485
9781248699492
9781248699508
9781248699515
9781248699522
9781248699539
9781248699546
9781248699553
9781248699560
9781248699577
9781248699584
9781248699591
9781248699607
9781248699614
9781248699621
9781248699638
9781248699645
9781248699652
9781248699669
9781248699676
9781248699683
9781248699690
9781248699706
9781248699713
9781248699720
9781248699744
9781248699751
9781248699768
9781248699775
9781248699782
9781248699799
9781248699805
9781248699812
9781248699829
9781248699836
9781248699843
9781248699850
9781248699867
9781248699874
9781248699881
9781248699898
9781248699904
9781248699911
9781248699928
9781248699935
9781248699942
9781248699959
9781248699966
9781248699973
9781248699980
9781248699997
9781248700006
9781248700013
9781248700020
9781248700037
9781248700044
9781248700051
9781248700068
9781248700075
9781248700082
9781248700099
9781248700105
9781248700112
9781248700129
9781248700136
9781248700143
9781248700150
9781248700167
9781248700174
9781248700181
9781248700198
9781248700204
9781248700211
9781248700228
9781248700235
9781248700242
9781248700259
9781248700266
9781248700273
9781248700280
9781248700297
9781248700303
9781248700310
9781248700327
9781248700334
9781248700341
9781248700358
9781248700365
9781248700372
9781248700389
9781248700396
9781248700402
9781248700419
9781248700426
9781248700433
9781248700457
9781248700464
9781248700471
9781248700488
9781248700495
9781248700501
9781248700518
9781248700525
9781248700532
9781248700549
9781248700570
9781248700587
9781248700600
9781248700617
9781248700624
9781248700631
9781248700648
9781248700655
9781248700662
9781248700679
9781248700686
9781248700693
9781248700709
9781248700716
9781248700723
9781248700730
9781248700747
9781248700754
9781248700761
9781248700778
9781248700785
9781248700792
9781248700808
9781248700815
9781248700822
9781248700839
9781248700846
9781248700853
9781248700860
9781248700877
9781248700884
9781248700891
9781248700907
9781248700914
9781248700921
9781248700938
9781248700945
9781248700952
9781248700969
9781248700976
9781248700983
9781248700990
9781248701003
9781248701010
9781248701027
9781248701034
9781248701041
9781248701058
9781248701065
9781248701072
9781248701089
9781248701096
9781248701102
9781248701119
9781248701126
9781248701133
9781248701140
9781248701157
9781248701164
9781248701171
9781248701188
9781248701195
9781248701201
9781248701218
9781248701225
9781248701232
9781248701249
9781248701256
9781248701263
9781248701270
9781248701287
9781248701294
9781248701300
9781248701317
9781248701324
9781248701331
9781248701348
9781248701355
9781248701362
9781248701379
9781248701386
9781248701393
9781248701409
9781248701416
9781248701423
9781248701430
9781248701447
9781248701454
9781248701461
9781248701478
9781248701485
9781248701492
9781248701522
9781248701539
9781248701546
9781248701553
9781248701560
9781248701577
9781248701584
9781248701591
9781248701607
9781248701614
9781248701621
9781248701638
9781248701645
9781248701676
9781248701683
9781248701706
9781248701720
9781248701737
9781248701768
9781248701775
9781248701805
9781248701812
9781248701829
9781248701836
9781248701843
9781248701850
9781248701867
9781248701874
9781248701881
9781248701898
9781248701904
9781248701911
9781248701928
9781248701935
9781248701942
9781248701959
9781248701966
9781248701973
9781248701980
9781248701997
9781248702000
9781248702017
9781248702024
9781248702031
9781248702048
9781248702055
9781248702062
9781248702079
9781248702086
9781248702109
9781248702123
9781248702130
9781248702147
9781248702154
9781248702161
9781248702178
9781248702185
9781248702192
9781248702208
9781248702215
9781248702222
9781248702239
9781248702246
9781248702253
9781248702260
9781248702277
9781248702284
9781248702291
9781248702307
9781248702314
9781248702321
9781248702338
9781248702345
9781248702352
9781248702369
9781248702376
9781248702383
9781248702390
9781248702406
9781248702413
9781248702420
9781248702437
9781248702444
9781248702451
9781248702468
9781248702475
9781248702482
9781248702499
9781248702505
9781248702512
9781248702529
9781248702536
9781248702543
9781248702550
9781248702567
9781248702574
9781248702581
9781248702598
9781248702604
9781248702611
9781248702628
9781248702635
9781248702642
9781248702659
9781248702673
9781248702680
9781248702697
9781248702703
9781248702710
9781248702727
9781248702734
9781248702741
9781248702758
9781248702765
9781248702772
9781248702789
9781248702796
9781248702802
9781248702819
9781248702826
9781248702833
9781248702840
9781248702857
9781248702864
9781248702871
9781248702888
9781248702895
9781248702901
9781248702918
9781248702925
9781248702932
9781248702949
9781248702956
9781248702963
9781248702970
9781248702987
9781248702994
9781248703007
9781248703014
9781248703021
9781248703038
9781248703045
9781248703052
9781248703069
9781248703076
9781248703083
9781248703090
9781248703113
9781248703120
9781248703137
9781248703144
9781248703151
9781248703168
9781248703175
9781248703182
9781248703199
9781248703205
9781248703212
9781248703229
9781248703236
9781248703243
9781248703250
9781248703267
9781248703274
9781248703298
9781248703359
9781248703366
9781248703380
9781248703427
9781248703465
9781248703588
9781248703595
9781248703632
9781248703663
9781248703670
9781248703694
9781248703731
9781248703762
9781248703809
9781248703816
9781248703847
9781248703977
9781248703991
9781248704004
9781248704066
9781248704127
9781248704141
9781248704165
9781248704202
9781248704219
9781248704288
9781248704318
9781248704332
9781248704370
9781248704394
9781248704424
9781248704479
9781248704516
9781248704561
9781248704691
9781248704882
9781248704899
9781248705131
9781248705155
9781248705186
9781248705421
9781248705476
9781248705582
9781248705728
9781248705780
9781248705810
9781248705841
9781248705858
9781248705865
9781248705919
9781248705926
9781248705933
9781248705940
9781248705957
9781248705988
9781248706008
9781248706015
9781248706039
9781248706060
9781248706091
9781248706107
9781248706145
9781248706176
9781248706213
9781248706220
9781248706237
9781248706251
9781248706305
9781248706312
9781248706329
9781248706343
9781248706404
9781248706466
9781248706534
9781248706947
9781248706992
9781248707043
9781248707050
9781248707227
9781248707357
9781248707388
9781248707456
9781248707487
9781248707531
9781248707548
9781248707593
9781248707609
9781248707647
9781248707692
9781248707739
9781248707821
9781248707869
9781248708019
9781248708057
9781248708170
9781248708200
9781248708279
9781248708347
9781248708392
9781248708514
9781248708545
9781248708583
9781248708675
9781248708699
9781248708804
9781248708811
9781248708941
9781248708972
9781248708989
9781248708996
9781248709016
9781248709023
9781248709030
9781248709054
9781248709061
9781248709078
9781248709085
9781248709092
9781248709115
9781248709122
9781248709139
9781248709146
9781248709153
9781248709160
9781248709191
9781248709207
9781248709214
9781248709221
9781248709238
9781248709269
9781248709283
9781248709290
9781248709306
9781248709313
9781248709320
9781248709399
9781248709412
9781248709436
9781248709443
9781248709450
9781248709504
9781248709511
9781248709535
9781248709542
9781248709559
9781248709566
9781248709580
9781248709610
9781248709634
9781248709672
9781248709696
9781248709702
9781248709733
9781248709740
9781248709757
9781248709771
9781248709801
9781248709818
9781248709832
9781248709849
9781248709863
9781248709870
9781248709917
9781248709924
9781248709948
9781248709955
9781248709979
9781248709993
9781248710029
9781248710043
9781248710050
9781248710067
9781248710074
9781248710081
9781248710098
9781248710104
9781248710128
9781248710142
9781248710159
9781248710180
9781248710197
9781248710203
9781248710210
9781248710234
9781248710241
9781248710289
9781248710302
9781248710326
9781248710340
9781248710357
9781248710371
9781248710425
9781248710456
9781248710470
9781248710517
9781248710524
9781248710548
9781248710555
9781248710562
9781248710647
9781248710654
9781248710715
9781248710722
9781248710791
9781248710814
9781248710890
9781248710951
9781248711002
9781248711101
9781248711118
9781248711149
9781248711156
9781248711163
9781248711170
9781248711361
9781248711460
9781248711477
9781248711484
9781248711491
9781248711507
9781248711514
9781248711521
9781248711538
9781248711545
9781248711552
9781248711569
9781248711576
9781248711590
9781248711606
9781248711613
9781248711620
9781248711637
9781248711644
9781248711651
9781248711668
9781248711675
9781248711682
9781248711699
9781248711705
9781248711729
9781248711736
9781248711750
9781248711767
9781248711774
9781248711781
9781248711798
9781248711804
9781248711811
9781248711828
9781248711835
9781248711842
9781248711859
9781248711866
9781248711873
9781248711880
9781248711897
9781248711903
9781248711910
9781248711927
9781248711934
9781248711941
9781248711958
9781248711965
9781248711972
9781248711989
9781248711996
9781248712009
9781248712016
9781248712023
9781248712047
9781248712054
9781248712061
9781248712078
9781248712085
9781248712092
9781248712108
9781248712115
9781248712122
9781248712139
9781248712146
9781248712153
9781248712160
9781248712177
9781248712184
9781248712191
9781248712207
9781248712214
9781248712221
9781248712238
9781248712245
9781248712252
9781248712269
9781248712276
9781248712283
9781248712290
9781248712306
9781248712313
9781248712320
9781248712375
9781248712498
9781248712566
9781248712610
9781248712689
9781248712771
9781248712795
9781248712801
9781248712856
9781248712955
9781248712986
9781248713099
9781248713167
9781248713365
9781248713402
9781248713433
9781248713549
9781248713570
9781248713587
9781248713594
9781248713655
9781248713846
9781248713853
9781248713921
9781248713976
9781248714027
9781248714034
9781248714058
9781248714065
9781248714102
9781248714133
9781248714188
9781248714195
9781248714201
9781248714232
9781248714263
9781248714300
9781248714317
9781248714348
9781248714362
9781248714379
9781248714416
9781248714447
9781248714478
9781248714492
9781248714515
9781248714546
9781248714560
9781248714584
9781248714591
9781248714638
9781248714676
9781248714744
9781248714775
9781248714799
9781248714812
9781248714843
9781248714881
9781248714973
9781248714997
9781248715000
9781248715024
9781248715031
9781248715048
9781248715079
9781248715246
9781248715352
9781248715406
9781248715413
9781248715420
9781248715437
9781248715482
9781248715611
9781248715727
9781248715772
9781248715970
9781248716120
9781248716151
9781248716311
9781248716380
9781248716397
9781248716403
9781248716410
9781248716472
9781248716489
9781248716502
9781248716571
9781248716595
9781248716618
9781248716649
9781248716656
9781248716687
9781248716694
9781248716717
9781248716786
9781248716793
9781248716847
9781248716922
9781248716960
9781248716991
9781248717035
9781248717042
9781248717059
9781248717066
9781248717073
9781248717080
9781248717097
9781248717103
9781248717110
9781248717127
9781248717134
9781248717141
9781248717158
9781248717165
9781248717172
9781248717189
9781248717196
9781248717202
9781248717219
9781248717226
9781248717233
9781248717240
9781248717257
9781248717264
9781248717271
9781248717288
9781248717295
9781248717301
9781248717318
9781248717332
9781248717370
9781248717387
9781248717394
9781248717400
9781248717417
9781248717424
9781248717431
9781248717448
9781248717455
9781248717462
9781248717479
9781248717486
9781248717493
9781248717509
9781248717516
9781248717523
9781248717530
9781248717547
9781248717554
9781248717561
9781248717578
9781248717585
9781248717592
9781248717608
9781248717615
9781248717622
9781248717639
9781248717646
9781248717653
9781248717660
9781248717677
9781248717684
9781248717714
9781248717721
9781248717738
9781248717745
9781248717752
9781248717769
9781248717776
9781248717783
9781248717790
9781248717806
9781248717813
9781248717820
9781248717837
9781248717844
9781248717851
9781248717868
9781248717875
9781248717882
9781248717899
9781248717905
9781248717912
9781248717929
9781248717936
9781248717943
9781248717950
9781248717967
9781248717974
9781248717981
9781248717998
9781248718001
9781248718018
9781248718025
9781248718032
9781248718049
9781248718056
9781248718063
9781248718070
9781248718087
9781248718131
9781248718162
9781248718193
9781248718254
9781248718315
9781248718339
9781248718421
9781248718438
9781248718469
9781248718483
9781248718520
9781248718551
9781248718575
9781248718643
9781248718650
9781248718704
9781248718711
9781248718735
9781248718766
9781248718773
9781248718797
9781248718803
9781248718834
9781248718889
9781248718926
9781248718933
9781248718940
9781248718957
9781248718971
9781248718988
9781248719053
9781248719084
9781248719183
9781248719190
9781248719206
9781248719305
9781248719312
9781248719343
9781248719350
9781248719466
9781248719497
9781248719510
9781248719558
9781248719787
9781248719886
9781248719947
9781248719961
9781248719985
9781248719992
9781248720042
9781248720059
9781248720066
9781248720097
9781248720103
9781248720165
9781248720226
9781248720233
9781248720264
9781248720271
9781248720318
9781248720332
9781248720349
9781248720356
9781248720400
9781248720417
9781248720424
9781248720448
9781248720493
9781248720561
9781248720615
9781248720653
9781248720660
9781248720691
9781248720714
9781248720738
9781248720769
9781248720776
9781248720837
9781248720844
9781248720868
9781248720875
9781248720899
9781248720929
9781248720974
9781248721032
9781248721100
9781248721117
9781248721131
9781248721148
9781248721162
9781248721209
9781248721230
9781248721247
9781248721278
9781248721315
9781248721391
9781248721438
9781248721445
9781248721452
9781248721469
9781248721483
9781248721490
9781248721513
9781248721575
9781248721711
9781248721803
9781248721865
9781248721889
9781248721926
9781248722039
9781248722053
9781248722060
9781248722077
9781248722152
9781248722183
9781248722275
9781248722299
9781248722305
9781248722312
9781248722329
9781248722381
9781248722398
9781248722404
9781248722411
9781248722435
9781248722442
9781248722459
9781248722466
9781248722473
9781248722480
9781248722497
9781248722503
9781248722510
9781248722527
9781248722534
9781248722541
9781248722558
9781248722565
9781248722572
9781248722589
9781248722596
9781248722602
9781248722619
9781248722626
9781248722633
9781248722640
9781248722657
9781248722688
9781248722817
9781248722916
9781248722978
9781248723135
9781248723159
9781248723197
9781248723227
9781248723289
9781248723623
9781248723746
9781248723791
9781248723944
9781248723982
9781248724125
9781248724163
9781248724194
9781248724286
9781248724309
9781248724446
9781248724477
9781248724538
9781248724811
9781248725139
9781248725146
9781248725221
9781248725238
9781248725320
9781248725344
9781248725528
9781248725603
9781248725665
9781248725719
9781248725726
9781248725757
9781248725771
9781248725788
9781248725825
9781248725849
9781248725863
9781248725887
9781248725955
9781248726006
9781248726020
9781248726044
9781248726105
9781248726150
9781248726167
9781248726174
9781248726198
9781248726211
9781248726235
9781248726389
9781248726457
9781248726464
9781248726471
9781248726495
9781248726532
9781248726556
9781248726563
9781248726587
9781248726594
9781248726631
9781248726648
9781248726679
9781248726693
9781248726709
9781248726716
9781248726747
9781248726754
9781248726792
9781248726815
9781248726822
9781248726853
9781248726884
9781248726891
9781248726907
9781248726914
9781248726945
9781248726952
9781248726969
9781248726976
9781248726990
9781248727003
9781248727010
9781248727027
9781248727034
9781248727065
9781248727072
9781248727089
9781248727119
9781248727133
9781248727140
9781248727157
9781248727164
9781248727171
9781248727188
9781248727195
9781248727201
9781248727218
9781248727232
9781248727249
9781248727256
9781248727270
9781248727287
9781248727294
9781248727348
9781248727355
9781248727362
9781248727386
9781248727393
9781248727409
9781248727416
9781248727423
9781248727430
9781248727461
9781248727478
9781248727485
9781248727515
9781248727522
9781248727539
9781248727553
9781248727560
9781248727584
9781248727614
9781248727621
9781248727638
9781248727645
9781248727676
9781248727683
9781248727744
9781248727775
9781248727799
9781248727881
9781248727997
9781248728000
9781248728079
9781248728116
9781248728178
9781248728185
9781248728222
9781248728246
9781248728260
9781248728291
9781248728314
9781248728390
9781248728437
9781248728444
9781248728499
9781248728505
9781248728512
9781248728574
9781248728598
9781248728611
9781248728642
9781248728659
9781248728673
9781248728680
9781248728710
9781248728727
9781248728765
9781248728789
9781248728819
9781248728864
9781248728888
9781248728901
9781248728994
9781248729069
9781248729083
9781248729182
9781248729199
9781248729267
9781248729274
9781248729311
9781248729373
9781248729380
9781248729410
9781248729465
9781248729502
9781248729625
9781248729915
9781248729946
9781248730096
9781248730317
9781248730355
9781248730492
9781248730508
9781248730607
9781248730782
9781248730829
9781248730867
9781248730904
9781248730942
9781248730966
9781248730980
9781248731024
9781248731031
9781248731062
9781248731086
9781248731116
9781248731123
9781248731154
9781248731314
9781248731376
9781248731420
9781248731604
9781248731611
9781248731642
9781248731673
9781248731727
9781248731734
9781248731741
9781248732069
9781248732205
9781248732229
9781248732274
9781248732311
9781248732328
9781248732397
9781248732526
9781248732618
9781248732625
9781248732687
9781248732731
9781248732847
9781248732878
9781248732892
9781248733028
9781248733066
9781248733073
9781248733080
9781248733141
9781248733233
9781248733318
9781248733325
9781248733370
9781248733431
9781248733455
9781248733516
9781248733554
9781248733721
9781248733738
9781248733752
9781248733783
9781248733899
9781248733936
9781248733998
9781248734001
9781248734018
9781248734032
9781248734056
9781248734063
9781248734179
9781248734216
9781248734230
9781248734261
9781248734278
9781248734292
9781248734377
9781248734391
9781248734421
9781248734469
9781248734544
9781248734575
9781248734605
9781248734643
9781248734667
9781248734674
9781248734698
9781248734704
9781248734711
9781248734728
9781248734735
9781248734742
9781248734773
9781248734810
9781248734827
9781248734841
9781248734865
9781248734872
9781248734902
9781248734933
9781248734971
9781248734988
9781248734995
9781248735008
9781248735039
9781248735053
9781248735084
9781248735091
9781248735107
9781248735114
9781248735138
9781248735152
9781248735183
9781248735190
9781248735206
9781248735213
9781248735251
9781248735275
9781248735305
9781248735374
9781248735411
9781248735442
9781248735466
9781248735688
9781248735848
9781248736159
9781248736685
9781248736708
9781248736852
9781248737064
9781248737071
9781248737231
9781248737248
9781248737286
9781248737330
9781248737347
9781248737446
9781248737477
9781248737682
9781248737729
9781248737842
9781248737873
9781248737910
9781248737972
9781248738061
9781248738283
9781248738290
9781248738313
9781248738320
9781248738337
9781248738344
9781248738351
9781248738368
9781248738375
9781248738382
9781248738399
9781248738405
9781248738412
9781248738429
9781248738528
9781248738535
9781248738627
9781248738702
9781248738726
9781248738825
9781248738856
9781248738900
9781248739013
9781248739129
9781248739198
9781248739211
9781248739600
9781248739617
9781248739709
9781248739730
9781248739778
9781248739808
9781248739853
9781248740033
9781248740040
9781248740071
9781248740101
9781248740163
9781248740170
9781248740248
9781248740293
9781248740323
9781248740330
9781248740361
9781248740385
9781248740392
9781248740408
9781248740415
9781248740460
9781248740477
9781248740484
9781248740491
9781248740507
9781248740514
9781248740521
9781248740538
9781248740545
9781248740552
9781248740569
9781248740576
9781248740583
9781248740590
9781248740606
9781248740613
9781248740620
9781248740637
9781248740644
9781248740651
9781248740668
9781248740675
9781248740682
9781248740699
9781248740705
9781248740712
9781248740729
9781248740736
9781248740743
9781248740750
9781248740767
9781248740835
9781248740897
9781248740910
9781248740996
9781248741085
9781248741092
9781248741108
9781248741139
9781248741160
9781248741177
9781248741184
9781248741191
9781248741207
9781248741214
9781248741306
9781248741313
9781248741337
9781248741382
9781248741405
9781248741429
9781248741436
9781248741443
9781248741474
9781248741481
9781248741498
9781248741504
9781248741511
9781248741528
9781248741535
9781248741542
9781248741580
9781248741672
9781248741696
9781248741771
9781248741825
9781248741856
9781248741863
9781248741870
9781248741894
9781248741917
9781248741924
9781248741955
9781248741962
9781248741979
9781248741993
9781248742006
9781248742013
9781248742044
9781248742051
9781248742068
9781248742105
9781248742112
9781248742143
9781248742167
9781248742181
9781248742228
9781248742242
9781248742280
9781248742297
9781248742303
9781248742310
9781248742358
9781248742389
9781248742419
9781248742433
9781248742587
9781248742600
9781248742624
9781248742693
9781248742716
9781248742754
9781248742846
9781248743065
9781248743072
9781248743119
9781248743140
9781248743706
9781248743836
9781248743935
9781248743942
9781248743966
9781248744000
9781248744161
9781248744185
9781248744574
9781248744598
9781248745014
9781248745281
9781248745373
9781248745564
9781248745601
9781248745717
9781248745748
9781248745755
9781248745762
9781248745779
9781248745786
9781248745793
9781248745809
9781248745816
9781248745823
9781248745830
9781248745847
9781248745854
9781248745861
9781248745878
9781248745885
9781248745892
9781248745908
9781248745915
9781248745922
9781248745939
9781248745946
9781248745953
9781248745960
9781248745977
9781248745984
9781248745991
9781248746004
9781248746011
9781248746028
9781248746035
9781248746042
9781248746059
9781248746066
9781248746073
9781248746080
9781248746097
9781248746103
9781248746110
9781248746127
9781248746134
9781248746141
9781248746158
9781248746165
9781248746172
9781248746189
9781248746196
9781248746202
9781248746219
9781248746226
9781248746233
9781248746240
9781248746257
9781248746264
9781248746271
9781248746288
9781248746295
9781248746301
9781248746318
9781248746325
9781248746332
9781248746387
9781248746394
9781248746400
9781248746424
9781248746431
9781248746448
9781248746455
9781248746509
9781248746530
9781248746547
9781248746578
9781248746608
9781248746622
9781248746646
9781248746653
9781248746691
9781248746745
9781248746790
9781248746806
9781248746820
9781248746837
9781248746899
9781248746936
9781248746974
9781248746981
9781248747018
9781248747049
9781248747056
9781248747100
9781248747384
9781248747537
9781248747629
9781248747711
9781248747827
9781248747902
9781248747988
9781248747995
9781248748015
9781248748022
9781248748039
9781248748046
9781248748053
9781248748060
9781248748077
9781248748084
9781248748091
9781248748107
9781248748114
9781248748121
9781248748138
9781248748145
9781248748152
9781248748169
9781248748190
9781248748213
9781248748244
9781248748305
9781248748329
9781248748336
9781248748343
9781248748350
9781248748367
9781248748374
9781248748381
9781248748398
9781248748404
9781248748411
9781248748428
9781248748442
9781248748534
9781248748541
9781248748602
9781248748619
9781248748633
9781248748640
9781248748770
9781248748824
9781248748848
9781248748879
9781248748916
9781248748923
9781248749005
9781248749074
9781248749142
9781248749197
9781248749203
9781248749210
9781248749227
9781248749234
9781248749241
9781248749258
9781248749265
9781248749272
9781248749289
9781248749296
9781248749302
9781248749319
9781248749326
9781248749333
9781248749340
9781248749357
9781248749364
9781248749371
9781248749388
9781248749395
9781248749401
9781248749418
9781248749425
9781248749432
9781248749487
9781248749494
9781248749531
9781248749548
9781248749562
9781248749593
9781248749609
9781248749678
9781248749739
9781248749791
9781248749852
9781248749869
9781248749876
9781248749883
9781248749890
9781248749906
9781248749913
9781248749920
9781248749937
9781248749944
9781248749951
9781248749968
9781248749975
9781248749982
9781248749999
9781248750001
9781248750018
9781248750025
9781248750117
9781248750179
9781248750216
9781248750223
9781248750230
9781248750247
9781248750254
9781248750261
9781248750278
9781248750285
9781248750292
9781248750308
9781248750315
9781248750322
9781248750339
9781248750346
9781248750353
9781248750360
9781248750377
9781248750384
9781248750391
9781248750407
9781248750414
9781248750421
9781248750438
9781248750445
9781248750452
9781248750469
9781248750476
9781248750483
9781248750490
9781248750520
9781248750551
9781248750568
9781248750575
9781248750582
9781248750599
9781248750605
9781248750612
9781248750629
9781248750636
9781248750643
9781248750650
9781248750667
9781248750674
9781248750681
9781248750698
9781248750704
9781248750711
9781248750728
9781248750735
9781248750742
9781248750759
9781248750766
9781248750773
9781248750780
9781248750797
9781248750803
9781248750810
9781248750827
9781248750834
9781248750841
9781248750858
9781248750865
9781248750872
9781248750889
9781248750896
9781248750902
9781248750919
9781248750926
9781248750933
9781248750940
9781248750957
9781248750964
9781248750971
9781248750995
9781248751008
9781248751015
9781248751022
9781248751039
9781248751046
9781248751053
9781248751060
9781248751077
9781248751084
9781248751091
9781248751107
9781248751114
9781248751121
9781248751138
9781248751145
9781248751152
9781248751169
9781248751190
9781248751206
9781248751220
9781248751237
9781248751244
9781248751268
9781248751275
9781248751312
9781248751336
9781248751343
9781248751350
9781248751367
9781248751374
9781248751381
9781248751398
9781248751404
9781248751411
9781248751428
9781248751435
9781248751442
9781248751459
9781248751466
9781248751473
9781248751480
9781248751497
9781248751503
9781248751510
9781248751527
9781248751534
9781248751541
9781248751558
9781248751565
9781248751572
9781248751596
9781248751602
9781248751626
9781248751633
9781248751657
9781248751664
9781248751671
9781248751688
9781248751695
9781248751701
9781248751718
9781248751725
9781248751732
9781248751749
9781248751756
9781248751763
9781248751770
9781248751787
9781248751794
9781248751800
9781248751817
9781248751824
9781248751831
9781248751848
9781248751855
9781248751862
9781248751879
9781248751886
9781248751893
9781248751909
9781248751916
9781248751923
9781248751930
9781248751947
9781248751954
9781248751961
9781248751978
9781248751985
9781248751992
9781248752005
9781248752012
9781248752029
9781248752036
9781248752043
9781248752050
9781248752067
9781248752074
9781248752081
9781248752098
9781248752104
9781248752111
9781248752128
9781248752135
9781248752142
9781248752173
9781248752180
9781248752203
9781248752210
9781248752227
9781248752234
9781248752241
9781248752258
9781248752265
9781248752272
9781248752289
9781248752296
9781248752302
9781248752319
9781248752326
9781248752333
9781248752340
9781248752357
9781248752364
9781248752371
9781248752388
9781248752395
9781248752401
9781248752418
9781248752425
9781248752432
9781248752449
9781248752456
9781248752463
9781248752470
9781248752487
9781248752494
9781248752500
9781248752517
9781248752524
9781248752531
9781248752548
9781248752555
9781248752562
9781248752579
9781248752586
9781248752593
9781248752609
9781248752616
9781248752623
9781248752630
9781248752647
9781248752654
9781248752661
9781248752685
9781248752692
9781248752708
9781248752715
9781248752722
9781248752739
9781248752746
9781248752753
9781248752777
9781248752784
9781248752807
9781248752814
9781248752838
9781248752845
9781248752852
9781248752869
9781248752876
9781248752883
9781248752890
9781248752906
9781248752913
9781248752920
9781248752937
9781248752944
9781248752968
9781248752975
9781248752982
9781248753019
9781248753064
9781248753071
9781248753088
9781248753095
9781248753101
9781248753118
9781248753149
9781248753156
9781248753187
9781248753224
9781248753262
9781248753309
9781248753316
9781248753323
9781248753330
9781248753347
9781248753354
9781248753361
9781248753378
9781248753392
9781248753408
9781248753439
9781248753446
9781248753453
9781248753460
9781248753484
9781248753491
9781248753507
9781248753514
9781248753538
9781248753545
9781248753569
9781248753576
9781248753583
9781248753590
9781248754092
9781248754108
9781248754115
9781248754122
9781248754139
9781248754146
9781248754153
9781248754160
9781248754177
9781248754184
9781248754191
9781248754207
9781248754214
9781248754221
9781248754238
9781248754245
9781248754252
9781248754269
9781248754276
9781248754283
9781248754290
9781248754306
9781248754313
9781248754320
9781248754337
9781248754344
9781248754351
9781248754368
9781248754375
9781248754382
9781248754399
9781248754405
9781248754429
9781248754436
9781248754443
9781248754450
9781248754467
9781248754474
9781248754481
9781248754498
9781248754504
9781248754511
9781248754528
9781248754535
9781248754542
9781248754559
9781248754566
9781248754573
9781248754580
9781248754597
9781248754603
9781248754610
9781248754627
9781248754634
9781248754641
9781248754658
9781248754665
9781248754672
9781248754689
9781248754696
9781248754702
9781248754719
9781248754726
9781248754733
9781248754740
9781248754757
9781248754764
9781248754771
9781248754788
9781248754795
9781248754801
9781248754818
9781248754825
9781248754832
9781248754849
9781248754856
9781248754863
9781248754870
9781248754887
9781248754894
9781248754900
9781248754917
9781248754924
9781248754931
9781248754948
9781248754955
9781248754962
9781248754979
9781248754986
9781248754993
9781248755006
9781248755013
9781248755020
9781248755037
9781248755044
9781248755051
9781248755068
9781248755075
9781248755082
9781248755099
9781248755105
9781248755112
9781248755129
9781248755136
9781248755143
9781248755150
9781248755167
9781248755174
9781248755181
9781248755198
9781248755204
9781248755211
9781248755228
9781248755235
9781248755242
9781248755259
9781248755266
9781248755273
9781248755280
9781248755297
9781248755303
9781248755310
9781248755327
9781248755334
9781248755341
9781248755358
9781248755365
9781248755372
9781248755389
9781248755396
9781248755402
9781248755419
9781248755426
9781248755433
9781248755440
9781248755457
9781248755464
9781248755471
9781248755488
9781248755495
9781248755501
9781248755518
9781248755525
9781248755532
9781248755549
9781248755556
9781248755563
9781248755570
9781248755587
9781248755594
9781248755600
9781248755617
9781248755624
9781248755631
9781248755648
9781248755655
9781248755662
9781248755679
9781248755686
9781248755693
9781248755709
9781248755716
9781248755723
9781248755730
9781248755747
9781248755754
9781248755761
9781248755778
9781248755785
9781248755792
9781248755808
9781248755815
9781248755822
9781248755839
9781248755846
9781248755853
9781248755860
9781248755877
9781248755884
9781248755891
9781248755907
9781248755914
9781248755921
9781248755938
9781248755945
9781248755952
9781248755969
9781248755976
9781248755983
9781248755990
9781248756003
9781248756010
9781248756027
9781248756034
9781248756041
9781248756058
9781248756065
9781248756072
9781248756089
9781248756096
9781248756102
9781248756119
9781248756126
9781248756133
9781248756140
9781248756157
9781248756164
9781248756171
9781248756188
9781248756195
9781248756201
9781248756218
9781248756225
9781248756232
9781248756249
9781248756256
9781248756263
9781248756270
9781248756287
9781248756294
9781248756300
9781248756317
9781248756324
9781248756331
9781248756348
9781248756355
9781248756362
9781248756379
9781248756386
9781248756393
9781248756409
9781248756416
9781248756423
9781248756430
9781248756447
9781248756454
9781248756461
9781248756478
9781248756485
9781248756492
9781248756508
9781248756515
9781248756522
9781248756539
9781248756546
9781248756553
9781248756560
9781248756577
9781248756584
9781248756591
9781248756607
9781248756614
9781248756621
9781248756638
9781248756645
9781248756652
9781248756669
9781248756676
9781248756683
9781248756690
9781248756706
9781248756713
9781248756720
9781248756737
9781248756744
9781248756751
9781248756768
9781248756775
9781248756782
9781248756799
9781248756805
9781248756812
9781248756829
9781248756836
9781248756843
9781248756850
9781248756867
9781248756874
9781248756881
9781248756898
9781248756904
9781248756911
9781248756928
9781248756935
9781248756942
9781248756959
9781248756966
9781248756973
9781248756980
9781248756997
9781248757000
9781248757017
9781248757024
9781248757031
9781248757048
9781248757055
9781248757062
9781248757079
9781248757086
9781248757093
9781248757109
9781248757116
9781248757123
9781248757130
9781248757147
9781248757161
9781248757178
9781248757185
9781248757192
9781248757208
9781248757215
9781248757222
9781248757246
9781248757253
9781248757260
9781248757277
9781248757284
9781248757291
9781248757307
9781248757314
9781248757321
9781248757338
9781248757345
9781248757352
9781248757369
9781248757376
9781248757383
9781248757390
9781248757406
9781248757413
9781248757420
9781248757437
9781248757444
9781248757451
9781248757468
9781248757475
9781248757482
9781248757499
9781248757505
9781248757512
9781248757529
9781248757536
9781248757543
9781248757550
9781248757567
9781248757574
9781248757581
9781248757598
9781248757604
9781248757611
9781248757628
9781248757635
9781248757642
9781248757659
9781248757666
9781248757673
9781248757680
9781248757697
9781248757703
9781248757710
9781248757727
9781248757734
9781248757741
9781248757758
9781248757765
9781248757772
9781248757789
9781248757796
9781248757802
9781248757819
9781248757826
9781248757833
9781248757840
9781248757857
9781248757864
9781248757871
9781248757888
9781248757895
9781248757901
9781248757918
9781248757925
9781248757932
9781248757949
9781248757956
9781248757963
9781248757970
9781248757987
9781248757994
9781248758007
9781248758014
9781248758021
9781248758038
9781248758045
9781248758052
9781248758069
9781248758076
9781248758083
9781248758090
9781248758106
9781248758113
9781248758120
9781248758137
9781248758144
9781248758151
9781248758168
9781248758175
9781248758182
9781248758199
9781248758205
9781248758212
9781248758229
9781248758236
9781248758243
9781248758250
9781248758267
9781248758274
9781248758281
9781248758298
9781248758304
9781248758311
9781248758328
9781248758335
9781248758342
9781248758359
9781248758366
9781248758373
9781248758380
9781248758397
9781248758403
9781248758410
9781248758427
9781248758434
9781248758441
9781248758458
9781248758465
9781248758472
9781248758489
9781248758496
9781248758502
9781248758519
9781248758526
9781248758533
9781248758540
9781248758557
9781248758564
9781248758571
9781248758588
9781248758595
9781248758601
9781248758618
9781248758625
9781248758632
9781248758649
9781248758656
9781248758663
9781248758670
9781248758687
9781248758694
9781248758700
9781248758717
9781248758724
9781248758731
9781248758748
9781248758755
9781248758762
9781248758779
9781248758786
9781248758793
9781248758809
9781248758816
9781248758823
9781248758830
9781248758847
9781248758854
9781248758861
9781248758878
9781248758885
9781248758892
9781248758908
9781248758915
9781248758922
9781248758939
9781248758946
9781248758953
9781248758960
9781248758977
9781248758984
9781248758991
9781248759004
9781248759011
9781248759028
9781248759035
9781248759042
9781248759059
9781248759066
9781248759073
9781248759080
9781248759097
9781248759103
9781248759110
9781248759127
9781248759134
9781248759141
9781248759158
9781248759165
9781248759172
9781248759189
9781248759196
9781248759202
9781248759219
9781248759226
9781248759233
9781248759240
9781248759257
9781248759264
9781248759271
9781248759288
9781248759295
9781248759301
9781248759318
9781248759325
9781248759332
9781248759349
9781248759356
9781248759363
9781248759370
9781248759387
9781248759394
9781248759400
9781248759417
9781248759424
9781248759431
9781248759448
9781248759455
9781248759462
9781248759479
9781248759486
9781248759493
9781248759509
9781248759516
9781248759523
9781248759530
9781248759547
9781248759554
9781248759561
9781248759578
9781248759585
9781248759592
9781248759608
9781248759615
9781248759622
9781248759639
9781248759646
9781248759653
9781248759660
9781248759677
9781248759684
9781248759691
9781248759707
9781248759714
9781248759721
9781248759738
9781248759745
9781248759752
9781248759769
9781248759776
9781248759783
9781248759790
9781248759806
9781248759813
9781248759820
9781248759837
9781248759844
9781248759851
9781248759868
9781248759875
9781248759882
9781248759899
9781248759905
9781248759912
9781248759929
9781248759936
9781248759943
9781248759950
9781248759967
9781248759974
9781248759981
9781248759998
9781248760000
9781248760017
9781248760024
9781248760031
9781248760048
9781248760055
9781248760062
9781248760079
9781248760086
9781248760093
9781248760109
9781248760116
9781248760123
9781248760130
9781248760147
9781248760154
9781248760161
9781248760178
9781248760185
9781248760192
9781248760208
9781248760215
9781248760222
9781248760239
9781248760246
9781248760253
9781248760260
9781248760277
9781248760284
9781248760291
9781248760307
9781248760314
9781248760321
9781248760338
9781248760345
9781248760352
9781248760369
9781248760376
9781248760383
9781248760390
9781248760406
9781248760413
9781248760420
9781248760437
9781248760444
9781248760451
9781248760468
9781248760475
9781248760482
9781248760499
9781248760505
9781248760512
9781248760529
9781248760536
9781248760543
9781248760550
9781248760567
9781248760574
9781248760581
9781248760598
9781248760604
9781248760611
9781248760628
9781248760635
9781248760642
9781248760659
9781248760666
9781248760673
9781248760680
9781248760697
9781248760703
9781248760710
9781248760727
9781248760734
9781248760741
9781248760758
9781248760765
9781248760772
9781248760789
9781248760796
9781248760802
9781248760819
9781248760826
9781248760833
9781248760840
9781248760857
9781248760864
9781248760871
9781248760888
9781248760895
9781248760901
9781248760918
9781248760925
9781248760932
9781248760949
9781248760956
9781248760963
9781248760970
9781248760987
9781248760994
9781248761007
9781248761014
9781248761021
9781248761038
9781248761045
9781248761052
9781248761069
9781248761076
9781248761083
9781248761090
9781248761106
9781248761113
9781248761120
9781248761137
9781248761144
9781248761151
9781248761168
9781248761175
9781248761182
9781248761199
9781248761205
9781248761212
9781248761229
9781248761236
9781248761243
9781248761250
9781248761267
9781248761274
9781248761281
9781248761298
9781248761304
9781248761311
9781248761328
9781248761335
9781248761342
9781248761359
9781248761366
9781248761373
9781248761380
9781248761397
9781248761403
9781248761410
9781248761427
9781248761434
9781248761441
9781248761458
9781248761465
9781248761472
9781248761489
9781248761496
9781248761502
9781248761519
9781248761526
9781248761533
9781248761540
9781248761557
9781248761564
9781248761571
9781248761588
9781248761595
9781248761601
9781248761618
9781248761625
9781248761632
9781248761649
9781248761656
9781248761663
9781248761670
9781248761687
9781248761694
9781248761700
9781248761717
9781248761724
9781248761731
9781248761748
9781248761755
9781248761762
9781248761779
9781248761786
9781248761793
9781248761809
9781248761816
9781248761823
9781248761830
9781248761847
9781248761854
9781248761861
9781248761878
9781248761885
9781248761892
9781248761908
9781248761915
9781248761922
9781248761939
9781248761946
9781248761953
9781248761960
9781248761977
9781248761984
9781248761991
9781248762004
9781248762011
9781248762028
9781248762035
9781248762042
9781248762059
9781248762066
9781248762073
9781248762080
9781248762097
9781248762103
9781248762110
9781248762127
9781248762134
9781248762141
9781248762158
9781248762165
9781248762172
9781248762189
9781248762196
9781248762202
9781248762219
9781248762226
9781248762233
9781248762240
9781248762257
9781248762264
9781248762271
9781248762288
9781248762295
9781248762301
9781248762318
9781248762325
9781248762332
9781248762349
9781248762356
9781248762363
9781248762370
9781248762387
9781248762394
9781248762400
9781248762417
9781248762424
9781248762431
9781248762448
9781248762455
9781248762462
9781248762479
9781248762486
9781248762493
9781248762509
9781248762516
9781248762523
9781248762530
9781248762547
9781248762554
9781248762561
9781248762578
9781248762585
9781248762592
9781248762608
9781248762615
9781248762622
9781248762639
9781248762646
9781248762653
9781248762660
9781248762677
9781248762684
9781248762691
9781248762707
9781248762714
9781248762721
9781248762738
9781248762745
9781248762752
9781248762769
9781248762776
9781248762783
9781248762790
9781248762806
9781248762813
9781248762820
9781248762837
9781248762844
9781248762851
9781248762868
9781248762875
9781248762882
9781248762899
9781248762905
9781248762912
9781248762929
9781248762936
9781248762943
9781248762950
9781248762967
9781248762974
9781248762981
9781248762998
9781248763001
9781248763018
9781248763025
9781248763032
9781248763049
9781248763056
9781248763063
9781248763070
9781248763087
9781248763094
9781248763100
9781248763117
9781248763124
9781248763131
9781248763148
9781248763155
9781248763162
9781248763179
9781248763186
9781248763193
9781248763209
9781248763216
9781248763223
9781248763230
9781248763247
9781248763254
9781248763261
9781248763278
9781248763285
9781248763292
9781248763308
9781248763315
9781248763322
9781248763339
9781248763346
9781248763353
9781248763360
9781248763377
9781248763384
9781248763391
9781248763407
9781248763414
9781248763421
9781248763438
9781248763445
9781248763452
9781248763469
9781248763476
9781248763483
9781248763490
9781248763506
9781248763513
9781248763520
9781248763537
9781248763544
9781248763551
9781248763568
9781248763575
9781248763582
9781248763599
9781248763605
9781248763612
9781248763629
9781248763636
9781248763643
9781248763650
9781248763667
9781248763674
9781248763681
9781248763698
9781248763704
9781248763711
9781248763728
9781248763735
9781248763742
9781248763759
9781248763766
9781248763773
9781248763780
9781248763797
9781248763803
9781248763810
9781248763827
9781248763834
9781248763841
9781248763858
9781248763865
9781248763872
9781248763889
9781248763896
9781248763902
9781248763919
9781248763926
9781248763933
9781248763940
9781248763957
9781248763964
9781248763971
9781248763988
9781248763995
9781248764008
9781248764015
9781248764022
9781248764039
9781248764046
9781248764053
9781248764060
9781248764077
9781248764084
9781248764091
9781248764107
9781248764114
9781248764121
9781248764138
9781248764145
9781248764152
9781248764169
9781248764176
9781248764183
9781248764190
9781248764206
9781248764213
9781248764220
9781248764237
9781248764244
9781248764251
9781248764268
9781248764275
9781248764282
9781248764299
9781248764305
9781248764312
9781248764329
9781248764336
9781248764343
9781248764350
9781248764367
9781248764374
9781248764381
9781248764398
9781248764404
9781248764411
9781248764428
9781248764435
9781248764442
9781248764459
9781248764466
9781248764473
9781248764480
9781248764497
9781248764503
9781248764510
9781248764527
9781248764534
9781248764541
9781248764558
9781248764565
9781248764572
9781248764589
9781248764596
9781248764602
9781248764619
9781248764626
9781248764633
9781248764640
9781248764657
9781248764664
9781248764671
9781248764688
9781248764695
9781248764701
9781248764718
9781248764725
9781248764732
9781248764749
9781248764756
9781248764763
9781248764770
9781248764787
9781248764794
9781248764800
9781248764817
9781248764824
9781248764831
9781248764848
9781248764855
9781248764862
9781248764879
9781248764886
9781248764893
9781248764909
9781248764916
9781248764923
9781248764930
9781248764947
9781248764954
9781248764961
9781248764978
9781248764985
9781248764992
9781248765005
9781248765012
9781248765029
9781248765036
9781248765043
9781248765050
9781248765067
9781248765074
9781248765081
9781248765098
9781248765104
9781248765111
9781248765128
9781248765135
9781248765142
9781248765159
9781248765166
9781248765173
9781248765180
9781248765197
9781248765203
9781248765210
9781248765227
9781248765234
9781248765241
9781248765258
9781248765265
9781248765272
9781248765289
9781248765296
9781248765302
9781248765319
9781248765326
9781248765333
9781248765340
9781248765357
9781248765364
9781248765371
9781248765388
9781248765395
9781248765401
9781248765418
9781248765425
9781248765432
9781248765449
9781248765456
9781248765463
9781248765470
9781248765487
9781248765494
9781248765500
9781248765517
9781248765524
9781248765531
9781248765548
9781248765555
9781248765562
9781248765579
9781248765586
9781248765593
9781248765609
9781248765616
9781248765623
9781248765630
9781248765647
9781248765654
9781248765661
9781248765678
9781248765685
9781248765692
9781248765708
9781248765715
9781248765722
9781248765739
9781248765746
9781248765753
9781248765777
9781248765784
9781248765791
9781248765807
9781248765814
9781248765821
9781248765838
9781248765845
9781248765852
9781248765869
9781248765876
9781248765883
9781248765890
9781248765906
9781248765913
9781248765920
9781248765937
9781248765944
9781248765951
9781248765968
9781248765975
9781248765982
9781248765999
9781248766002
9781248766019
9781248766026
9781248766033
9781248766040
9781248766057
9781248766064
9781248766071
9781248766088
9781248766095
9781248766101
9781248766118
9781248766125
9781248766132
9781248766149
9781248766156
9781248766163
9781248766170
9781248766187
9781248766194
9781248766200
9781248766217
9781248766224
9781248766231
9781248766248
9781248766255
9781248766262
9781248766279
9781248766286
9781248766293
9781248766309
9781248766316
9781248766323
9781248766330
9781248766347
9781248766354
9781248766361
9781248766378
9781248766385
9781248766392
9781248766408
9781248766415
9781248766422
9781248766439
9781248766446
9781248766453
9781248766460
9781248766477
9781248766484
9781248766491
9781248766507
9781248766514
9781248766521
9781248766538
9781248766545
9781248766552
9781248766569
9781248766576
9781248766583
9781248766590
9781248766606
9781248766613
9781248766620
9781248766637
9781248766644
9781248766651
9781248766668
9781248766675
9781248766682
9781248766699
9781248766705
9781248766712
9781248766729
9781248766736
9781248766743
9781248766750
9781248766767
9781248766774
9781248766781
9781248766798
9781248766804
9781248766811
9781248766828
9781248766835
9781248766842
9781248766859
9781248766866
9781248766873
9781248766880
9781248766897
9781248766903
9781248766910
9781248766927
9781248766934
9781248766941
9781248766958
9781248766965
9781248766972
9781248766989
9781248766996
9781248767009
9781248767016
9781248767023
9781248767030
9781248767054
9781248767061
9781248767078
9781248767085
9781248767092
9781248767108
9781248767115
9781248767122
9781248767139
9781248767146
9781248767153
9781248767160
9781248767177
9781248767184
9781248767191
9781248767207
9781248767214
9781248767221
9781248767238
9781248767245
9781248767252
9781248767269
9781248767276
9781248767283
9781248767290
9781248767306
9781248767313
9781248767320
9781248767337
9781248767344
9781248767351
9781248767368
9781248767375
9781248767382
9781248767399
9781248767405
9781248767412
9781248767429
9781248767436
9781248767443
9781248767450
9781248767467
9781248767474
9781248767481
9781248767498
9781248767504
9781248767511
9781248767528
9781248767535
9781248767542
9781248767559
9781248767566
9781248767573
9781248767580
9781248767597
9781248767603
9781248767610
9781248767627
9781248767634
9781248767658
9781248767665
9781248767672
9781248767689
9781248767696
9781248767702
9781248767719
9781248767726
9781248767733
9781248767740
9781248767757
9781248767764
9781248767771
9781248767788
9781248767795
9781248767801
9781248767818
9781248767825
9781248767832
9781248767849
9781248767856
9781248767863
9781248767870
9781248767887
9781248767894
9781248767900
9781248767917
9781248767924
9781248767931
9781248767948
9781248767955
9781248767962
9781248767979
9781248767986
9781248767993
9781248768006
9781248768013
9781248768020
9781248768037
9781248768044
9781248768051
9781248768068
9781248768075
9781248768082
9781248768099
9781248768105
9781248768112
9781248768129
9781248768136
9781248768143
9781248768150
9781248768174
9781248768181
9781248768198
9781248768204
9781248768211
9781248768228
9781248768235
9781248768242
9781248768259
9781248768266
9781248768273
9781248768280
9781248768297
9781248768303
9781248768310
9781248768327
9781248768334
9781248768341
9781248768358
9781248768365
9781248768372
9781248768389
9781248768396
9781248768402
9781248768419
9781248768426
9781248768433
9781248768440
9781248768457
9781248768464
9781248768471
9781248768488
9781248768495
9781248768501
9781248768518
9781248768525
9781248768532
9781248768549
9781248768556
9781248768563
9781248768570
9781248768587
9781248768594
9781248768600
9781248768617
9781248768624
9781248768631
9781248768648
9781248768655
9781248768662
9781248768679
9781248768686
9781248768693
9781248768709
9781248768716
9781248768723
9781248768730
9781248768747
9781248768754
9781248768761
9781248768778
9781248768785
9781248768792
9781248768808
9781248768815
9781248768822
9781248768839
9781248768846
9781248768853
9781248768860
9781248768877
9781248768884
9781248768891
9781248768907
9781248768914
9781248768921
9781248768938
9781248768945
9781248768952
9781248768969
9781248768976
9781248768983
9781248768990
9781248769003
9781248769010
9781248769027
9781248769034
9781248769041
9781248769058
9781248769065
9781248769072
9781248769089
9781248769096
9781248769102
9781248769119
9781248769126
9781248769133
9781248769140
9781248769157
9781248769164
9781248769171
9781248769188
9781248769195
9781248769201
9781248769218
9781248769225
9781248769232
9781248769249
9781248769256
9781248769263
9781248769270
9781248769287
9781248769294
9781248769300
9781248769317
9781248769324
9781248769331
9781248769348
9781248769355
9781248769362
9781248769379
9781248769386
9781248769393
9781248769409
9781248769416
9781248769423
9781248769430
9781248769447
9781248769454
9781248769461
9781248769478
9781248769485
9781248769492
9781248769508
9781248769515
9781248769522
9781248769539
9781248769546
9781248769553
9781248769560
9781248769577
9781248769584
9781248769591
9781248769607
9781248769614
9781248769621
9781248769638
9781248769645
9781248769652
9781248769669
9781248769676
9781248769683
9781248769690
9781248769706
9781248769713
9781248769720
9781248769737
9781248769744
9781248769751
9781248769768
9781248769775
9781248769782
9781248769799
9781248769805
9781248769812
9781248769829
9781248769836
9781248769843
9781248769850
9781248769867
9781248769874
9781248769881
9781248769898
9781248769904
9781248769911
9781248769928
9781248769935
9781248769942
9781248769959
9781248769966
9781248769973
9781248769980
9781248769997
9781248770009
9781248770016
9781248770023
9781248770030
9781248770047
9781248770054
9781248770061
9781248770078
9781248770085
9781248770092
9781248770108
9781248770115
9781248770122
9781248770139
9781248770146
9781248770153
9781248770160
9781248770177
9781248770184
9781248770191
9781248770207
9781248770214
9781248770221
9781248770238
9781248770245
9781248770252
9781248770269
9781248770276
9781248770283
9781248770290
9781248770306
9781248770313
9781248770320
9781248770337
9781248770344
9781248770351
9781248770368
9781248770375
9781248770382
9781248770399
9781248770405
9781248770412
9781248770429
9781248770436
9781248770443
9781248770450
9781248770467
9781248770474
9781248770481
9781248770498
9781248770504
9781248770511
9781248770528
9781248770535
9781248770542
9781248770559
9781248770566
9781248770573
9781248770580
9781248770597
9781248770603
9781248770610
9781248770627
9781248770634
9781248770641
9781248770658
9781248770665
9781248770672
9781248770689
9781248770696
9781248770702
9781248770719
9781248770726
9781248770733
9781248770740
9781248770757
9781248770764
9781248770771
9781248770788
9781248770795
9781248770801
9781248770818
9781248770825
9781248770832
9781248770849
9781248770856
9781248770863
9781248770870
9781248770887
9781248770894
9781248770900
9781248770917
9781248770924
9781248770931
9781248770948
9781248770955
9781248770962
9781248770979
9781248770986
9781248770993
9781248771006
9781248771013
9781248771020
9781248771037
9781248771044
9781248771051
9781248771068
9781248771075
9781248771082
9781248771099
9781248771105
9781248771112
9781248771129
9781248771136
9781248771143
9781248771150
9781248771167
9781248771174
9781248771181
9781248771198
9781248771204
9781248771211
9781248771228
9781248771235
9781248771242
9781248771259
9781248771266
9781248771273
9781248771280
9781248771297
9781248771303
9781248771310
9781248771327
9781248771334
9781248771341
9781248771358
9781248771365
9781248771372
9781248771389
9781248771396
9781248771402
9781248771419
9781248771426
9781248771433
9781248771440
9781248771457
9781248771464
9781248771471
9781248771488
9781248771495
9781248771501
9781248771518
9781248771525
9781248771532
9781248771549
9781248771556
9781248771563
9781248771570
9781248771587
9781248771594
9781248771600
9781248771617
9781248771624
9781248771631
9781248771648
9781248771655
9781248771662
9781248771679
9781248771686
9781248771693
9781248771709
9781248771716
9781248771723
9781248771730
9781248771747
9781248771754
9781248771761
9781248771778
9781248771785
9781248771792
9781248771808
9781248771815
9781248771822
9781248771839
9781248771846
9781248771853
9781248771860
9781248771877
9781248771884
9781248771891
9781248771907
9781248771914
9781248771921
9781248771938
9781248771945
9781248771952
9781248771969
9781248771976
9781248771983
9781248771990
9781248772003
9781248772010
9781248772027
9781248772034
9781248772041
9781248772058
9781248772065
9781248772072
9781248772089
9781248772096
9781248772102
9781248772119
9781248772126
9781248772133
9781248772140
9781248772157
9781248772164
9781248772171
9781248772188
9781248772195
9781248772201
9781248772218
9781248772225
9781248772232
9781248772249
9781248772256
9781248772263
9781248772270
9781248772287
9781248772294
9781248772300
9781248772317
9781248772324
9781248772331
9781248772348
9781248772355
9781248772362
9781248772379
9781248772386
9781248772393
9781248772409
9781248772416
9781248772423
9781248772430
9781248772447
9781248772454
9781248772461
9781248772478
9781248772485
9781248772492
9781248772508
9781248772515
9781248772522
9781248772539
9781248772546
9781248772553
9781248772560
9781248772577
9781248772584
9781248772591
9781248772607
9781248772614
9781248772621
9781248772638
9781248772645
9781248772652
9781248772669
9781248772676
9781248772683
9781248772690
9781248772706
9781248772713
9781248772720
9781248772737
9781248772744
9781248772751
9781248772768
9781248772775
9781248772782
9781248772799
9781248772805
9781248772812
9781248772829
9781248772836
9781248772843
9781248772850
9781248772867
9781248772874
9781248772881
9781248772898
9781248772904
9781248772911
9781248772928
9781248772935
9781248772942
9781248772959
9781248772966
9781248772973
9781248772980
9781248772997
9781248773000
9781248773017
9781248773024
9781248773031
9781248773048
9781248773055
9781248773062
9781248773079
9781248773086
9781248773093
9781248773109
9781248773116
9781248773123
9781248773130
9781248773147
9781248773154
9781248773161
9781248773178
9781248773185
9781248773192
9781248773208
9781248773215
9781248773222
9781248773239
9781248773246
9781248773253
9781248773260
9781248773277
9781248773284
9781248773291
9781248773307
9781248773314
9781248773321
9781248773338
9781248773345
9781248773352
9781248773369
9781248773376
9781248773383
9781248773390
9781248773406
9781248773413
9781248773420
9781248773437
9781248773444
9781248773451
9781248773468
9781248773475
9781248773482
9781248773499
9781248773505
9781248773512
9781248773529
9781248773536
9781248773543
9781248773550
9781248773567
9781248773574
9781248773581
9781248773598
9781248773604
9781248773611
9781248773628
9781248773635
9781248773642
9781248773659
9781248773666
9781248773673
9781248773680
9781248773697
9781248773703
9781248773710
9781248773727
9781248773734
9781248773741
9781248773758
9781248773765
9781248773772
9781248773789
9781248773796
9781248773802
9781248773819
9781248773826
9781248773833
9781248773840
9781248773857
9781248773864
9781248773871
9781248773888
9781248773895
9781248773901
9781248773918
9781248773925
9781248773932
9781248773949
9781248773956
9781248773963
9781248773970
9781248773987
9781248773994
9781248774007
9781248774014
9781248774021
9781248774038
9781248774045
9781248774052
9781248774069
9781248774076
9781248774083
9781248774090
9781248774106
9781248774113
9781248774120
9781248774137
9781248774144
9781248774151
9781248774168
9781248774175
9781248774182
9781248774199
9781248774205
9781248774212
9781248774229
9781248774236
9781248774243
9781248774250
9781248774267
9781248774274
9781248774281
9781248774298
9781248774304
9781248774311
9781248774328
9781248774335
9781248774342
9781248774359
9781248774366
9781248774373
9781248774380
9781248774397
9781248774403
9781248774410
9781248774427
9781248774434
9781248774441
9781248774458
9781248774465
9781248774472
9781248774489
9781248774496
9781248774502
9781248774519
9781248774526
9781248774533
9781248774540
9781248774557
9781248774564
9781248774571
9781248774588
9781248774595
9781248774601
9781248774618
9781248774625
9781248774632
9781248774649
9781248774656
9781248774663
9781248774670
9781248774687
9781248774694
9781248774700
9781248774717
9781248774724
9781248774731
9781248774748
9781248774755
9781248774762
9781248774779
9781248774786
9781248774793
9781248774809
9781248774816
9781248774823
9781248774830
9781248774847
9781248774854
9781248774861
9781248774878
9781248774885
9781248774892
9781248774908
9781248774915
9781248774922
9781248774939
9781248774946
9781248774953
9781248774960
9781248774977
9781248774984
9781248774991
9781248775004
9781248775011
9781248775028
9781248775035
9781248775042
9781248775059
9781248775066
9781248775073
9781248775080
9781248775097
9781248775103
9781248775110
9781248775127
9781248775134
9781248775141
9781248775158
9781248775165
9781248775172
9781248775189
9781248775196
9781248775202
9781248775219
9781248775226
9781248775233
9781248775240
9781248775257
9781248775264
9781248775271
9781248775288
9781248775295
9781248775301
9781248775318
9781248775325
9781248775332
9781248775349
9781248775356
9781248775363
9781248775370
9781248775387
9781248775394
9781248775400
9781248775417
9781248775424
9781248775431
9781248775448
9781248775455
9781248775462
9781248775479
9781248775486
9781248775493
9781248775509
9781248775516
9781248775523
9781248775530
9781248775547
9781248775554
9781248775561
9781248775578
9781248775585
9781248775592
9781248775608
9781248775615
9781248775622
9781248775639
9781248775646
9781248775653
9781248775660
9781248775677
9781248775684
9781248775691
9781248775707
9781248775714
9781248775721
9781248775738
9781248775745
9781248775752
9781248775769
9781248775776
9781248775783
9781248775790
9781248775806
9781248775813
9781248775820
9781248775837
9781248775844
9781248775851
9781248775868
9781248775875
9781248775882
9781248775899
9781248775905
9781248775912
9781248775929
9781248775936
9781248775943
9781248775950
9781248775967
9781248775974
9781248775981
9781248775998
9781248776001
9781248776018
9781248776025
9781248776032
9781248776049
9781248776056
9781248776063
9781248776070
9781248776087
9781248776094
9781248776100
9781248776117
9781248776124
9781248776131
9781248776148
9781248776155
9781248776162
9781248776179
9781248776186
9781248776193
9781248776209
9781248776216
9781248776223
9781248776230
9781248776247
9781248776254
9781248776261
9781248776278
9781248776285
9781248776292
9781248776308
9781248776315
9781248776322
9781248776339
9781248776346
9781248776353
9781248776360
9781248776377
9781248776384
9781248776391
9781248776407
9781248776414
9781248776421
9781248776438
9781248776445
9781248776452
9781248776469
9781248776476
9781248776483
9781248776490
9781248776506
9781248776513
9781248776520
9781248776544
9781248776551
9781248776568
9781248776575
9781248776582
9781248776599
9781248776605
9781248776612
9781248776629
9781248776636
9781248776643
9781248776650
9781248776667
9781248776674
9781248776681
9781248776698
9781248776704
9781248776711
9781248776728
9781248776735
9781248776742
9781248776759
9781248776766
9781248776773
9781248776780
9781248776797
9781248776803
9781248776810
9781248776827
9781248776834
9781248776841
9781248776858
9781248776865
9781248776872
9781248776889
9781248776896
9781248776902
9781248776919
9781248776926
9781248776933
9781248776940
9781248776957
9781248776964
9781248776971
9781248776988
9781248776995
9781248777008
9781248777015
9781248777022
9781248777039
9781248777046
9781248777053
9781248777060
9781248777077
9781248777084
9781248777091
9781248777107
9781248777114
9781248777121
9781248777138
9781248777145
9781248777152
9781248777169
9781248777176
9781248777183
9781248777190
9781248777206
9781248777213
9781248777220
9781248777237
9781248777244
9781248777251
9781248777268
9781248777275
9781248777282
9781248777299
9781248777305
9781248777312
9781248777329
9781248777336
9781248777343
9781248777350
9781248777367
9781248777374
9781248777381
9781248777398
9781248777404
9781248777411
9781248777428
9781248777435
9781248777442
9781248777459
9781248777466
9781248777473
9781248777480
9781248777497
9781248777503
9781248777510
9781248777527
9781248777534
9781248777541
9781248777558
9781248777565
9781248777572
9781248777589
9781248777596
9781248777602
9781248777619
9781248777626
9781248777633
9781248777640
9781248777657
9781248777664
9781248777671
9781248777688
9781248777695
9781248777701
9781248777718
9781248777725
9781248777732
9781248777749
9781248777756
9781248777763
9781248777770
9781248777787
9781248777794
9781248777800
9781248777817
9781248777824
9781248777831
9781248777848
9781248777855
9781248777862
9781248777879
9781248777886
9781248777893
9781248777909
9781248777916
9781248777923
9781248777930
9781248777947
9781248777954
9781248777961
9781248777978
9781248777985
9781248777992
9781248778005
9781248778012
9781248778029
9781248778036
9781248778043
9781248778050
9781248778067
9781248778074
9781248778081
9781248778098
9781248778104
9781248778111
9781248778128
9781248778135
9781248778142
9781248778159
9781248778166
9781248778173
9781248778180
9781248778197
9781248778203
9781248778210
9781248778227
9781248778234
9781248778241
9781248778258
9781248778265
9781248778272
9781248778289
9781248778296
9781248778302
9781248778319
9781248778326
9781248778333
9781248778340
9781248778357
9781248778364
9781248778371
9781248778388
9781248778395
9781248778401
9781248778418
9781248778425
9781248778432
9781248778449
9781248778456
9781248778463
9781248778470
9781248778487
9781248778494
9781248778500
9781248778517
9781248778524
9781248778531
9781248778548
9781248778555
9781248778562
9781248778579
9781248778586
9781248778593
9781248778609
9781248778616
9781248778623
9781248778630
9781248778647
9781248778654
9781248778661
9781248778678
9781248778685
9781248778692
9781248778708
9781248778715
9781248778722
9781248778739
9781248778746
9781248778753
9781248778760
9781248778777
9781248778784
9781248778791
9781248778807
9781248778814
9781248778821
9781248778838
9781248778845
9781248778852
9781248778869
9781248778876
9781248778883
9781248778890
9781248778906
9781248778913
9781248778920
9781248778937
9781248778944
9781248778951
9781248778968
9781248778975
9781248778982
9781248778999
9781248779002
9781248779019
9781248779026
9781248779033
9781248779040
9781248779057
9781248779064
9781248779071
9781248779088
9781248779095
9781248779101
9781248779118
9781248779125
9781248779132
9781248779149
9781248779156
9781248779163
9781248779170
9781248779187
9781248779194
9781248779200
9781248779217
9781248779224
9781248779231
9781248779248
9781248779255
9781248779262
9781248779279
9781248779286
9781248779293
9781248779309
9781248779316
9781248779323
9781248779330
9781248779347
9781248779354
9781248779361
9781248779378
9781248779385
9781248779392
9781248779408
9781248779415
9781248779422
9781248779439
9781248779446
9781248779453
9781248779460
9781248779477
9781248779484
9781248779491
9781248779507
9781248779514
9781248779521
9781248779538
9781248779545
9781248779552
9781248779569
9781248779576
9781248779583
9781248779590
9781248779606
9781248779613
9781248779620
9781248779637
9781248779644
9781248779651
9781248779668
9781248779675
9781248779682
9781248779699
9781248779705
9781248779712
9781248779729
9781248779736
9781248779743
9781248779750
9781248779767
9781248779774
9781248779781
9781248779798
9781248779804
9781248779811
9781248779828
9781248779835
9781248779842
9781248779859
9781248779866
9781248779873
9781248779880
9781248779897
9781248779903
9781248779910
9781248779927
9781248779934
9781248779941
9781248779958
9781248779965
9781248779972
9781248779989
9781248779996
9781248780008
9781248780015
9781248780022
9781248780039
9781248780053
9781248780060
9781248780077
9781248780084
9781248780091
9781248780107
9781248780114
9781248780121
9781248780138
9781248780145
9781248780152
9781248780169
9781248780176
9781248780183
9781248780190
9781248780206
9781248780213
9781248780220
9781248780237
9781248780244
9781248780251
9781248780268
9781248780275
9781248780282
9781248780299
9781248780305
9781248780312
9781248780329
9781248780336
9781248780343
9781248780350
9781248780367
9781248780374
9781248780381
9781248780398
9781248780404
9781248780411
9781248780428
9781248780435
9781248780442
9781248780459
9781248780466
9781248780473
9781248780480
9781248780497
9781248780503
9781248780510
9781248780527
9781248780534
9781248780541
9781248780558
9781248780565
9781248780572
9781248780589
9781248780596
9781248780602
9781248780619
9781248780626
9781248780633
9781248780640
9781248780657
9781248780664
9781248780671
9781248780688
9781248780695
9781248780701
9781248780718
9781248780725
9781248780732
9781248780749
9781248780756
9781248780763
9781248780770
9781248780787
9781248780794
9781248780800
9781248780817
9781248780824
9781248780831
9781248780848
9781248780855
9781248780862
9781248780879
9781248780886
9781248780893
9781248780909
9781248780916
9781248780923
9781248780930
9781248780947
9781248780954
9781248780961
9781248780978
9781248780985
9781248780992
9781248781005
9781248781012
9781248781029
9781248781036
9781248781043
9781248781050
9781248781067
9781248781074
9781248781081
9781248781098
9781248781104
9781248781111
9781248781128
9781248781135
9781248781142
9781248781159
9781248781166
9781248781173
9781248781180
9781248781197
9781248781203
9781248781210
9781248781227
9781248781234
9781248781241
9781248781258
9781248781265
9781248781272
9781248781289
9781248781296
9781248781302
9781248781319
9781248781326
9781248781333
9781248781340
9781248781357
9781248781364
9781248781371
9781248781388
9781248781395
9781248781401
9781248781418
9781248781425
9781248781432
9781248781449
9781248781456
9781248781463
9781248781470
9781248781487
9781248781494
9781248781500
9781248781517
9781248781524
9781248781531
9781248781548
9781248781555
9781248781562
9781248781579
9781248781586
9781248781593
9781248781609
9781248781616
9781248781623
9781248781630
9781248781647
9781248781654
9781248781661
9781248781678
9781248781685
9781248781692
9781248781708
9781248781715
9781248781722
9781248781739
9781248781746
9781248781753
9781248781760
9781248781777
9781248781784
9781248781791
9781248781807
9781248781814
9781248781821
9781248781838
9781248781845
9781248781852
9781248781869
9781248781876
9781248781883
9781248781890
9781248781906
9781248781913
9781248781920
9781248781937
9781248781944
9781248781951
9781248781968
9781248781975
9781248781982
9781248781999
9781248782002
9781248782019
9781248782026
9781248782033
9781248782040
9781248782057
9781248782064
9781248782071
9781248782088
9781248782095
9781248782101
9781248782118
9781248782125
9781248782132
9781248782149
9781248782156
9781248782163
9781248782170
9781248782187
9781248782194
9781248782200
9781248782217
9781248782224
9781248782231
9781248782248
9781248782255
9781248782262
9781248782279
9781248782286
9781248782293
9781248782309
9781248782316
9781248782323
9781248782330
9781248782347
9781248782354
9781248782361
9781248782378
9781248782385
9781248782392
9781248782408
9781248782415
9781248782422
9781248782439
9781248782446
9781248782453
9781248782460
9781248782477
9781248782484
9781248782491
9781248782507
9781248782514
9781248782521
9781248782538
9781248782545
9781248782552
9781248782569
9781248782576
9781248782583
9781248782590
9781248782606
9781248782613
9781248782620
9781248782637
9781248782644
9781248782651
9781248782668
9781248782675
9781248782682
9781248782699
9781248782705
9781248782712
9781248782729
9781248782736
9781248782743
9781248782750
9781248782767
9781248782774
9781248782781
9781248782798
9781248782804
9781248782811
9781248782828
9781248782835
9781248782842
9781248782859
9781248782866
9781248782873
9781248782880
9781248782897
9781248782903
9781248782910
9781248782927
9781248782934
9781248782941
9781248782958
9781248782965
9781248782972
9781248782989
9781248782996
9781248783009
9781248783016
9781248783023
9781248783030
9781248783047
9781248783054
9781248783061
9781248783078
9781248783085
9781248783092
9781248783108
9781248783115
9781248783122
9781248783139
9781248783146
9781248783153
9781248783160
9781248783177
9781248783184
9781248783191
9781248783207
9781248783214
9781248783221
9781248783238
9781248783245
9781248783252
9781248783269
9781248783276
9781248783283
9781248783290
9781248783306
9781248783313
9781248783320
9781248783337
9781248783344
9781248783351
9781248783368
9781248783375
9781248783382
9781248783399
9781248783405
9781248783412
9781248783429
9781248783436
9781248783443
9781248783450
9781248783467
9781248783474
9781248783481
9781248783498
9781248783504
9781248783511
9781248783528
9781248783535
9781248783542
9781248783559
9781248783566
9781248783573
9781248783580
9781248783597
9781248783603
9781248783610
9781248783627
9781248783634
9781248783641
9781248783658
9781248783665
9781248783672
9781248783689
9781248783696
9781248783702
9781248783719
9781248783726
9781248783733
9781248783740
9781248783757
9781248783764
9781248783771
9781248783788
9781248783795
9781248783801
9781248783818
9781248783825
9781248783832
9781248783849
9781248783856
9781248783863
9781248783870
9781248783887
9781248783894
9781248783900
9781248783917
9781248783924
9781248783931
9781248783948
9781248783955
9781248783962
9781248783979
9781248783986
9781248783993
9781248784006
9781248784013
9781248784020
9781248784037
9781248784044
9781248784051
9781248784068
9781248784075
9781248784082
9781248784099
9781248784105
9781248784112
9781248784129
9781248784136
9781248784143
9781248784150
9781248784167
9781248784174
9781248784181
9781248784198
9781248784204
9781248784211
9781248784228
9781248784235
9781248784242
9781248784259
9781248784266
9781248784273
9781248784280
9781248784297
9781248784303
9781248784310
9781248784327
9781248784334
9781248784341
9781248784358
9781248784365
9781248784372
9781248784389
9781248784396
9781248784402
9781248784419
9781248784426
9781248784433
9781248784440
9781248784457
9781248784464
9781248784471
9781248784488
9781248784495
9781248784501
9781248784518
9781248784525
9781248784532
9781248784549
9781248784556
9781248784563
9781248784570
9781248784587
9781248784594
9781248784600
9781248784617
9781248784624
9781248784631
9781248784648
9781248784655
9781248784662
9781248784679
9781248784686
9781248784693
9781248784709
9781248784716
9781248784723
9781248784730
9781248784747
9781248784754
9781248784761
9781248784778
9781248784785
9781248784792
9781248784808
9781248784815
9781248784822
9781248784839
9781248784846
9781248784853
9781248784860
9781248784877
9781248784884
9781248784891
9781248784907
9781248784914
9781248784921
9781248784938
9781248784945
9781248784952
9781248784969
9781248784976
9781248784983
9781248784990
9781248785003
9781248785010
9781248785027
9781248785034
9781248785041
9781248785058
9781248785065
9781248785072
9781248785089
9781248785096
9781248785102
9781248785119
9781248785126
9781248785133
9781248785140
9781248785157
9781248785164
9781248785171
9781248785188
9781248785195
9781248785201
9781248785218
9781248785225
9781248785232
9781248785249
9781248785256
9781248785263
9781248785270
9781248785287
9781248785294
9781248785300
9781248785317
9781248785324
9781248785331
9781248785348
9781248785355
9781248785362
9781248785379
9781248785386
9781248785393
9781248785409
9781248785416
9781248785423
9781248785430
9781248785447
9781248785454
9781248785461
9781248785478
9781248785485
9781248785492
9781248785508
9781248785515
9781248785522
9781248785539
9781248785546
9781248785553
9781248785560
9781248785577
9781248785584
9781248785591
9781248785607
9781248785614
9781248785621
9781248785638
9781248785645
9781248785652
9781248785669
9781248785676
9781248785683
9781248785690
9781248785706
9781248785713
9781248785720
9781248785737
9781248785744
9781248785751
9781248785768
9781248785775
9781248785782
9781248785799
9781248785805
9781248785812
9781248785829
9781248785836
9781248785843
9781248785850
9781248785867
9781248785874
9781248785881
9781248785898
9781248785904
9781248785911
9781248785928
9781248785935
9781248785942
9781248785959
9781248785966
9781248785973
9781248785980
9781248785997
9781248786000
9781248786017
9781248786024
9781248786031
9781248786048
9781248786055
9781248786062
9781248786079
9781248786086
9781248786093
9781248786109
9781248786116
9781248786123
9781248786130
9781248786147
9781248786154
9781248786161
9781248786178
9781248786185
9781248786192
9781248786208
9781248786215
9781248786222
9781248786239
9781248786246
9781248786253
9781248786260
9781248786277
9781248786284
9781248786291
9781248786307
9781248786314
9781248786321
9781248786338
9781248786345
9781248786352
9781248786369
9781248786376
9781248786383
9781248786390
9781248786406
9781248786413
9781248786420
9781248786437
9781248786444
9781248786451
9781248786468
9781248786475
9781248786482
9781248786499
9781248786505
9781248786512
9781248786529
9781248786536
9781248786543
9781248786550
9781248786567
9781248786574
9781248786581
9781248786598
9781248786604
9781248786611
9781248786628
9781248786635
9781248786642
9781248786659
9781248786666
9781248786673
9781248786680
9781248786697
9781248786703
9781248786710
9781248786727
9781248786734
9781248786741
9781248786758
9781248786765
9781248786772
9781248786789
9781248786796
9781248786802
9781248786819
9781248786826
9781248786833
9781248786840
9781248786857
9781248786864
9781248786871
9781248786888
9781248786895
9781248786901
9781248786918
9781248786925
9781248786932
9781248786949
9781248786956
9781248786963
9781248786970
9781248786987
9781248786994
9781248787007
9781248787014
9781248787021
9781248787038
9781248787045
9781248787052
9781248787069
9781248787076
9781248787083
9781248787090
9781248787106
9781248787113
9781248787120
9781248787137
9781248787144
9781248787151
9781248787168
9781248787175
9781248787182
9781248787199
9781248787205
9781248787212
9781248787229
9781248787236
9781248787243
9781248787250
9781248787267
9781248787274
9781248787281
9781248787298
9781248787304
9781248787311
9781248787328
9781248787335
9781248787342
9781248787359
9781248787366
9781248787373
9781248787380
9781248787397
9781248787403
9781248787410
9781248787427
9781248787434
9781248787441
9781248787458
9781248787465
9781248787472
9781248787489
9781248787496
9781248787502
9781248787519
9781248787526
9781248787533
9781248787540
9781248787557
9781248787564
9781248787571
9781248787588
9781248787595
9781248787601
9781248787618
9781248787625
9781248787632
9781248787649
9781248787656
9781248787663
9781248787670
9781248787687
9781248787694
9781248787700
9781248787717
9781248787724
9781248787731
9781248787748
9781248787755
9781248787762
9781248787779
9781248787786
9781248787793
9781248787809
9781248787816
9781248787823
9781248787830
9781248787847
9781248787854
9781248787861
9781248787878
9781248787885
9781248787892
9781248787908
9781248787915
9781248787922
9781248787939
9781248787946
9781248787953
9781248787960
9781248787977
9781248787984
9781248787991
9781248788004
9781248788011
9781248788028
9781248788035
9781248788042
9781248788059
9781248788066
9781248788073
9781248788080
9781248788097
9781248788103
9781248788110
9781248788127
9781248788134
9781248788141
9781248788158
9781248788165
9781248788172
9781248788189
9781248788196
9781248788202
9781248788219
9781248788226
9781248788233
9781248788240
9781248788257
9781248788264
9781248788271
9781248788288
9781248788295
9781248788301
9781248788318
9781248788325
9781248788332
9781248788349
9781248788356
9781248788363
9781248788370
9781248788387
9781248788394
9781248788400
9781248788417
9781248788424
9781248788431
9781248788448
9781248788455
9781248788462
9781248788479
9781248788486
9781248788493
9781248788509
9781248788516
9781248788523
9781248788530
9781248788547
9781248788554
9781248788561
9781248788578
9781248788585
9781248788592
9781248788608
9781248788615
9781248788622
9781248788639
9781248788646
9781248788653
9781248788660
9781248788677
9781248788684
9781248788691
9781248788707
9781248788714
9781248788721
9781248788738
9781248788745
9781248788752
9781248788769
9781248788776
9781248788783
9781248788790
9781248788806
9781248788813
9781248788820
9781248788837
9781248788844
9781248788851
9781248788868
9781248788875
9781248788882
9781248788899
9781248788905
9781248788912
9781248788929
9781248788936
9781248788943
9781248788950
9781248788967
9781248788974
9781248788981
9781248788998
9781248789001
9781248789018
9781248789025
9781248789032
9781248789049
9781248789056
9781248789063
9781248789070
9781248789087
9781248789094
9781248789100
9781248789117
9781248789124
9781248789131
9781248789148
9781248789155
9781248789162
9781248789179
9781248789186
9781248789193
9781248789209
9781248789216
9781248789223
9781248789230
9781248789247
9781248789254
9781248789261
9781248789278
9781248789285
9781248789292
9781248789308
9781248789322
9781248789339
9781248789346
9781248789353
9781248789360
9781248789377
9781248789384
9781248789391
9781248789407
9781248789414
9781248789421
9781248789438
9781248789445
9781248789452
9781248789469
9781248789476
9781248789483
9781248789490
9781248789506
9781248789513
9781248789520
9781248789537
9781248789544
9781248789551
9781248789568
9781248789575
9781248789582
9781248789599
9781248789605
9781248789612
9781248789629
9781248789636
9781248789643
9781248789650
9781248789667
9781248789674
9781248789681
9781248789698
9781248789704
9781248789711
9781248789728
9781248789735
9781248789742
9781248789759
9781248789766
9781248789773
9781248789780
9781248789797
9781248789803
9781248789810
9781248789827
9781248789834
9781248789841
9781248789858
9781248789865
9781248789872
9781248789889
9781248789896
9781248789902
9781248789919
9781248789926
9781248789933
9781248789940
9781248789957
9781248789964
9781248789971
9781248789988
9781248789995
9781248790007
9781248790014
9781248790021
9781248790038
9781248790045
9781248790052
9781248790069
9781248790076
9781248790083
9781248790090
9781248790106
9781248790113
9781248790120
9781248790137
9781248790144
9781248790151
9781248790168
9781248790175
9781248790182
9781248790199
9781248790205
9781248790212
9781248790229
9781248790236
9781248790243
9781248790250
9781248790267
9781248790274
9781248790281
9781248790298
9781248790304
9781248790311
9781248790328
9781248790335
9781248790342
9781248790359
9781248790366
9781248790373
9781248790380
9781248790397
9781248790403
9781248790410
9781248790427
9781248790434
9781248790441
9781248790458
9781248790465
9781248790472
9781248790489
9781248790496
9781248790502
9781248790519
9781248790526
9781248790533
9781248790540
9781248790557
9781248790564
9781248790571
9781248790588
9781248790595
9781248790601
9781248790618
9781248790625
9781248790632
9781248790649
9781248790656
9781248790663
9781248790670
9781248790687
9781248790694
9781248790700
9781248790717
9781248790724
9781248790731
9781248790748
9781248790755
9781248790762
9781248790779
9781248790786
9781248790793
9781248790809
9781248790816
9781248790823
9781248790830
9781248790847
9781248790854
9781248790861
9781248790878
9781248790885
9781248790892
9781248790908
9781248790915
9781248790922
9781248790939
9781248790946
9781248790953
9781248790960
9781248790977
9781248790984
9781248790991
9781248791004
9781248791011
9781248791028
9781248791035
9781248791042
9781248791059
9781248791066
9781248791073
9781248791080
9781248791097
9781248791103
9781248791110
9781248791127
9781248791134
9781248791141
9781248791158
9781248791165
9781248791172
9781248791189
9781248791196
9781248791202
9781248791219
9781248791226
9781248791233
9781248791240
9781248791257
9781248791264
9781248791271
9781248791288
9781248791295
9781248791301
9781248791318
9781248791325
9781248791332
9781248791349
9781248791356
9781248791363
9781248791370
9781248791387
9781248791394
9781248791400
9781248791417
9781248791424
9781248791431
9781248791448
9781248791455
9781248791462
9781248791479
9781248791486
9781248791493
9781248791509
9781248791516
9781248791523
9781248791530
9781248791547
9781248791554
9781248791561
9781248791578
9781248791585
9781248791592
9781248791608
9781248791615
9781248791622
9781248791639
9781248791646
9781248791653
9781248791660
9781248791677
9781248791684
9781248791691
9781248791707
9781248791714
9781248791721
9781248791738
9781248791745
9781248791752
9781248791769
9781248791776
9781248791783
9781248791790
9781248791806
9781248791813
9781248791820
9781248791837
9781248791844
9781248791851
9781248791868
9781248791875
9781248791882
9781248791899
9781248791905
9781248791912
9781248791929
9781248791936
9781248791943
9781248791950
9781248791967
9781248791974
9781248791981
9781248791998
9781248792001
9781248792018
9781248792025
9781248792032
9781248792049
9781248792056
9781248792063
9781248792070
9781248792087
9781248792094
9781248792100
9781248792117
9781248792124
9781248792131
9781248792148
9781248792155
9781248792162
9781248792179
9781248792186
9781248792193
9781248792209
9781248792216
9781248792223
9781248792230
9781248792247
9781248792254
9781248792261
9781248792278
9781248792285
9781248792292
9781248792308
9781248792315
9781248792322
9781248792339
9781248792346
9781248792353
9781248792360
9781248792377
9781248792384
9781248792391
9781248792407
9781248792414
9781248792421
9781248792438
9781248792445
9781248792452
9781248792469
9781248792476
9781248792483
9781248792490
9781248792506
9781248792513
9781248792520
9781248792537
9781248792544
9781248792551
9781248792568
9781248792575
9781248792582
9781248792599
9781248792605
9781248792612
9781248792629
9781248792636
9781248792643
9781248792650
9781248792667
9781248792674
9781248792681
9781248792698
9781248792704
9781248792711
9781248792728
9781248792735
9781248792742
9781248792759
9781248792766
9781248792773
9781248792780
9781248792797
9781248792803
9781248792810
9781248792827
9781248792834
9781248792841
9781248792858
9781248792865
9781248792872
9781248792889
9781248792896
9781248792902
9781248792919
9781248792926
9781248792933
9781248792940
9781248792957
9781248792964
9781248792971
9781248792988
9781248792995
9781248793008
9781248793015
9781248793022
9781248793039
9781248793046
9781248793053
9781248793060
9781248793077
9781248793084
9781248793091
9781248793107
9781248793114
9781248793121
9781248793138
9781248793145
9781248793152
9781248793169
9781248793176
9781248793183
9781248793190
9781248793206
9781248793213
9781248793220
9781248793237
9781248793244
9781248793251
9781248793268
9781248793275
9781248793282
9781248793299
9781248793305
9781248793312
9781248793329
9781248793336
9781248793343
9781248793350
9781248793367
9781248793374
9781248793381
9781248793398
9781248793404
9781248793411
9781248793428
9781248793435
9781248793442
9781248793459
9781248793466
9781248793473
9781248793480
9781248793497
9781248793503
9781248793510
9781248793527
9781248793534
9781248793541
9781248793558
9781248793565
9781248793572
9781248793589
9781248793596
9781248793602
9781248793619
9781248793626
9781248793633
9781248793640
9781248793657
9781248793664
9781248793671
9781248793688
9781248793695
9781248793701
9781248793718
9781248793725
9781248793732
9781248793749
9781248793756
9781248793763
9781248793770
9781248793787
9781248793794
9781248793800
9781248793817
9781248793824
9781248793831
9781248793848
9781248793855
9781248793862
9781248793879
9781248793886
9781248793893
9781248793909
9781248793916
9781248793923
9781248793930
9781248793947
9781248793954
9781248793961
9781248793978
9781248793985
9781248793992
9781248794005
9781248794012
9781248794029
9781248794036
9781248794043
9781248794050
9781248794067
9781248794074
9781248794081
9781248794098
9781248794104
9781248794111
9781248794128
9781248794135
9781248794142
9781248794159
9781248794166
9781248794173
9781248794180
9781248794197
9781248794203
9781248794210
9781248794227
9781248794234
9781248794241
9781248794258
9781248794265
9781248794272
9781248794289
9781248794296
9781248794302
9781248794319
9781248794326
9781248794333
9781248794340
9781248794357
9781248794364
9781248794371
9781248794388
9781248794395
9781248794401
9781248794418
9781248794425
9781248794432
9781248794449
9781248794456
9781248794463
9781248794470
9781248794487
9781248794494
9781248794500
9781248794517
9781248794524
9781248794531
9781248794548
9781248794555
9781248794562
9781248794579
9781248794586
9781248794593
9781248794609
9781248794616
9781248794623
9781248794630
9781248794647
9781248794654
9781248794661
9781248794678
9781248794685
9781248794692
9781248794708
9781248794715
9781248794722
9781248794739
9781248794746
9781248794753
9781248794760
9781248794777
9781248794784
9781248794791
9781248794807
9781248794814
9781248794821
9781248794838
9781248794845
9781248794852
9781248794869
9781248794876
9781248794883
9781248794890
9781248794906
9781248794913
9781248794920
9781248794937
9781248794944
9781248794951
9781248794968
9781248794975
9781248794982
9781248794999
9781248795002
9781248795019
9781248795026
9781248795033
9781248795040
9781248795057
9781248795064
9781248795071
9781248795088
9781248795095
9781248795101
9781248795118
9781248795125
9781248795132
9781248795149
9781248795156
9781248795163
9781248795170
9781248795187
9781248795194
9781248795200
9781248795217
9781248795224
9781248795231
9781248795248
9781248795255
9781248795262
9781248795279
9781248795286
9781248795293
9781248795309
9781248795316
9781248795323
9781248795330
9781248795347
9781248795354
9781248795361
9781248795378
9781248795385
9781248795392
9781248795408
9781248795415
9781248795422
9781248795439
9781248795446
9781248795453
9781248795460
9781248795477
9781248795484
9781248795491
9781248795507
9781248795514
9781248795521
9781248795538
9781248795545
9781248795552
9781248795569
9781248795576
9781248795583
9781248795590
9781248795606
9781248795613
9781248795620
9781248795637
9781248795644
9781248795651
9781248795668
9781248795675
9781248795682
9781248795699
9781248795705
9781248795712
9781248795729
9781248795736
9781248795743
9781248795750
9781248795767
9781248795774
9781248795781
9781248795798
9781248795804
9781248795811
9781248795828
9781248795835
9781248795842
9781248795859
9781248795866
9781248795873
9781248795880
9781248795897
9781248795903
9781248795910
9781248795927
9781248795934
9781248795941
9781248795958
9781248795965
9781248795972
9781248795989
9781248795996
9781248796009
9781248796016
9781248796023
9781248796030
9781248796047
9781248796054
9781248796061
9781248796078
9781248796085
9781248796092
9781248796108
9781248796115
9781248796122
9781248796139
9781248796146
9781248796153
9781248796160
9781248796177
9781248796184
9781248796191
9781248796207
9781248796214
9781248796221
9781248796238
9781248796245
9781248796252
9781248796269
9781248796276
9781248796283
9781248796290
9781248796306
9781248796313
9781248796320
9781248796337
9781248796344
9781248796351
9781248796368
9781248796375
9781248796382
9781248796399
9781248796405
9781248796412
9781248796429
9781248796436
9781248796443
9781248796450
9781248796467
9781248796474
9781248796481
9781248796498
9781248796504
9781248796511
9781248796528
9781248796535
9781248796542
9781248796559
9781248796566
9781248796573
9781248796580
9781248796597
9781248796603
9781248796610
9781248796627
9781248796634
9781248796641
9781248796658
9781248796665
9781248796672
9781248796689
9781248796696
9781248796702
9781248796719
9781248796726
9781248796733
9781248796740
9781248796757
9781248796764
9781248796771
9781248796788
9781248796795
9781248796801
9781248796818
9781248796825
9781248796832
9781248796849
9781248796856
9781248796863
9781248796870
9781248796887
9781248796894
9781248796900
9781248796917
9781248796924
9781248796931
9781248796948
9781248796955
9781248796962
9781248796979
9781248796986
9781248796993
9781248797006
9781248797013
9781248797020
9781248797037
9781248797044
9781248797051
9781248797068
9781248797075
9781248797082
9781248797099
9781248797105
9781248797112
9781248797129
9781248797143
9781248797150
9781248797167
9781248797174
9781248797181
9781248797198
9781248797204
9781248797211
9781248797228
9781248797235
9781248797242
9781248797259
9781248797266
9781248797273
9781248797280
9781248797297
9781248797303
9781248797310
9781248797327
9781248797334
9781248797341
9781248797358
9781248797365
9781248797372
9781248797389
9781248797396
9781248797402
9781248797419
9781248797426
9781248797433
9781248797440
9781248797457
9781248797464
9781248797471
9781248797488
9781248797495
9781248797501
9781248797518
9781248797525
9781248797532
9781248797549
9781248797556
9781248797563
9781248797570
9781248797587
9781248797594
9781248797600
9781248797617
9781248797624
9781248797631
9781248797648
9781248797655
9781248797662
9781248797679
9781248797686
9781248797693
9781248797709
9781248797716
9781248797723
9781248797730
9781248797747
9781248797754
9781248797761
9781248797778
9781248797785
9781248797792
9781248797808
9781248797815
9781248797822
9781248797839
9781248797846
9781248797853
9781248797860
9781248797877
9781248797884
9781248797891
9781248797907
9781248797914
9781248797921
9781248797938
9781248797945
9781248797952
9781248797969
9781248797976
9781248797983
9781248797990
9781248798003
9781248798010
9781248798027
9781248798034
9781248798041
9781248798058
9781248798065
9781248798072
9781248798089
9781248798096
9781248798102
9781248798119
9781248798126
9781248798133
9781248798140
9781248798157
9781248798164
9781248798171
9781248798188
9781248798195
9781248798201
9781248798218
9781248798225
9781248798232
9781248798249
9781248798256
9781248798263
9781248798270
9781248798287
9781248798294
9781248798300
9781248798317
9781248798324
9781248798331
9781248798348
9781248798355
9781248798362
9781248798379
9781248798386
9781248798393
9781248798409
9781248798416
9781248798423
9781248798430
9781248798447
9781248798454
9781248798461
9781248798478
9781248798485
9781248798492
9781248798508
9781248798515
9781248798522
9781248798539
9781248798546
9781248798553
9781248798560
9781248798577
9781248798584
9781248798591
9781248798607
9781248798614
9781248798621
9781248798638
9781248798645
9781248798652
9781248798669
9781248798676
9781248798683
9781248798690
9781248798706
9781248798713
9781248798720
9781248798737
9781248798744
9781248798751
9781248798768
9781248798775
9781248798782
9781248798799
9781248798805
9781248798812
9781248798829
9781248798836
9781248798843
9781248798850
9781248798867
9781248798874
9781248798881
9781248798898
9781248798904
9781248798911
9781248798928
9781248798935
9781248798942
9781248798959
9781248798966
9781248798973
9781248798980
9781248798997
9781248799000
9781248799017
9781248799024
9781248799031
9781248799048
9781248799055
9781248799062
9781248799079
9781248799086
9781248799093
9781248799109
9781248799116
9781248799123
9781248799130
9781248799147
9781248799154
9781248799161
9781248799178
9781248799192
9781248799208
9781248799215
9781248799222
9781248799239
9781248799246
9781248799253
9781248799260
9781248799277
9781248799284
9781248799291
9781248799307
9781248799314
9781248799321
9781248799338
9781248799345
9781248799352
9781248799369
9781248799376
9781248799383
9781248799390
9781248799406
9781248799413
9781248799420
9781248799437
9781248799444
9781248799451
9781248799468
9781248799475
9781248799482
9781248799499
9781248799505
9781248799512
9781248799529
9781248799536
9781248799543
9781248799550
9781248799567
9781248799574
9781248799581
9781248799598
9781248799604
9781248799611
9781248799628
9781248799635
9781248799642
9781248799659
9781248799666
9781248799673
9781248799680
9781248799697
9781248799703
9781248799710
9781248799727
9781248799734
9781248799741
9781248799758
9781248799765
9781248799772
9781248799789
9781248799796
9781248799802
9781248799819
9781248799826
9781248799833
9781248799840
9781248799857
9781248799864
9781248799871
9781248799888
9781248799895
9781248799901
9781248799918
9781248799925
9781248799932
9781248799949
9781248799956
9781248799963
9781248799970
9781248799987
9781248799994
9781248800003
9781248800010
9781248800027
9781248800034
9781248800041
9781248800058
9781248800065
9781248800072
9781248800089
9781248800096
9781248800102
9781248800119
9781248800126
9781248800133
9781248800140
9781248800157
9781248800164
9781248800171
9781248800188
9781248800195
9781248800201
9781248800218
9781248800225
9781248800232
9781248800249
9781248800256
9781248800263
9781248800270
9781248800287
9781248800294
9781248800300
9781248800317
9781248800324
9781248800331
9781248800348
9781248800355
9781248800362
9781248800379
9781248800386
9781248800393
9781248800409
9781248800416
9781248800423
9781248800430
9781248800447
9781248800454
9781248800461
9781248800478
9781248800485
9781248800492
9781248800508
9781248800515
9781248800522
9781248800539
9781248800546
9781248800553
9781248800560
9781248800577
9781248800584
9781248800591
9781248800607
9781248800614
9781248800621
9781248800638
9781248800645
9781248800652
9781248800669
9781248800676
9781248800683
9781248800690
9781248800706
9781248800713
9781248800720
9781248800737
9781248800744
9781248800751
9781248800768
9781248800775
9781248800782
9781248800799
9781248800805
9781248800812
9781248800829
9781248800836
9781248800843
9781248800850
9781248800867
9781248800874
9781248800881
9781248800898
9781248800904
9781248800911
9781248800928
9781248800935
9781248800942
9781248800959
9781248800966
9781248800973
9781248800980
9781248800997
9781248801000
9781248801017
9781248801024
9781248801031
9781248801048
9781248801055
9781248801062
9781248801079
9781248801086
9781248801093
9781248801109
9781248801116
9781248801123
9781248801130
9781248801147
9781248801154
9781248801161
9781248801178
9781248801185
9781248801192
9781248801208
9781248801215
9781248801222
9781248801239
9781248801246
9781248801253
9781248801260
9781248801277
9781248801284
9781248801291
9781248801307
9781248801314
9781248801321
9781248801338
9781248801345
9781248801352
9781248801369
9781248801376
9781248801383
9781248801390
9781248801413
9781248801420
9781248801437
9781248801444
9781248801451
9781248801468
9781248801475
9781248801482
9781248801499
9781248801505
9781248801512
9781248801529
9781248801536
9781248801543
9781248801550
9781248801567
9781248801574
9781248801581
9781248801598
9781248801604
9781248801611
9781248801628
9781248801635
9781248801642
9781248801659
9781248801666
9781248801673
9781248801680
9781248801697
9781248801703
9781248801710
9781248801727
9781248801734
9781248801741
9781248801758
9781248801765
9781248801772
9781248801789
9781248801796
9781248801802
9781248801819
9781248801826
9781248801833
9781248801840
9781248801857
9781248801864
9781248801871
9781248801888
9781248801895
9781248801901
9781248801918
9781248801925
9781248801932
9781248801949
9781248801956
9781248801963
9781248801970
9781248801987
9781248801994
9781248802007
9781248802014
9781248802021
9781248802038
9781248802045
9781248802052
9781248802069
9781248802076
9781248802083
9781248802090
9781248802106
9781248802113
9781248802120
9781248802137
9781248802144
9781248802151
9781248802168
9781248802175
9781248802182
9781248802199
9781248802205
9781248802212
9781248802229
9781248802236
9781248802243
9781248802250
9781248802267
9781248802274
9781248802281
9781248802298
9781248802304
9781248802311
9781248802328
9781248802335
9781248802342
9781248802359
9781248802366
9781248802373
9781248802380
9781248802397
9781248802403
9781248802410
9781248802427
9781248802434
9781248802441
9781248802458
9781248802465
9781248802472
9781248802489
9781248802496
9781248802502
9781248802519
9781248802526
9781248802533
9781248802540
9781248802557
9781248802564
9781248802571
9781248802588
9781248802595
9781248802601
9781248802618
9781248802625
9781248802632
9781248802649
9781248802656
9781248802663
9781248802670
9781248802687
9781248802694
9781248802700
9781248802717
9781248802724
9781248802731
9781248802748
9781248802755
9781248802762
9781248802779
9781248802786
9781248802793
9781248802809
9781248802816
9781248802823
9781248802830
9781248802847
9781248802854
9781248802861
9781248802878
9781248802885
9781248802892
9781248802908
9781248802915
9781248802922
9781248802939
9781248802946
9781248802953
9781248802960
9781248802977
9781248802984
9781248802991
9781248803004
9781248803011
9781248803028
9781248803035
9781248803042
9781248803059
9781248803066
9781248803073
9781248803080
9781248803097
9781248803103
9781248803110
9781248803127
9781248803134
9781248803141
9781248803158
9781248803165
9781248803172
9781248803189
9781248803196
9781248803202
9781248803219
9781248803226
9781248803233
9781248803240
9781248803257
9781248803264
9781248803271
9781248803288
9781248803295
9781248803301
9781248803318
9781248803325
9781248803332
9781248803349
9781248803356
9781248803363
9781248803370
9781248803387
9781248803394
9781248803400
9781248803417
9781248803424
9781248803431
9781248803448
9781248803455
9781248803462
9781248803479
9781248803486
9781248803493
9781248803509
9781248803516
9781248803523
9781248803530
9781248803547
9781248803554
9781248803561
9781248803578
9781248803585
9781248803592
9781248803608
9781248803615
9781248803622
9781248803639
9781248803646
9781248803653
9781248803660
9781248803677
9781248803684
9781248803691
9781248803707
9781248803714
9781248803721
9781248803738
9781248803745
9781248803752
9781248803769
9781248803776
9781248803783
9781248803790
9781248803806
9781248803813
9781248803820
9781248803837
9781248803844
9781248803851
9781248803868
9781248803875
9781248803882
9781248803899
9781248803905
9781248803912
9781248803929
9781248803936
9781248803943
9781248803950
9781248803967
9781248803974
9781248803981
9781248803998
9781248804001
9781248804018
9781248804025
9781248804032
9781248804049
9781248804056
9781248804063
9781248804070
9781248804087
9781248804094
9781248804100
9781248804117
9781248804124
9781248804131
9781248804148
9781248804155
9781248804162
9781248804179
9781248804186
9781248804193
9781248804209
9781248804216
9781248804223
9781248804230
9781248804247
9781248804254
9781248804261
9781248804278
9781248804285
9781248804292
9781248804308
9781248804315
9781248804322
9781248804339
9781248804346
9781248804353
9781248804360
9781248804377
9781248804384
9781248804391
9781248804407
9781248804414
9781248804421
9781248804438
9781248804445
9781248804452
9781248804469
9781248804476
9781248804483
9781248804490
9781248804506
9781248804513
9781248804520
9781248804537
9781248804544
9781248804551
9781248804568
9781248804575
9781248804582
9781248804599
9781248804605
9781248804612
9781248804629
9781248804636
9781248804643
9781248804650
9781248804667
9781248804674
9781248804681
9781248804698
9781248804704
9781248804711
9781248804728
9781248804735
9781248804742
9781248804759
9781248804766
9781248804773
9781248804780
9781248804797
9781248804803
9781248804810
9781248804827
9781248804834
9781248804841
9781248804858
9781248804865
9781248804872
9781248804889
9781248804896
9781248804902
9781248804919
9781248804926
9781248804933
9781248804940
9781248804957
9781248804964
9781248804971
9781248804988
9781248804995
9781248805008
9781248805015
9781248805022
9781248805039
9781248805046
9781248805053
9781248805060
9781248805077
9781248805084
9781248805091
9781248805107
9781248805114
9781248805121
9781248805138
9781248805145
9781248805152
9781248805169
9781248805176
9781248805183
9781248805190
9781248805206
9781248805213
9781248805220
9781248805237
9781248805244
9781248805251
9781248805268
9781248805275
9781248805282
9781248805299
9781248805305
9781248805312
9781248805329
9781248805336
9781248805343
9781248805350
9781248805367
9781248805374
9781248805381
9781248805398
9781248805404
9781248805411
9781248805428
9781248805435
9781248805442
9781248805459
9781248805466
9781248805473
9781248805480
9781248805497
9781248805503
9781248805510
9781248805527
9781248805534
9781248805541
9781248805558
9781248805565
9781248805572
9781248805589
9781248805596
9781248805602
9781248805619
9781248805626
9781248805633
9781248805640
9781248805657
9781248805664
9781248805671
9781248805688
9781248805695
9781248805701
9781248805718
9781248805725
9781248805732
9781248805749
9781248805756
9781248805763
9781248805770
9781248805787
9781248805794
9781248805800
9781248805817
9781248805824
9781248805831
9781248805848
9781248805855
9781248805862
9781248805879
9781248805886
9781248805893
9781248805909
9781248805916
9781248805923
9781248805930
9781248805947
9781248805954
9781248805961
9781248805978
9781248805985
9781248805992
9781248806005
9781248806012
9781248806029
9781248806036
9781248806043
9781248806050
9781248806067
9781248806074
9781248806081
9781248806098
9781248806104
9781248806111
9781248806128
9781248806135
9781248806142
9781248806159
9781248806166
9781248806173
9781248806180
9781248806197
9781248806203
9781248806210
9781248806227
9781248806234
9781248806241
9781248806258
9781248806265
9781248806272
9781248806289
9781248806296
9781248806302
9781248806319
9781248806326
9781248806333
9781248806340
9781248806357
9781248806364
9781248806371
9781248806388
9781248806395
9781248806401
9781248806418
9781248806425
9781248806432
9781248806449
9781248806456
9781248806463
9781248806470
9781248806487
9781248806494
9781248806500
9781248806517
9781248806524
9781248806531
9781248806548
9781248806555
9781248806562
9781248806579
9781248806586
9781248806593
9781248806609
9781248806616
9781248806623
9781248806630
9781248806654
9781248806661
9781248806678
9781248806685
9781248806692
9781248806708
9781248806715
9781248806722
9781248806739
9781248806746
9781248806753
9781248806760
9781248806777
9781248806784
9781248806791
9781248806807
9781248806814
9781248806821
9781248806838
9781248806845
9781248806852
9781248806869
9781248806876
9781248806883
9781248806890
9781248806906
9781248806913
9781248806920
9781248806937
9781248806944
9781248806951
9781248806968
9781248806975
9781248806982
9781248806999
9781248807002
9781248807019
9781248807026
9781248807040
9781248807057
9781248807064
9781248807071
9781248807088
9781248807095
9781248807101
9781248807118
9781248807125
9781248807132
9781248807149
9781248807156
9781248807163
9781248807170
9781248807187
9781248807194
9781248807200
9781248807217
9781248807224
9781248807231
9781248807248
9781248807255
9781248807262
9781248807279
9781248807286
9781248807293
9781248807309
9781248807316
9781248807323
9781248807330
9781248807347
9781248807354
9781248807361
9781248807378
9781248807385
9781248807392
9781248807408
9781248807415
9781248807422
9781248807439
9781248807446
9781248807453
9781248807460
9781248807477
9781248807484
9781248807491
9781248807507
9781248807514
9781248807521
9781248807538
9781248807545
9781248807552
9781248807569
9781248807576
9781248807583
9781248807590
9781248807606
9781248807613
9781248807620
9781248807637
9781248807644
9781248807651
9781248807668
9781248807675
9781248807682
9781248807699
9781248807705
9781248807712
9781248807729
9781248807736
9781248807743
9781248807750
9781248807767
9781248807774
9781248807781
9781248807798
9781248807804
9781248807811
9781248807828
9781248807835
9781248807842
9781248807859
9781248807866
9781248807873
9781248807880
9781248807897
9781248807903
9781248807910
9781248807927
9781248807934
9781248807941
9781248807958
9781248807965
9781248807972
9781248807989
9781248807996
9781248808009
9781248808016
9781248808023
9781248808030
9781248808047
9781248808054
9781248808061
9781248808078
9781248808085
9781248808092
9781248808108
9781248808115
9781248808122
9781248808139
9781248808146
9781248808153
9781248808160
9781248808177
9781248808184
9781248808191
9781248808207
9781248808214
9781248808221
9781248808238
9781248808245
9781248808252
9781248808269
9781248808276
9781248808283
9781248808290
9781248808306
9781248808313
9781248808320
9781248808337
9781248808344
9781248808351
9781248808368
9781248808375
9781248808382
9781248808399
9781248808405
9781248808412
9781248808429
9781248808436
9781248808443
9781248808450
9781248808467
9781248808474
9781248808481
9781248808498
9781248808504
9781248808511
9781248808528
9781248808535
9781248808542
9781248808559
9781248808566
9781248808573
9781248808580
9781248808597
9781248808603
9781248808610
9781248808627
9781248808634
9781248808641
9781248808658
9781248808665
9781248808672
9781248808689
9781248808696
9781248808702
9781248808719
9781248808726
9781248808733
9781248808740
9781248808757
9781248808764
9781248808771
9781248808788
9781248808795
9781248808801
9781248808818
9781248808825
9781248808832
9781248808849
9781248808856
9781248808863
9781248808870
9781248808887
9781248808894
9781248808900
9781248808917
9781248808924
9781248808931
9781248808948
9781248808955
9781248808962
9781248808979
9781248808986
9781248808993
9781248809006
9781248809013
9781248809020
9781248809037
9781248809044
9781248809051
9781248809068
9781248809075
9781248809082
9781248809099
9781248809105
9781248809112
9781248809129
9781248809136
9781248809143
9781248809150
9781248809167
9781248809174
9781248809181
9781248809198
9781248809204
9781248809211
9781248809228
9781248809235
9781248809242
9781248809259
9781248809266
9781248809273
9781248809280
9781248809297
9781248809303
9781248809310
9781248809327
9781248809334
9781248809341
9781248809358
9781248809365
9781248809372
9781248809389
9781248809396
9781248809402
9781248809419
9781248809426
9781248809433
9781248809440
9781248809464
9781248809471
9781248809488
9781248809495
9781248809501
9781248809518
9781248809525
9781248809532
9781248809549
9781248809556
9781248809563
9781248809570
9781248809587
9781248809594
9781248809600
9781248809617
9781248809624
9781248809631
9781248809648
9781248809655
9781248809662
9781248809679
9781248809686
9781248809693
9781248809709
9781248809716
9781248809723
9781248809730
9781248809747
9781248809754
9781248809761
9781248809778
9781248809785
9781248809792
9781248809808
9781248809815
9781248809822
9781248809839
9781248809846
9781248809853
9781248809860
9781248809877
9781248809884
9781248809891
9781248809907
9781248809914
9781248809921
9781248809938
9781248809945
9781248809952
9781248809969
9781248809976
9781248809983
9781248809990
9781248810002
9781248810019
9781248810026
9781248810033
9781248810040
9781248810057
9781248810064
9781248810071
9781248810088
9781248810095
9781248810101
9781248810118
9781248810125
9781248810132
9781248810149
9781248810156
9781248810163
9781248810170
9781248810187
9781248810194
9781248810200
9781248810217
9781248810224
9781248810231
9781248810248
9781248810255
9781248810262
9781248810279
9781248810286
9781248810293
9781248810309
9781248810316
9781248810323
9781248810330
9781248810347
9781248810354
9781248810361
9781248810378
9781248810385
9781248810392
9781248810408
9781248810415
9781248810422
9781248810439
9781248810446
9781248810453
9781248810460
9781248810477
9781248810484
9781248810491
9781248810507
9781248810514
9781248810521
9781248810538
9781248810545
9781248810552
9781248810569
9781248810576
9781248810590
9781248810606
9781248810613
9781248810620
9781248810637
9781248810644
9781248810651
9781248810668
9781248810675
9781248810682
9781248810699
9781248810705
9781248810712
9781248810729
9781248810736
9781248810743
9781248810750
9781248810767
9781248810774
9781248810781
9781248810798
9781248810804
9781248810811
9781248810828
9781248810835
9781248810842
9781248810859
9781248810866
9781248810873
9781248810880
9781248810897
9781248810903
9781248810910
9781248810927
9781248810934
9781248810941
9781248810958
9781248810965
9781248810972
9781248810989
9781248810996
9781248811009
9781248811016
9781248811023
9781248811030
9781248811047
9781248811054
9781248811061
9781248811078
9781248811085
9781248811092
9781248811108
9781248811115
9781248811122
9781248811139
9781248811146
9781248811153
9781248811160
9781248811177
9781248811184
9781248811191
9781248811207
9781248811214
9781248811221
9781248811238
9781248811245
9781248811252
9781248811269
9781248811276
9781248811283
9781248811290
9781248811306
9781248811313
9781248811320
9781248811337
9781248811344
9781248811351
9781248811368
9781248811375
9781248811382
9781248811399
9781248811405
9781248811412
9781248811429
9781248811436
9781248811443
9781248811450
9781248811467
9781248811474
9781248811481
9781248811498
9781248811504
9781248811511
9781248811528
9781248811535
9781248811542
9781248811559
9781248811566
9781248811573
9781248811580
9781248811597
9781248811603
9781248811610
9781248811627
9781248811634
9781248811641
9781248811658
9781248811665
9781248811672
9781248811689
9781248811696
9781248811702
9781248811719
9781248811726
9781248811733
9781248811740
9781248811757
9781248811764
9781248811771
9781248811788
9781248811795
9781248811801
9781248811818
9781248811825
9781248811832
9781248811849
9781248811856
9781248811863
9781248811870
9781248811887
9781248811894
9781248811900
9781248811917
9781248811924
9781248811931
9781248811948
9781248811955
9781248811962
9781248811979
9781248811986
9781248811993
9781248812006
9781248812013
9781248812020
9781248812037
9781248812044
9781248812051
9781248812068
9781248812075
9781248812082
9781248812099
9781248812105
9781248812112
9781248812129
9781248812136
9781248812143
9781248812150
9781248812167
9781248812174
9781248812181
9781248812198
9781248812204
9781248812211
9781248812228
9781248812235
9781248812242
9781248812259
9781248812266
9781248812273
9781248812280
9781248812297
9781248812303
9781248812310
9781248812327
9781248812334
9781248812341
9781248812358
9781248812365
9781248812372
9781248812389
9781248812396
9781248812402
9781248812419
9781248812426
9781248812433
9781248812440
9781248812457
9781248812464
9781248812471
9781248812488
9781248812495
9781248812501
9781248812518
9781248812525
9781248812532
9781248812549
9781248812556
9781248812563
9781248812570
9781248812587
9781248812594
9781248812600
9781248812617
9781248812624
9781248812631
9781248812648
9781248812655
9781248812662
9781248812679
9781248812686
9781248812693
9781248812709
9781248812716
9781248812723
9781248812730
9781248812747
9781248812754
9781248812761
9781248812778
9781248812785
9781248812792
9781248812808
9781248812815
9781248812822
9781248812839
9781248812846
9781248812853
9781248812860
9781248812877
9781248812884
9781248812891
9781248812907
9781248812914
9781248812921
9781248812938
9781248812945
9781248812952
9781248812969
9781248812976
9781248812983
9781248812990
9781248813003
9781248813010
9781248813027
9781248813034
9781248813041
9781248813058
9781248813065
9781248813072
9781248813089
9781248813096
9781248813102
9781248813119
9781248813126
9781248813133
9781248813140
9781248813157
9781248813164
9781248813171
9781248813188
9781248813195
9781248813201
9781248813218
9781248813225
9781248813232
9781248813249
9781248813256
9781248813263
9781248813270
9781248813287
9781248813294
9781248813300
9781248813317
9781248813324
9781248813331
9781248813348
9781248813355
9781248813362
9781248813379
9781248813386
9781248813393
9781248813409
9781248813416
9781248813423
9781248813430
9781248813447
9781248813454
9781248813461
9781248813478
9781248813485
9781248813492
9781248813508
9781248813515
9781248813522
9781248813539
9781248813546
9781248813553
9781248813560
9781248813577
9781248813584
9781248813591
9781248813607
9781248813614
9781248813621
9781248813638
9781248813645
9781248813652
9781248813669
9781248813676
9781248813683
9781248813690
9781248813706
9781248813713
9781248813720
9781248813737
9781248813744
9781248813751
9781248813768
9781248813775
9781248813782
9781248813799
9781248813805
9781248813812
9781248813829
9781248813836
9781248813843
9781248813850
9781248813867
9781248813874
9781248813881
9781248813898
9781248813904
9781248813911
9781248813928
9781248813935
9781248813942
9781248813959
9781248813966
9781248813973
9781248813980
9781248813997
9781248814000
9781248814017
9781248814024
9781248814031
9781248814048
9781248814055
9781248814079
9781248814086
9781248814093
9781248814109
9781248814116
9781248814123
9781248814130
9781248814147
9781248814154
9781248814161
9781248814178
9781248814185
9781248814192
9781248814208
9781248814215
9781248814222
9781248814239
9781248814246
9781248814253
9781248814260
9781248814277
9781248814284
9781248814291
9781248814307
9781248814314
9781248814321
9781248814338
9781248814345
9781248814352
9781248814369
9781248814376
9781248814383
9781248814390
9781248814406
9781248814413
9781248814420
9781248814437
9781248814444
9781248814451
9781248814468
9781248814475
9781248814482
9781248814499
9781248814505
9781248814512
9781248814529
9781248814536
9781248814543
9781248814550
9781248814567
9781248814574
9781248814581
9781248814598
9781248814604
9781248814611
9781248814628
9781248814635
9781248814642
9781248814659
9781248814666
9781248814673
9781248814680
9781248814697
9781248814703
9781248814710
9781248814727
9781248814734
9781248814741
9781248814758
9781248814765
9781248814772
9781248814789
9781248814796
9781248814802
9781248814819
9781248814826
9781248814833
9781248814840
9781248814857
9781248814864
9781248814871
9781248814888
9781248814895
9781248814901
9781248814918
9781248814925
9781248814932
9781248814949
9781248814956
9781248814963
9781248814970
9781248814987
9781248814994
9781248815007
9781248815014
9781248815021
9781248815038
9781248815045
9781248815052
9781248815069
9781248815076
9781248815083
9781248815090
9781248815106
9781248815113
9781248815120
9781248815137
9781248815144
9781248815151
9781248815168
9781248815175
9781248815182
9781248815199
9781248815205
9781248815212
9781248815229
9781248815236
9781248815243
9781248815250
9781248815267
9781248815274
9781248815281
9781248815298
9781248815304
9781248815311
9781248815328
9781248815335
9781248815342
9781248815359
9781248815366
9781248815373
9781248815380
9781248815397
9781248815403
9781248815410
9781248815427
9781248815434
9781248815441
9781248815458
9781248815465
9781248815472
9781248815489
9781248815496
9781248815502
9781248815519
9781248815526
9781248815533
9781248815540
9781248815557
9781248815564
9781248815571
9781248815588
9781248815595
9781248815601
9781248815618
9781248815625
9781248815632
9781248815649
9781248815656
9781248815663
9781248815670
9781248815687
9781248815694
9781248815700
9781248815717
9781248815724
9781248815731
9781248815748
9781248815755
9781248815762
9781248815779
9781248815786
9781248815793
9781248815809
9781248815816
9781248815823
9781248815830
9781248815847
9781248815854
9781248815861
9781248815878
9781248815885
9781248815892
9781248815908
9781248815915
9781248815922
9781248815939
9781248815946
9781248815953
9781248815960
9781248815977
9781248815984
9781248815991
9781248816004
9781248816011
9781248816028
9781248816035
9781248816042
9781248816059
9781248816066
9781248816073
9781248816080
9781248816097
9781248816103
9781248816110
9781248816127
9781248816134
9781248816141
9781248816158
9781248816165
9781248816172
9781248816189
9781248816196
9781248816202
9781248816219
9781248816226
9781248816233
9781248816240
9781248816257
9781248816264
9781248816271
9781248816288
9781248816295
9781248816301
9781248816318
9781248816325
9781248816332
9781248816349
9781248816356
9781248816363
9781248816370
9781248816387
9781248816394
9781248816400
9781248816417
9781248816424
9781248816431
9781248816448
9781248816455
9781248816462
9781248816479
9781248816493
9781248816509
9781248816516
9781248816523
9781248816530
9781248816547
9781248816554
9781248816561
9781248816578
9781248816585
9781248816592
9781248816608
9781248816615
9781248816622
9781248816639
9781248816646
9781248816653
9781248816660
9781248816677
9781248816684
9781248816691
9781248816707
9781248816714
9781248816721
9781248816738
9781248816745
9781248816752
9781248816769
9781248816776
9781248816783
9781248816790
9781248816806
9781248816813
9781248816820
9781248816837
9781248816844
9781248816851
9781248816868
9781248816875
9781248816882
9781248816899
9781248816905
9781248816912
9781248816929
9781248816936
9781248816943
9781248816950
9781248816967
9781248816974
9781248816981
9781248816998
9781248817001
9781248817018
9781248817025
9781248817032
9781248817049
9781248817056
9781248817063
9781248817070
9781248817087
9781248817094
9781248817100
9781248817117
9781248817124
9781248817131
9781248817148
9781248817155
9781248817162
9781248817179
9781248817186
9781248817193
9781248817209
9781248817216
9781248817223
9781248817230
9781248817247
9781248817254
9781248817261
9781248817278
9781248817285
9781248817292
9781248817308
9781248817315
9781248817322
9781248817339
9781248817346
9781248817353
9781248817360
9781248817377
9781248817384
9781248817391
9781248817407
9781248817414
9781248817421
9781248817438
9781248817445
9781248817452
9781248817469
9781248817476
9781248817483
9781248817490
9781248817506
9781248817513
9781248817520
9781248817537
9781248817544
9781248817551
9781248817568
9781248817575
9781248817582
9781248817599
9781248817605
9781248817612
9781248817629
9781248817636
9781248817643
9781248817650
9781248817667
9781248817674
9781248817681
9781248817698
9781248817704
9781248817711
9781248817728
9781248817735
9781248817742
9781248817759
9781248817766
9781248817773
9781248817780
9781248817797
9781248817803
9781248817810
9781248817827
9781248817834
9781248817841
9781248817858
9781248817865
9781248817872
9781248817889
9781248817896
9781248817902
9781248817919
9781248817926
9781248817933
9781248817940
9781248817957
9781248817964
9781248817971
9781248817988
9781248817995
9781248818008
9781248818015
9781248818022
9781248818039
9781248818046
9781248818053
9781248818060
9781248818077
9781248818084
9781248818091
9781248818107
9781248818114
9781248818121
9781248818138
9781248818145
9781248818152
9781248818169
9781248818176
9781248818183
9781248818190
9781248818206
9781248818213
9781248818220
9781248818237
9781248818244
9781248818251
9781248818268
9781248818275
9781248818282
9781248818299
9781248818305
9781248818312
9781248818329
9781248818336
9781248818343
9781248818350
9781248818367
9781248818374
9781248818381
9781248818398
9781248818404
9781248818411
9781248818428
9781248818435
9781248818442
9781248818459
9781248818466
9781248818473
9781248818480
9781248818497
9781248818503
9781248818510
9781248818527
9781248818534
9781248818541
9781248818558
9781248818565
9781248818572
9781248818589
9781248818596
9781248818602
9781248818619
9781248818626
9781248818633
9781248818640
9781248818657
9781248818664
9781248818671
9781248818688
9781248818695
9781248818701
9781248818718
9781248818725
9781248818732
9781248818749
9781248818756
9781248818763
9781248818770
9781248818787
9781248818794
9781248818800
9781248818817
9781248818824
9781248818831
9781248818848
9781248818855
9781248818862
9781248818879
9781248818886
9781248818893
9781248818909
9781248818916
9781248818923
9781248818930
9781248818947
9781248818954
9781248818961
9781248818978
9781248818985
9781248818992
9781248819005
9781248819012
9781248819029
9781248819036
9781248819043
9781248819050
9781248819067
9781248819074
9781248819081
9781248819098
9781248819104
9781248819111
9781248819128
9781248819135
9781248819142
9781248819159
9781248819166
9781248819173
9781248819180
9781248819197
9781248819203
9781248819210
9781248819227
9781248819234
9781248819241
9781248819258
9781248819265
9781248819272
9781248819289
9781248819296
9781248819302
9781248819319
9781248819326
9781248819333
9781248819340
9781248819357
9781248819364
9781248819371
9781248819388
9781248819395
9781248819401
9781248819418
9781248819425
9781248819432
9781248819449
9781248819456
9781248819463
9781248819470
9781248819487
9781248819494
9781248819500
9781248819517
9781248819524
9781248819531
9781248819548
9781248819555
9781248819562
9781248819579
9781248819586
9781248819593
9781248819609
9781248819616
9781248819623
9781248819630
9781248819647
9781248819654
9781248819661
9781248819678
9781248819685
9781248819692
9781248819708
9781248819715
9781248819739
9781248819746
9781248819753
9781248819760
9781248819777
9781248819784
9781248819791
9781248819807
9781248819814
9781248819821
9781248819838
9781248819845
9781248819852
9781248819869
9781248819876
9781248819883
9781248819890
9781248819906
9781248819913
9781248819920
9781248819937
9781248819944
9781248819951
9781248819968
9781248819975
9781248819982
9781248819999
9781248820001
9781248820018
9781248820025
9781248820032
9781248820049
9781248820056
9781248820063
9781248820070
9781248820087
9781248820094
9781248820100
9781248820117
9781248820124
9781248820131
9781248820148
9781248820155
9781248820162
9781248820179
9781248820186
9781248820193
9781248820209
9781248820216
9781248820223
9781248820230
9781248820247
9781248820254
9781248820261
9781248820278
9781248820285
9781248820292
9781248820308
9781248820315
9781248820322
9781248820339
9781248820346
9781248820353
9781248820360
9781248820377
9781248820384
9781248820391
9781248820407
9781248820414
9781248820421
9781248820438
9781248820445
9781248820452
9781248820469
9781248820476
9781248820483
9781248820490
9781248820506
9781248820513
9781248820520
9781248820537
9781248820544
9781248820551
9781248820568
9781248820575
9781248820582
9781248820599
9781248820605
9781248820612
9781248820629
9781248820636
9781248820643
9781248820650
9781248820667
9781248820674
9781248820681
9781248820698
9781248820704
9781248820711
9781248820728
9781248820735
9781248820742
9781248820759
9781248820766
9781248820773
9781248820780
9781248820797
9781248820803
9781248820810
9781248820827
9781248820834
9781248820841
9781248820858
9781248820865
9781248820872
9781248820889
9781248820896
9781248820902
9781248820919
9781248820926
9781248820933
9781248820940
9781248820957
9781248820964
9781248820971
9781248820988
9781248820995
9781248821008
9781248821015
9781248821022
9781248821039
9781248821046
9781248821053
9781248821060
9781248821077
9781248821084
9781248821091
9781248821107
9781248821114
9781248821121
9781248821138
9781248821145
9781248821152
9781248821169
9781248821176
9781248821183
9781248821190
9781248821206
9781248821213
9781248821220
9781248821237
9781248821244
9781248821251
9781248821268
9781248821275
9781248821282
9781248821299
9781248821305
9781248821312
9781248821329
9781248821336
9781248821343
9781248821350
9781248821367
9781248821374
9781248821381
9781248821398
9781248821404
9781248821411
9781248821428
9781248821435
9781248821442
9781248821459
9781248821466
9781248821473
9781248821480
9781248821497
9781248821503
9781248821510
9781248821527
9781248821534
9781248821541
9781248821558
9781248821565
9781248821572
9781248821589
9781248821596
9781248821602
9781248821619
9781248821626
9781248821633
9781248821640
9781248821657
9781248821664
9781248821671
9781248821688
9781248821695
9781248821701
9781248821718
9781248821725
9781248821732
9781248821749
9781248821756
9781248821763
9781248821770
9781248821787
9781248821794
9781248821800
9781248821817
9781248821824
9781248821831
9781248821848
9781248821855
9781248821862
9781248821879
9781248821886
9781248821893
9781248821909
9781248821916
9781248821923
9781248821930
9781248821947
9781248821954
9781248821961
9781248821978
9781248821985
9781248821992
9781248822005
9781248822012
9781248822029
9781248822036
9781248822043
9781248822050
9781248822067
9781248822074
9781248822081
9781248822098
9781248822104
9781248822111
9781248822128
9781248822135
9781248822142
9781248822159
9781248822166
9781248822173
9781248822180
9781248822197
9781248822203
9781248822210
9781248822227
9781248822234
9781248822241
9781248822258
9781248822265
9781248822272
9781248822289
9781248822296
9781248822302
9781248822319
9781248822326
9781248822333
9781248822340
9781248822357
9781248822364
9781248822371
9781248822388
9781248822395
9781248822401
9781248822418
9781248822425
9781248822432
9781248822449
9781248822456
9781248822463
9781248822470
9781248822487
9781248822494
9781248822500
9781248822517
9781248822524
9781248822531
9781248822548
9781248822555
9781248822562
9781248822579
9781248822586
9781248822593
9781248822609
9781248822616
9781248822623
9781248822630
9781248822647
9781248822654
9781248822661
9781248822678
9781248822685
9781248822692
9781248822708
9781248822715
9781248822722
9781248822739
9781248822746
9781248822753
9781248822760
9781248822777
9781248822784
9781248822791
9781248822807
9781248822821
9781248822838
9781248822845
9781248822852
9781248822869
9781248822876
9781248822883
9781248822890
9781248822906
9781248822913
9781248822920
9781248822937
9781248822944
9781248822951
9781248822968
9781248822975
9781248822982
9781248822999
9781248823002
9781248823019
9781248823026
9781248823033
9781248823040
9781248823057
9781248823064
9781248823071
9781248823088
9781248823095
9781248823101
9781248823118
9781248823125
9781248823132
9781248823149
9781248823156
9781248823163
9781248823170
9781248823187
9781248823194
9781248823200
9781248823217
9781248823224
9781248823231
9781248823248
9781248823255
9781248823262
9781248823279
9781248823286
9781248823293
9781248823309
9781248823316
9781248823323
9781248823330
9781248823354
9781248823361
9781248823378
9781248823385
9781248823392
9781248823408
9781248823415
9781248823422
9781248823439
9781248823446
9781248823453
9781248823460
9781248823477
9781248823484
9781248823491
9781248823507
9781248823514
9781248823521
9781248823538
9781248823545
9781248823552
9781248823569
9781248823576
9781248823583
9781248823590
9781248823606
9781248823613
9781248823620
9781248823637
9781248823644
9781248823651
9781248823668
9781248823675
9781248823682
9781248823699
9781248823705
9781248823712
9781248823729
9781248823736
9781248823743
9781248823750
9781248823767
9781248823774
9781248823781
9781248823798
9781248823804
9781248823811
9781248823828
9781248823835
9781248823842
9781248823859
9781248823866
9781248823873
9781248823880
9781248823897
9781248823903
9781248823910
9781248823927
9781248823934
9781248823941
9781248823958
9781248823965
9781248823972
9781248823989
9781248823996
9781248824009
9781248824016
9781248824023
9781248824030
9781248824047
9781248824054
9781248824061
9781248824078
9781248824085
9781248824092
9781248824108
9781248824115
9781248824122
9781248824139
9781248824146
9781248824153
9781248824160
9781248824177
9781248824184
9781248824191
9781248824207
9781248824214
9781248824221
9781248824238
9781248824245
9781248824252
9781248824269
9781248824276
9781248824283
9781248824290
9781248824306
9781248824313
9781248824320
9781248824337
9781248824344
9781248824351
9781248824368
9781248824375
9781248824382
9781248824399
9781248824405
9781248824412
9781248824429
9781248824436
9781248824443
9781248824450
9781248824467
9781248824474
9781248824481
9781248824498
9781248824504
9781248824511
9781248824528
9781248824535
9781248824542
9781248824559
9781248824566
9781248824573
9781248824580
9781248824597
9781248824603
9781248824610
9781248824627
9781248824634
9781248824641
9781248824658
9781248824665
9781248824672
9781248824689
9781248824696
9781248824702
9781248824719
9781248824726
9781248824733
9781248824740
9781248824757
9781248824764
9781248824771
9781248824788
9781248824795
9781248824801
9781248824818
9781248824825
9781248824832
9781248824849
9781248824856
9781248824863
9781248824870
9781248824894
9781248824900
9781248824917
9781248824924
9781248824931
9781248824948
9781248824955
9781248824962
9781248824979
9781248824986
9781248824993
9781248825006
9781248825013
9781248825020
9781248825037
9781248825044
9781248825051
9781248825068
9781248825075
9781248825082
9781248825099
9781248825105
9781248825112
9781248825129
9781248825136
9781248825143
9781248825150
9781248825167
9781248825174
9781248825181
9781248825198
9781248825204
9781248825211
9781248825228
9781248825235
9781248825242
9781248825259
9781248825266
9781248825273
9781248825280
9781248825297
9781248825303
9781248825310
9781248825327
9781248825334
9781248825341
9781248825358
9781248825365
9781248825372
9781248825389
9781248825396
9781248825402
9781248825419
9781248825426
9781248825433
9781248825440
9781248825457
9781248825464
9781248825471
9781248825488
9781248825495
9781248825501
9781248825518
9781248825525
9781248825532
9781248825549
9781248825556
9781248825563
9781248825570
9781248825587
9781248825594
9781248825600
9781248825617
9781248825624
9781248825631
9781248825648
9781248825655
9781248825662
9781248825679
9781248825686
9781248825693
9781248825709
9781248825716
9781248825723
9781248825730
9781248825747
9781248825754
9781248825761
9781248825778
9781248825785
9781248825792
9781248825808
9781248825815
9781248825822
9781248825839
9781248825846
9781248825853
9781248825860
9781248825877
9781248825884
9781248825891
9781248825907
9781248825914
9781248825921
9781248825938
9781248825945
9781248825952
9781248825969
9781248825976
9781248825983
9781248825990
9781248826003
9781248826010
9781248826027
9781248826034
9781248826041
9781248826058
9781248826065
9781248826072
9781248826089
9781248826096
9781248826102
9781248826119
9781248826126
9781248826133
9781248826140
9781248826157
9781248826164
9781248826171
9781248826188
9781248826195
9781248826201
9781248826218
9781248826225
9781248826232
9781248826249
9781248826256
9781248826263
9781248826270
9781248826287
9781248826294
9781248826300
9781248826317
9781248826324
9781248826331
9781248826348
9781248826355
9781248826362
9781248826379
9781248826386
9781248826393
9781248826409
9781248826416
9781248826423
9781248826430
9781248826447
9781248826454
9781248826461
9781248826478
9781248826485
9781248826492
9781248826508
9781248826515
9781248826522
9781248826539
9781248826546
9781248826553
9781248826560
9781248826577
9781248826584
9781248826607
9781248826614
9781248826621
9781248826638
9781248826645
9781248826652
9781248826669
9781248826676
9781248826683
9781248826690
9781248826706
9781248826713
9781248826720
9781248826737
9781248826744
9781248826751
9781248826768
9781248826775
9781248826782
9781248826799
9781248826805
9781248826812
9781248826829
9781248826836
9781248826843
9781248826850
9781248826867
9781248826874
9781248826881
9781248826898
9781248826904
9781248826911
9781248826928
9781248826935
9781248826942
9781248826959
9781248826966
9781248826973
9781248826980
9781248826997
9781248827000
9781248827017
9781248827024
9781248827031
9781248827048
9781248827055
9781248827062
9781248827079
9781248827086
9781248827093
9781248827109
9781248827116
9781248827123
9781248827130
9781248827147
9781248827154
9781248827161
9781248827178
9781248827185
9781248827192
9781248827208
9781248827215
9781248827222
9781248827239
9781248827246
9781248827253
9781248827260
9781248827277
9781248827284
9781248827291
9781248827307
9781248827314
9781248827321
9781248827338
9781248827345
9781248827352
9781248827369
9781248827376
9781248827383
9781248827390
9781248827406
9781248827413
9781248827420
9781248827437
9781248827444
9781248827451
9781248827468
9781248827475
9781248827482
9781248827499
9781248827505
9781248827512
9781248827529
9781248827536
9781248827543
9781248827550
9781248827567
9781248827574
9781248827581
9781248827598
9781248827604
9781248827611
9781248827628
9781248827635
9781248827642
9781248827659
9781248827666
9781248827673
9781248827680
9781248827697
9781248827703
9781248827710
9781248827727
9781248827734
9781248827741
9781248827758
9781248827765
9781248827772
9781248827789
9781248827796
9781248827802
9781248827819
9781248827826
9781248827833
9781248827840
9781248827857
9781248827864
9781248827871
9781248827888
9781248827895
9781248827901
9781248827918
9781248827925
9781248827932
9781248827949
9781248827956
9781248827963
9781248827970
9781248827987
9781248827994
9781248828007
9781248828014
9781248828021
9781248828045
9781248828052
9781248828069
9781248828076
9781248828083
9781248828090
9781248828106
9781248828113
9781248828120
9781248828137
9781248828144
9781248828151
9781248828168
9781248828175
9781248828182
9781248828199
9781248828205
9781248828212
9781248828229
9781248828236
9781248828243
9781248828250
9781248828267
9781248828274
9781248828281
9781248828298
9781248828304
9781248828311
9781248828328
9781248828335
9781248828342
9781248828359
9781248828366
9781248828373
9781248828380
9781248828397
9781248828403
9781248828410
9781248828434
9781248828441
9781248828458
9781248828465
9781248828472
9781248828489
9781248828496
9781248828502
9781248828519
9781248828526
9781248828533
9781248828540
9781248828557
9781248828564
9781248828571
9781248828588
9781248828595
9781248828601
9781248828618
9781248828625
9781248828632
9781248828649
9781248828656
9781248828663
9781248828670
9781248828687
9781248828694
9781248828700
9781248828717
9781248828724
9781248828731
9781248828748
9781248828755
9781248828762
9781248828786
9781248828793
9781248828809
9781248828816
9781248828823
9781248828830
9781248828847
9781248828854
9781248828861
9781248828878
9781248828885
9781248828892
9781248828908
9781248828915
9781248828922
9781248828939
9781248828946
9781248828953
9781248828960
9781248828977
9781248828984
9781248828991
9781248829004
9781248829011
9781248829028
9781248829035
9781248829042
9781248829059
9781248829066
9781248829073
9781248829080
9781248829097
9781248829103
9781248829110
9781248829127
9781248829134
9781248829141
9781248829158
9781248829165
9781248829172
9781248829189
9781248829196
9781248829202
9781248829219
9781248829226
9781248829233
9781248829240
9781248829257
9781248829264
9781248829271
9781248829288
9781248829295
9781248829301
9781248829318
9781248829325
9781248829332
9781248829349
9781248829356
9781248829363
9781248829370
9781248829387
9781248829394
9781248829400
9781248829417
9781248829424
9781248829431
9781248829448
9781248829455
9781248829462
9781248829479
9781248829486
9781248829493
9781248829509
9781248829516
9781248829523
9781248829530
9781248829547
9781248829554
9781248829561
9781248829578
9781248829585
9781248829592
9781248829608
9781248829615
9781248829622
9781248829639
9781248829646
9781248829653
9781248829660
9781248829677
9781248829684
9781248829691
9781248829707
9781248829714
9781248829721
9781248829738
9781248829745
9781248829752
9781248829769
9781248829776
9781248829783
9781248829790
9781248829806
9781248829813
9781248829820
9781248829837
9781248829844
9781248829851
9781248829868
9781248829875
9781248829882
9781248829899
9781248829905
9781248829912
9781248829929
9781248829936
9781248829943
9781248829950
9781248829967
9781248829974
9781248829981
9781248829998
9781248830000
9781248830017
9781248830024
9781248830031
9781248830048
9781248830055
9781248830062
9781248830079
9781248830086
9781248830093
9781248830109
9781248830116
9781248830123
9781248830130
9781248830147
9781248830154
9781248830161
9781248830178
9781248830185
9781248830192
9781248830208
9781248830215
9781248830222
9781248830239
9781248830246
9781248830253
9781248830260
9781248830277
9781248830284
9781248830291
9781248830307
9781248830314
9781248830321
9781248830338
9781248830345
9781248830352
9781248830369
9781248830376
9781248830383
9781248830390
9781248830406
9781248830413
9781248830420
9781248830437
9781248830444
9781248830451
9781248830468
9781248830475
9781248830482
9781248830499
9781248830505
9781248830512
9781248830529
9781248830536
9781248830543
9781248830550
9781248830567
9781248830574
9781248830581
9781248830598
9781248830604
9781248830611
9781248830628
9781248830635
9781248830642
9781248830659
9781248830666
9781248830673
9781248830680
9781248830697
9781248830703
9781248830710
9781248830727
9781248830734
9781248830741
9781248830758
9781248830765
9781248830772
9781248830789
9781248830796
9781248830802
9781248830819
9781248830826
9781248830833
9781248830840
9781248830857
9781248830864
9781248830871
9781248830888
9781248830895
9781248830901
9781248830918
9781248830925
9781248830932
9781248830949
9781248830956
9781248830963
9781248830970
9781248830987
9781248830994
9781248831007
9781248831014
9781248831021
9781248831038
9781248831045
9781248831052
9781248831069
9781248831076
9781248831083
9781248831090
9781248831106
9781248831113
9781248831120
9781248831137
9781248831144
9781248831151
9781248831168
9781248831175
9781248831182
9781248831199
9781248831205
9781248831212
9781248831229
9781248831236
9781248831243
9781248831250
9781248831267
9781248831274
9781248831281
9781248831298
9781248831304
9781248831311
9781248831328
9781248831335
9781248831342
9781248831359
9781248831366
9781248831373
9781248831380
9781248831397
9781248831403
9781248831410
9781248831427
9781248831434
9781248831441
9781248831458
9781248831465
9781248831472
9781248831489
9781248831496
9781248831502
9781248831519
9781248831526
9781248831533
9781248831540
9781248831557
9781248831564
9781248831571
9781248831588
9781248831595
9781248831601
9781248831618
9781248831625
9781248831632
9781248831649
9781248831656
9781248831663
9781248831670
9781248831687
9781248831694
9781248831700
9781248831717
9781248831724
9781248831731
9781248831748
9781248831755
9781248831762
9781248831779
9781248831786
9781248831793
9781248831809
9781248831816
9781248831823
9781248831830
9781248831847
9781248831854
9781248831861
9781248831878
9781248831885
9781248831892
9781248831908
9781248831915
9781248831922
9781248831939
9781248831946
9781248831953
9781248831960
9781248831977
9781248831984
9781248831991
9781248832004
9781248832011
9781248832028
9781248832035
9781248832042
9781248832059
9781248832066
9781248832073
9781248832080
9781248832097
9781248832103
9781248832110
9781248832127
9781248832134
9781248832141
9781248832158
9781248832165
9781248832172
9781248832189
9781248832196
9781248832202
9781248832219
9781248832226
9781248832233
9781248832240
9781248832257
9781248832264
9781248832271
9781248832288
9781248832295
9781248832301
9781248832318
9781248832325
9781248832332
9781248832349
9781248832356
9781248832363
9781248832370
9781248832387
9781248832394
9781248832400
9781248832424
9781248832431
9781248832448
9781248832455
9781248832462
9781248832479
9781248832486
9781248832493
9781248832509
9781248832516
9781248832523
9781248832530
9781248832547
9781248832554
9781248832561
9781248832578
9781248832585
9781248832592
9781248832608
9781248832615
9781248832622
9781248832639
9781248832646
9781248832653
9781248832660
9781248832677
9781248832684
9781248832691
9781248832707
9781248832714
9781248832721
9781248832738
9781248832745
9781248832752
9781248832769
9781248832776
9781248832783
9781248832790
9781248832806
9781248832813
9781248832820
9781248832837
9781248832844
9781248832851
9781248832868
9781248832875
9781248832882
9781248832899
9781248832905
9781248832912
9781248832929
9781248832936
9781248832943
9781248832950
9781248832967
9781248832974
9781248832981
9781248832998
9781248833001
9781248833018
9781248833025
9781248833032
9781248833049
9781248833056
9781248833063
9781248833070
9781248833087
9781248833094
9781248833100
9781248833124
9781248833131
9781248833148
9781248833155
9781248833162
9781248833179
9781248833186
9781248833193
9781248833209
9781248833216
9781248833223
9781248833230
9781248833254
9781248833261
9781248833278
9781248833285
9781248833292
9781248833308
9781248833315
9781248833322
9781248833339
9781248833346
9781248833353
9781248833360
9781248833377
9781248833384
9781248833391
9781248833407
9781248833414
9781248833421
9781248833438
9781248833445
9781248833452
9781248833469
9781248833476
9781248833483
9781248833490
9781248833506
9781248833513
9781248833520
9781248833537
9781248833544
9781248833551
9781248833568
9781248833575
9781248833582
9781248833599
9781248833605
9781248833612
9781248833629
9781248833636
9781248833643
9781248833650
9781248833667
9781248833674
9781248833681
9781248833698
9781248833704
9781248833711
9781248833728
9781248833735
9781248833742
9781248833759
9781248833766
9781248833773
9781248833780
9781248833797
9781248833803
9781248833810
9781248833827
9781248833834
9781248833841
9781248833858
9781248833865
9781248833872
9781248833889
9781248833896
9781248833902
9781248833919
9781248833926
9781248833933
9781248833940
9781248833957
9781248833964
9781248833971
9781248833988
9781248833995
9781248834008
9781248834015
9781248834022
9781248834039
9781248834046
9781248834053
9781248834060
9781248834077
9781248834084
9781248834091
9781248834107
9781248834114
9781248834121
9781248834138
9781248834145
9781248834152
9781248834169
9781248834176
9781248834183
9781248834190
9781248834206
9781248834213
9781248834220
9781248834237
9781248834244
9781248834251
9781248834268
9781248834275
9781248834282
9781248834299
9781248834305
9781248834312
9781248834329
9781248834336
9781248834343
9781248834350
9781248834367
9781248834374
9781248834381
9781248834398
9781248834404
9781248834411
9781248834428
9781248834435
9781248834442
9781248834459
9781248834466
9781248834473
9781248834480
9781248834497
9781248834503
9781248834510
9781248834527
9781248834534
9781248834541
9781248834558
9781248834565
9781248834572
9781248834589
9781248834596
9781248834602
9781248834619
9781248834626
9781248834633
9781248834640
9781248834657
9781248834664
9781248834671
9781248834688
9781248834695
9781248834701
9781248834718
9781248834725
9781248834732
9781248834749
9781248834756
9781248834763
9781248834770
9781248834787
9781248834794
9781248834800
9781248834817
9781248834824
9781248834831
9781248834848
9781248834855
9781248834862
9781248834879
9781248834886
9781248834893
9781248834909
9781248834916
9781248834923
9781248834930
9781248834947
9781248834954
9781248834961
9781248834978
9781248834985
9781248834992
9781248835005
9781248835012
9781248835029
9781248835036
9781248835043
9781248835050
9781248835067
9781248835074
9781248835081
9781248835098
9781248835104
9781248835111
9781248835128
9781248835135
9781248835142
9781248835159
9781248835166
9781248835173
9781248835180
9781248835197
9781248835203
9781248835210
9781248835227
9781248835234
9781248835241
9781248835258
9781248835265
9781248835272
9781248835289
9781248835296
9781248835302
9781248835319
9781248835326
9781248835333
9781248835340
9781248835357
9781248835364
9781248835371
9781248835388
9781248835395
9781248835401
9781248835418
9781248835425
9781248835432
9781248835449
9781248835456
9781248835463
9781248835470
9781248835487
9781248835494
9781248835500
9781248835517
9781248835524
9781248835531
9781248835548
9781248835555
9781248835562
9781248835579
9781248835586
9781248835593
9781248835609
9781248835616
9781248835623
9781248835630
9781248835647
9781248835654
9781248835661
9781248835678
9781248835685
9781248835692
9781248835708
9781248835715
9781248835722
9781248835739
9781248835746
9781248835753
9781248835760
9781248835777
9781248835784
9781248835791
9781248835807
9781248835814
9781248835821
9781248835838
9781248835845
9781248835852
9781248835869
9781248835876
9781248835883
9781248835890
9781248835906
9781248835913
9781248835920
9781248835937
9781248835944
9781248835951
9781248835968
9781248835975
9781248835982
9781248835999
9781248836002
9781248836019
9781248836033
9781248836040
9781248836057
9781248836064
9781248836071
9781248836088
9781248836095
9781248836101
9781248836118
9781248836125
9781248836132
9781248836149
9781248836156
9781248836163
9781248836170
9781248836187
9781248836194
9781248836200
9781248836217
9781248836224
9781248836231
9781248836248
9781248836255
9781248836262
9781248836279
9781248836286
9781248836293
9781248836309
9781248836316
9781248836323
9781248836330
9781248836347
9781248836354
9781248836361
9781248836378
9781248836385
9781248836392
9781248836408
9781248836415
9781248836422
9781248836439
9781248836446
9781248836453
9781248836460
9781248836477
9781248836484
9781248836491
9781248836507
9781248836514
9781248836521
9781248836538
9781248836545
9781248836552
9781248836569
9781248836576
9781248836583
9781248836590
9781248836606
9781248836613
9781248836620
9781248836637
9781248836644
9781248836651
9781248836668
9781248836675
9781248836682
9781248836699
9781248836705
9781248836712
9781248836729
9781248836736
9781248836743
9781248836750
9781248836767
9781248836774
9781248836781
9781248836798
9781248836804
9781248836811
9781248836828
9781248836835
9781248836842
9781248836859
9781248836866
9781248836873
9781248836880
9781248836897
9781248836903
9781248836910
9781248836927
9781248836934
9781248836941
9781248836958
9781248836965
9781248836972
9781248836989
9781248836996
9781248837009
9781248837016
9781248837023
9781248837030
9781248837047
9781248837054
9781248837061
9781248837078
9781248837085
9781248837092
9781248837108
9781248837115
9781248837122
9781248837139
9781248837146
9781248837153
9781248837160
9781248837177
9781248837184
9781248837191
9781248837207
9781248837214
9781248837221
9781248837238
9781248837245
9781248837252
9781248837269
9781248837276
9781248837283
9781248837290
9781248837306
9781248837313
9781248837320
9781248837337
9781248837344
9781248837351
9781248837368
9781248837375
9781248837382
9781248837399
9781248837405
9781248837412
9781248837429
9781248837436
9781248837443
9781248837450
9781248837467
9781248837474
9781248837481
9781248837498
9781248837504
9781248837511
9781248837528
9781248837535
9781248837542
9781248837559
9781248837566
9781248837573
9781248837580
9781248837597
9781248837603
9781248837610
9781248837627
9781248837634
9781248837641
9781248837658
9781248837665
9781248837672
9781248837689
9781248837696
9781248837702
9781248837719
9781248837726
9781248837733
9781248837740
9781248837757
9781248837764
9781248837771
9781248837788
9781248837795
9781248837801
9781248837818
9781248837825
9781248837832
9781248837849
9781248837856
9781248837863
9781248837870
9781248837887
9781248837894
9781248837900
9781248837917
9781248837924
9781248837931
9781248837948
9781248837955
9781248837962
9781248837979
9781248837986
9781248837993
9781248838006
9781248838013
9781248838020
9781248838037
9781248838044
9781248838051
9781248838068
9781248838075
9781248838082
9781248838099
9781248838105
9781248838112
9781248838129
9781248838136
9781248838143
9781248838150
9781248838167
9781248838174
9781248838181
9781248838198
9781248838204
9781248838211
9781248838228
9781248838235
9781248838242
9781248838259
9781248838266
9781248838273
9781248838280
9781248838297
9781248838303
9781248838310
9781248838327
9781248838334
9781248838341
9781248838358
9781248838365
9781248838372
9781248838389
9781248838396
9781248838402
9781248838419
9781248838426
9781248838433
9781248838440
9781248838457
9781248838464
9781248838471
9781248838488
9781248838495
9781248838501
9781248838518
9781248838525
9781248838532
9781248838549
9781248838556
9781248838563
9781248838570
9781248838587
9781248838594
9781248838600
9781248838617
9781248838624
9781248838631
9781248838648
9781248838655
9781248838662
9781248838679
9781248838686
9781248838693
9781248838709
9781248838716
9781248838723
9781248838730
9781248838747
9781248838754
9781248838761
9781248838778
9781248838785
9781248838792
9781248838808
9781248838815
9781248838822
9781248838839
9781248838846
9781248838853
9781248838860
9781248838877
9781248838884
9781248838891
9781248838907
9781248838914
9781248838921
9781248838938
9781248838945
9781248838952
9781248838969
9781248838976
9781248838983
9781248838990
9781248839003
9781248839010
9781248839027
9781248839034
9781248839041
9781248839058
9781248839065
9781248839072
9781248839089
9781248839096
9781248839102
9781248839119
9781248839126
9781248839133
9781248839140
9781248839157
9781248839164
9781248839171
9781248839188
9781248839195
9781248839201
9781248839218
9781248839225
9781248839232
9781248839249
9781248839256
9781248839263
9781248839270
9781248839287
9781248839294
9781248839300
9781248839317
9781248839324
9781248839331
9781248839348
9781248839355
9781248839362
9781248839379
9781248839386
9781248839393
9781248839409
9781248839416
9781248839423
9781248839430
9781248839447
9781248839454
9781248839461
9781248839478
9781248839485
9781248839492
9781248839508
9781248839515
9781248839522
9781248839539
9781248839546
9781248839553
9781248839560
9781248839577
9781248839584
9781248839591
9781248839607
9781248839614
9781248839621
9781248839638
9781248839645
9781248839652
9781248839669
9781248839676
9781248839683
9781248839690
9781248839706
9781248839713
9781248839720
9781248839737
9781248839744
9781248839751
9781248839768
9781248839775
9781248839782
9781248839799
9781248839805
9781248839812
9781248839829
9781248839836
9781248839843
9781248839850
9781248839867
9781248839874
9781248839881
9781248839898
9781248839904
9781248839911
9781248839928
9781248839935
9781248839942
9781248839959
9781248839966
9781248839973
9781248839980
9781248839997
9781248840009
9781248840016
9781248840023
9781248840030
9781248840047
9781248840054
9781248840061
9781248840078
9781248840085
9781248840092
9781248840108
9781248840115
9781248840122
9781248840139
9781248840146
9781248840153
9781248840160
9781248840177
9781248840184
9781248840191
9781248840207
9781248840214
9781248840221
9781248840238
9781248840245
9781248840252
9781248840269
9781248840276
9781248840283
9781248840290
9781248840306
9781248840313
9781248840320
9781248840337
9781248840344
9781248840351
9781248840368
9781248840375
9781248840382
9781248840399
9781248840405
9781248840412
9781248840429
9781248840436
9781248840443
9781248840450
9781248840467
9781248840474
9781248840481
9781248840498
9781248840504
9781248840511
9781248840528
9781248840535
9781248840542
9781248840559
9781248840566
9781248840573
9781248840580
9781248840597
9781248840603
9781248840610
9781248840627
9781248840634
9781248840641
9781248840658
9781248840665
9781248840672
9781248840689
9781248840696
9781248840702
9781248840719
9781248840726
9781248840733
9781248840740
9781248840757
9781248840764
9781248840771
9781248840788
9781248840795
9781248840801
9781248840818
9781248840825
9781248840832
9781248840849
9781248840856
9781248840863
9781248840870
9781248840887
9781248840894
9781248840900
9781248840917
9781248840924
9781248840931
9781248840948
9781248840955
9781248840962
9781248840979
9781248840986
9781248840993
9781248841006
9781248841013
9781248841020
9781248841037
9781248841044
9781248841051
9781248841068
9781248841075
9781248841082
9781248841099
9781248841105
9781248841112
9781248841129
9781248841136
9781248841143
9781248841150
9781248841167
9781248841174
9781248841181
9781248841198
9781248841204
9781248841211
9781248841228
9781248841235
9781248841242
9781248841259
9781248841266
9781248841273
9781248841280
9781248841297
9781248841303
9781248841310
9781248841327
9781248841334
9781248841341
9781248841358
9781248841365
9781248841372
9781248841389
9781248841396
9781248841402
9781248841419
9781248841426
9781248841433
9781248841440
9781248841457
9781248841464
9781248841471
9781248841488
9781248841495
9781248841501
9781248841518
9781248841525
9781248841532
9781248841549
9781248841556
9781248841563
9781248841570
9781248841587
9781248841594
9781248841600
9781248841617
9781248841624
9781248841631
9781248841648
9781248841655
9781248841662
9781248841679
9781248841686
9781248841693
9781248841709
9781248841716
9781248841723
9781248841730
9781248841747
9781248841754
9781248841761
9781248841778
9781248841785
9781248841792
9781248841808
9781248841815
9781248841822
9781248841839
9781248841846
9781248841853
9781248841860
9781248841877
9781248841884
9781248841891
9781248841907
9781248841914
9781248841921
9781248841938
9781248841945
9781248841952
9781248841969
9781248841976
9781248841983
9781248841990
9781248842010
9781248842027
9781248842034
9781248842041
9781248842058
9781248842065
9781248842072
9781248842089
9781248842096
9781248842102
9781248842119
9781248842126
9781248842133
9781248842140
9781248842157
9781248842164
9781248842171
9781248842188
9781248842195
9781248842201
9781248842218
9781248842225
9781248842232
9781248842249
9781248842256
9781248842263
9781248842270
9781248842287
9781248842294
9781248842300
9781248842317
9781248842324
9781248842331
9781248842348
9781248842355
9781248842362
9781248842379
9781248842386
9781248842393
9781248842409
9781248842416
9781248842423
9781248842430
9781248842447
9781248842454
9781248842461
9781248842478
9781248842485
9781248842492
9781248842508
9781248842515
9781248842522
9781248842539
9781248842546
9781248842553
9781248842560
9781248842577
9781248842584
9781248842591
9781248842607
9781248842614
9781248842621
9781248842638
9781248842645
9781248842652
9781248842669
9781248842676
9781248842683
9781248842690
9781248842706
9781248842713
9781248842720
9781248842737
9781248842744
9781248842751
9781248842768
9781248842775
9781248842782
9781248842799
9781248842805
9781248842812
9781248842829
9781248842836
9781248842843
9781248842850
9781248842867
9781248842874
9781248842881
9781248842898
9781248842904
9781248842911
9781248842928
9781248842935
9781248842942
9781248842959
9781248842966
9781248842973
9781248842980
9781248842997
9781248843000
9781248843017
9781248843024
9781248843031
9781248843048
9781248843055
9781248843062
9781248843079
9781248843093
9781248843109
9781248843116
9781248843123
9781248843130
9781248843147
9781248843154
9781248843161
9781248843178
9781248843185
9781248843192
9781248843208
9781248843215
9781248843222
9781248843239
9781248843246
9781248843253
9781248843260
9781248843277
9781248843284
9781248843291
9781248843307
9781248843314
9781248843321
9781248843338
9781248843345
9781248843352
9781248843369
9781248843376
9781248843383
9781248843390
9781248843406
9781248843413
9781248843420
9781248843437
9781248843444
9781248843451
9781248843468
9781248843475
9781248843482
9781248843499
9781248843505
9781248843512
9781248843529
9781248843536
9781248843543
9781248843550
9781248843567
9781248843574
9781248843581
9781248843598
9781248843604
9781248843611
9781248843628
9781248843635
9781248843642
9781248843659
9781248843666
9781248843673
9781248843680
9781248843697
9781248843703
9781248843710
9781248843727
9781248843734
9781248843741
9781248843758
9781248843765
9781248843772
9781248843789
9781248843796
9781248843802
9781248843819
9781248843826
9781248843833
9781248843840
9781248843857
9781248843864
9781248843871
9781248843888
9781248843895
9781248843901
9781248843918
9781248843925
9781248843932
9781248843949
9781248843956
9781248843963
9781248843970
9781248843987
9781248843994
9781248844007
9781248844014
9781248844021
9781248844038
9781248844045
9781248844052
9781248844069
9781248844076
9781248844083
9781248844090
9781248844106
9781248844113
9781248844120
9781248844137
9781248844144
9781248844151
9781248844168
9781248844175
9781248844182
9781248844199
9781248844205
9781248844212
9781248844229
9781248844236
9781248844243
9781248844250
9781248844267
9781248844274
9781248844281
9781248844298
9781248844304
9781248844311
9781248844328
9781248844335
9781248844342
9781248844359
9781248844366
9781248844373
9781248844380
9781248844397
9781248844403
9781248844410
9781248844427
9781248844434
9781248844441
9781248844458
9781248844465
9781248844472
9781248844489
9781248844496
9781248844502
9781248844519
9781248844526
9781248844533
9781248844540
9781248844557
9781248844564
9781248844571
9781248844588
9781248844595
9781248844601
9781248844618
9781248844625
9781248844632
9781248844649
9781248844656
9781248844663
9781248844670
9781248844687
9781248844694
9781248844700
9781248844717
9781248844724
9781248844731
9781248844748
9781248844755
9781248844762
9781248844779
9781248844786
9781248844793
9781248844809
9781248844816
9781248844823
9781248844830
9781248844847
9781248844854
9781248844861
9781248844878
9781248844885
9781248844892
9781248844908
9781248844915
9781248844922
9781248844939
9781248844946
9781248844953
9781248844960
9781248844977
9781248844984
9781248844991
9781248845004
9781248845011
9781248845028
9781248845035
9781248845042
9781248845059
9781248845066
9781248845073
9781248845080
9781248845097
9781248845103
9781248845110
9781248845127
9781248845134
9781248845141
9781248845158
9781248845165
9781248845172
9781248845189
9781248845196
9781248845202
9781248845219
9781248845226
9781248845233
9781248845240
9781248845257
9781248845264
9781248845271
9781248845288
9781248845295
9781248845301
9781248845318
9781248845325
9781248845332
9781248845349
9781248845356
9781248845363
9781248845370
9781248845387
9781248845394
9781248845400
9781248845417
9781248845424
9781248845431
9781248845448
9781248845455
9781248845462
9781248845479
9781248845486
9781248845493
9781248845509
9781248845516
9781248845523
9781248845530
9781248845547
9781248845554
9781248845561
9781248845578
9781248845585
9781248845592
9781248845608
9781248845615
9781248845622
9781248845639
9781248845646
9781248845653
9781248845660
9781248845677
9781248845684
9781248845691
9781248845707
9781248845714
9781248845721
9781248845738
9781248845745
9781248845752
9781248845769
9781248845776
9781248845783
9781248845790
9781248845806
9781248845813
9781248845820
9781248845837
9781248845844
9781248845851
9781248845868
9781248845875
9781248845882
9781248845899
9781248845905
9781248845912
9781248845929
9781248845936
9781248845943
9781248845950
9781248845967
9781248845974
9781248845981
9781248845998
9781248846001
9781248846018
9781248846025
9781248846032
9781248846049
9781248846056
9781248846063
9781248846070
9781248846087
9781248846094
9781248846100
9781248846117
9781248846124
9781248846131
9781248846148
9781248846155
9781248846162
9781248846179
9781248846186
9781248846193
9781248846209
9781248846216
9781248846223
9781248846230
9781248846247
9781248846254
9781248846261
9781248846278
9781248846285
9781248846292
9781248846308
9781248846315
9781248846322
9781248846339
9781248846346
9781248846353
9781248846360
9781248846377
9781248846384
9781248846391
9781248846407
9781248846414
9781248846421
9781248846438
9781248846445
9781248846452
9781248846469
9781248846476
9781248846483
9781248846490
9781248846506
9781248846513
9781248846520
9781248846537
9781248846544
9781248846551
9781248846568
9781248846575
9781248846582
9781248846599
9781248846605
9781248846612
9781248846629
9781248846636
9781248846643
9781248846650
9781248846667
9781248846674
9781248846681
9781248846698
9781248846704
9781248846711
9781248846728
9781248846735
9781248846742
9781248846759
9781248846766
9781248846773
9781248846780
9781248846797
9781248846803
9781248846810
9781248846827
9781248846834
9781248846841
9781248846858
9781248846865
9781248846872
9781248846889
9781248846896
9781248846902
9781248846919
9781248846926
9781248846933
9781248846940
9781248846957
9781248846964
9781248846971
9781248846988
9781248846995
9781248847008
9781248847015
9781248847022
9781248847039
9781248847046
9781248847053
9781248847060
9781248847077
9781248847084
9781248847091
9781248847107
9781248847114
9781248847121
9781248847138
9781248847145
9781248847152
9781248847169
9781248847176
9781248847183
9781248847190
9781248847206
9781248847213
9781248847220
9781248847237
9781248847244
9781248847251
9781248847268
9781248847275
9781248847282
9781248847299
9781248847305
9781248847312
9781248847329
9781248847336
9781248847343
9781248847350
9781248847367
9781248847374
9781248847381
9781248847398
9781248847404
9781248847411
9781248847428
9781248847435
9781248847442
9781248847459
9781248847466
9781248847473
9781248847480
9781248847497
9781248847503
9781248847510
9781248847527
9781248847534
9781248847541
9781248847558
9781248847565
9781248847572
9781248847589
9781248847596
9781248847602
9781248847619
9781248847626
9781248847633
9781248847640
9781248847657
9781248847664
9781248847671
9781248847688
9781248847695
9781248847701
9781248847718
9781248847725
9781248847732
9781248847749
9781248847756
9781248847763
9781248847770
9781248847787
9781248847794
9781248847800
9781248847817
9781248847824
9781248847831
9781248847848
9781248847855
9781248847862
9781248847879
9781248847886
9781248847893
9781248847909
9781248847916
9781248847923
9781248847930
9781248847947
9781248847954
9781248847961
9781248847978
9781248847985
9781248847992
9781248848005
9781248848012
9781248848029
9781248848036
9781248848043
9781248848050
9781248848067
9781248848074
9781248848081
9781248848098
9781248848104
9781248848111
9781248848128
9781248848135
9781248848142
9781248848159
9781248848166
9781248848173
9781248848180
9781248848197
9781248848203
9781248848210
9781248848227
9781248848234
9781248848241
9781248848258
9781248848265
9781248848272
9781248848289
9781248848296
9781248848302
9781248848319
9781248848326
9781248848333
9781248848340
9781248848357
9781248848364
9781248848371
9781248848388
9781248848395
9781248848401
9781248848418
9781248848425
9781248848432
9781248848449
9781248848456
9781248848463
9781248848470
9781248848487
9781248848494
9781248848500
9781248848517
9781248848524
9781248848531
9781248848548
9781248848555
9781248848562
9781248848579
9781248848586
9781248848593
9781248848609
9781248848616
9781248848623
9781248848630
9781248848647
9781248848654
9781248848661
9781248848678
9781248848685
9781248848692
9781248848708
9781248848715
9781248848722
9781248848739
9781248848746
9781248848753
9781248848760
9781248848777
9781248848784
9781248848791
9781248848807
9781248848814
9781248848821
9781248848838
9781248848845
9781248848852
9781248848869
9781248848876
9781248848883
9781248848890
9781248848906
9781248848913
9781248848920
9781248848937
9781248848944
9781248848951
9781248848968
9781248848975
9781248848982
9781248848999
9781248849002
9781248849019
9781248849026
9781248849033
9781248849040
9781248849057
9781248849064
9781248849071
9781248849088
9781248849095
9781248849101
9781248849118
9781248849125
9781248849132
9781248849149
9781248849156
9781248849163
9781248849170
9781248849187
9781248849194
9781248849200
9781248849217
9781248849224
9781248849231
9781248849248
9781248849255
9781248849262
9781248849279
9781248849286
9781248849293
9781248849309
9781248849316
9781248849323
9781248849330
9781248849347
9781248849354
9781248849361
9781248849378
9781248849385
9781248849392
9781248849408
9781248849415
9781248849422
9781248849439
9781248849446
9781248849453
9781248849460
9781248849477
9781248849484
9781248849491
9781248849507
9781248849514
9781248849521
9781248849538
9781248849545
9781248849552
9781248849569
9781248849576
9781248849583
9781248849590
9781248849606
9781248849613
9781248849620
9781248849637
9781248849644
9781248849651
9781248849668
9781248849675
9781248849682
9781248849699
9781248849705
9781248849712
9781248849729
9781248849736
9781248849743
9781248849750
9781248849767
9781248849774
9781248849781
9781248849798
9781248849804
9781248849811
9781248849828
9781248849835
9781248849842
9781248849859
9781248849866
9781248849873
9781248849880
9781248849897
9781248849903
9781248849910
9781248849927
9781248849934
9781248849941
9781248849958
9781248849965
9781248849972
9781248849989
9781248849996
9781248850008
9781248850015
9781248850022
9781248850039
9781248850046
9781248850053
9781248850060
9781248850077
9781248850084
9781248850091
9781248850107
9781248850114
9781248850121
9781248850138
9781248850145
9781248850152
9781248850169
9781248850176
9781248850183
9781248850190
9781248850206
9781248850213
9781248850220
9781248850237
9781248850244
9781248850251
9781248850268
9781248850275
9781248850282
9781248850299
9781248850305
9781248850312
9781248850329
9781248850336
9781248850343
9781248850350
9781248850367
9781248850374
9781248850381
9781248850398
9781248850404
9781248850411
9781248850428
9781248850435
9781248850442
9781248850459
9781248850466
9781248850473
9781248850480
9781248850497
9781248850503
9781248850510
9781248850527
9781248850534
9781248850541
9781248850558
9781248850565
9781248850572
9781248850589
9781248850596
9781248850602
9781248850619
9781248850626
9781248850633
9781248850640
9781248850657
9781248850664
9781248850671
9781248850688
9781248850695
9781248850701
9781248850718
9781248850725
9781248850732
9781248850749
9781248850756
9781248850763
9781248850770
9781248850787
9781248850794
9781248850800
9781248850817
9781248850824
9781248850831
9781248850848
9781248850855
9781248850862
9781248850879
9781248850886
9781248850893
9781248850909
9781248850916
9781248850923
9781248850930
9781248850947
9781248850954
9781248850961
9781248850978
9781248850985
9781248850992
9781248851005
9781248851012
9781248851029
9781248851036
9781248851043
9781248851050
9781248851067
9781248851074
9781248851081
9781248851098
9781248851104
9781248851111
9781248851128
9781248851135
9781248851142
9781248851159
9781248851166
9781248851173
9781248851180
9781248851197
9781248851203
9781248851210
9781248851227
9781248851234
9781248851241
9781248851258
9781248851265
9781248851272
9781248851289
9781248851296
9781248851302
9781248851319
9781248851326
9781248851333
9781248851340
9781248851357
9781248851364
9781248851371
9781248851388
9781248851395
9781248851401
9781248851418
9781248851425
9781248851432
9781248851449
9781248851456
9781248851463
9781248851470
9781248851487
9781248851494
9781248851500
9781248851517
9781248851524
9781248851531
9781248851548
9781248851555
9781248851562
9781248851579
9781248851586
9781248851593
9781248851609
9781248851616
9781248851623
9781248851630
9781248851647
9781248851654
9781248851661
9781248851678
9781248851685
9781248851692
9781248851708
9781248851715
9781248851722
9781248851739
9781248851746
9781248851753
9781248851760
9781248851777
9781248851784
9781248851791
9781248851807
9781248851814
9781248851821
9781248851838
9781248851845
9781248851852
9781248851869
9781248851876
9781248851883
9781248851890
9781248851906
9781248851913
9781248851920
9781248851937
9781248851944
9781248851951
9781248851968
9781248851975
9781248851982
9781248851999
9781248852002
9781248852019
9781248852026
9781248852033
9781248852040
9781248852057
9781248852064
9781248852071
9781248852088
9781248852095
9781248852101
9781248852118
9781248852125
9781248852132
9781248852149
9781248852156
9781248852163
9781248852170
9781248852187
9781248852194
9781248852200
9781248852217
9781248852224
9781248852231
9781248852248
9781248852255
9781248852262
9781248852279
9781248852286
9781248852293
9781248852309
9781248852316
9781248852323
9781248852330
9781248852347
9781248852354
9781248852361
9781248852378
9781248852385
9781248852392
9781248852408
9781248852415
9781248852422
9781248852439
9781248852446
9781248852453
9781248852460
9781248852477
9781248852484
9781248852491
9781248852507
9781248852514
9781248852521
9781248852538
9781248852545
9781248852552
9781248852569
9781248852576
9781248852583
9781248852590
9781248852606
9781248852613
9781248852620
9781248852637
9781248852644
9781248852651
9781248852668
9781248852675
9781248852682
9781248852699
9781248852705
9781248852712
9781248852729
9781248852736
9781248852743
9781248852750
9781248852767
9781248852774
9781248852781
9781248852798
9781248852804
9781248852811
9781248852828
9781248852835
9781248852842
9781248852859
9781248852866
9781248852873
9781248852880
9781248852897
9781248852903
9781248852910
9781248852927
9781248852934
9781248852941
9781248852958
9781248852965
9781248852972
9781248852989
9781248852996
9781248853009
9781248853016
9781248853023
9781248853030
9781248853047
9781248853054
9781248853061
9781248853078
9781248853085
9781248853092
9781248853108
9781248853115
9781248853122
9781248853139
9781248853146
9781248853153
9781248853160
9781248853177
9781248853184
9781248853191
9781248853207
9781248853214
9781248853221
9781248853238
9781248853245
9781248853252
9781248853269
9781248853276
9781248853283
9781248853290
9781248853306
9781248853313
9781248853320
9781248853337
9781248853344
9781248853351
9781248853368
9781248853375
9781248853382
9781248853399
9781248853405
9781248853412
9781248853429
9781248853436
9781248853443
9781248853450
9781248853467
9781248853474
9781248853481
9781248853498
9781248853504
9781248853511
9781248853528
9781248853535
9781248853542
9781248853559
9781248853566
9781248853573
9781248853580
9781248853597
9781248853603
9781248853610
9781248853627
9781248853634
9781248853641
9781248853658
9781248853665
9781248853672
9781248853689
9781248853696
9781248853702
9781248853719
9781248853726
9781248853733
9781248853740
9781248853757
9781248853764
9781248853771
9781248853788
9781248853795
9781248853801
9781248853818
9781248853825
9781248853832
9781248853849
9781248853856
9781248853863
9781248853870
9781248853887
9781248853894
9781248853900
9781248853917
9781248853924
9781248853931
9781248853948
9781248853955
9781248853962
9781248853979
9781248853986
9781248853993
9781248854006
9781248854013
9781248854020
9781248854037
9781248854044
9781248854051
9781248854068
9781248854075
9781248854082
9781248854099
9781248854105
9781248854112
9781248854129
9781248854136
9781248854143
9781248854150
9781248854167
9781248854174
9781248854181
9781248854198
9781248854204
9781248854211
9781248854228
9781248854235
9781248854242
9781248854259
9781248854266
9781248854273
9781248854280
9781248854297
9781248854303
9781248854310
9781248854327
9781248854334
9781248854341
9781248854358
9781248854365
9781248854372
9781248854389
9781248854396
9781248854402
9781248854419
9781248854426
9781248854433
9781248854440
9781248854457
9781248854464
9781248854471
9781248854488
9781248854495
9781248854501
9781248854518
9781248854525
9781248854532
9781248854549
9781248854556
9781248854563
9781248854570
9781248854587
9781248854594
9781248854600
9781248854617
9781248854624
9781248854631
9781248854648
9781248854655
9781248854662
9781248854679
9781248854686
9781248854693
9781248854709
9781248854716
9781248854723
9781248854730
9781248854747
9781248854754
9781248854761
9781248854778
9781248854785
9781248854792
9781248854808
9781248854815
9781248854822
9781248854839
9781248854846
9781248854853
9781248854860
9781248854877
9781248854884
9781248854891
9781248854907
9781248854914
9781248854921
9781248854938
9781248854945
9781248854952
9781248854969
9781248854976
9781248854983
9781248854990
9781248855003
9781248855010
9781248855027
9781248855034
9781248855041
9781248855058
9781248855065
9781248855072
9781248855089
9781248855096
9781248855102
9781248855119
9781248855126
9781248855133
9781248855140
9781248855157
9781248855164
9781248855171
9781248855188
9781248855195
9781248855201
9781248855218
9781248855225
9781248855232
9781248855249
9781248855256
9781248855263
9781248855270
9781248855287
9781248855294
9781248855300
9781248855317
9781248855324
9781248855331
9781248855348
9781248855355
9781248855362
9781248855379
9781248855386
9781248855393
9781248855409
9781248855416
9781248855423
9781248855430
9781248855447
9781248855454
9781248855461
9781248855478
9781248855485
9781248855492
9781248855508
9781248855515
9781248855522
9781248855539
9781248855546
9781248855553
9781248855560
9781248855577
9781248855584
9781248855591
9781248855607
9781248855614
9781248855621
9781248855638
9781248855645
9781248855652
9781248855669
9781248855676
9781248855683
9781248855690
9781248855706
9781248855713
9781248855720
9781248855737
9781248855744
9781248855751
9781248855768
9781248855775
9781248855782
9781248855799
9781248855805
9781248855812
9781248855829
9781248855836
9781248855843
9781248855850
9781248855867
9781248855874
9781248855881
9781248855898
9781248855904
9781248855911
9781248855928
9781248855935
9781248855942
9781248855959
9781248855966
9781248855973
9781248855980
9781248855997
9781248856000
9781248856017
9781248856024
9781248856031
9781248856048
9781248856055
9781248856062
9781248856079
9781248856086
9781248856093
9781248856109
9781248856116
9781248856123
9781248856130
9781248856147
9781248856154
9781248856161
9781248856178
9781248856185
9781248856192
9781248856208
9781248856215
9781248856222
9781248856239
9781248856246
9781248856253
9781248856260
9781248856277
9781248856284
9781248856291
9781248856307
9781248856314
9781248856321
9781248856338
9781248856345
9781248856352
9781248856369
9781248856376
9781248856383
9781248856390
9781248856406
9781248856413
9781248856420
9781248856437
9781248856444
9781248856451
9781248856468
9781248856475
9781248856482
9781248856499
9781248856505
9781248856512
9781248856529
9781248856536
9781248856543
9781248856550
9781248856567
9781248856574
9781248856581
9781248856598
9781248856604
9781248856611
9781248856628
9781248856635
9781248856642
9781248856659
9781248856666
9781248856673
9781248856680
9781248856697
9781248856703
9781248856710
9781248856727
9781248856734
9781248856741
9781248856758
9781248856765
9781248856772
9781248856789
9781248856796
9781248856802
9781248856819
9781248856826
9781248856833
9781248856840
9781248856857
9781248856864
9781248856871
9781248856888
9781248856895
9781248856901
9781248856918
9781248856925
9781248856932
9781248856949
9781248856956
9781248856963
9781248856970
9781248856987
9781248856994
9781248857007
9781248857014
9781248857021
9781248857038
9781248857045
9781248857052
9781248857069
9781248857076
9781248857083
9781248857090
9781248857106
9781248857113
9781248857120
9781248857137
9781248857144
9781248857151
9781248857168
9781248857175
9781248857182
9781248857199
9781248857205
9781248857212
9781248857229
9781248857236
9781248857243
9781248857250
9781248857267
9781248857274
9781248857281
9781248857298
9781248857304
9781248857311
9781248857328
9781248857335
9781248857342
9781248857359
9781248857366
9781248857373
9781248857380
9781248857397
9781248857403
9781248857410
9781248857427
9781248857434
9781248857441
9781248857458
9781248857465
9781248857472
9781248857489
9781248857496
9781248857502
9781248857519
9781248857526
9781248857533
9781248857540
9781248857557
9781248857564
9781248857571
9781248857588
9781248857595
9781248857601
9781248857618
9781248857625
9781248857632
9781248857649
9781248857656
9781248857663
9781248857670
9781248857687
9781248857694
9781248857700
9781248857717
9781248857724
9781248857731
9781248857748
9781248857755
9781248857762
9781248857779
9781248857786
9781248857793
9781248857809
9781248857816
9781248857823
9781248857830
9781248857847
9781248857854
9781248857861
9781248857878
9781248857885
9781248857892
9781248857908
9781248857915
9781248857922
9781248857939
9781248857946
9781248857953
9781248857960
9781248857977
9781248857984
9781248857991
9781248858004
9781248858011
9781248858028
9781248858035
9781248858042
9781248858059
9781248858066
9781248858073
9781248858080
9781248858097
9781248858103
9781248858110
9781248858127
9781248858134
9781248858141
9781248858158
9781248858165
9781248858172
9781248858189
9781248858196
9781248858202
9781248858219
9781248858226
9781248858233
9781248858240
9781248858257
9781248858264
9781248858271
9781248858288
9781248858295
9781248858301
9781248858318
9781248858325
9781248858332
9781248858349
9781248858356
9781248858363
9781248858370
9781248858387
9781248858394
9781248858400
9781248858417
9781248858424
9781248858431
9781248858448
9781248858455
9781248858462
9781248858479
9781248858486
9781248858493
9781248858509
9781248858516
9781248858523
9781248858530
9781248858547
9781248858554
9781248858561
9781248858578
9781248858585
9781248858592
9781248858608
9781248858615
9781248858622
9781248858639
9781248858646
9781248858653
9781248858660
9781248858677
9781248858684
9781248858691
9781248858707
9781248858714
9781248858721
9781248858738
9781248858745
9781248858752
9781248858769
9781248858776
9781248858783
9781248858790
9781248858806
9781248858813
9781248858820
9781248858837
9781248858844
9781248858851
9781248858868
9781248858875
9781248858882
9781248858899
9781248858905
9781248858912
9781248858929
9781248858936
9781248858943
9781248858950
9781248858967
9781248858974
9781248858981
9781248858998
9781248859001
9781248859018
9781248859025
9781248859032
9781248859049
9781248859056
9781248859063
9781248859070
9781248859087
9781248859094
9781248859100
9781248859117
9781248859124
9781248859131
9781248859148
9781248859155
9781248859162
9781248859179
9781248859186
9781248859193
9781248859209
9781248859216
9781248859223
9781248859230
9781248859247
9781248859254
9781248859261
9781248859278
9781248859285
9781248859292
9781248859308
9781248859315
9781248859322
9781248859339
9781248859346
9781248859353
9781248859360
9781248859377
9781248859384
9781248859391
9781248859407
9781248859414
9781248859421
9781248859438
9781248859445
9781248859452
9781248859469
9781248859476
9781248859483
9781248859490
9781248859506
9781248859513
9781248859520
9781248859537
9781248859544
9781248859551
9781248859568
9781248859575
9781248859582
9781248859599
9781248859605
9781248859612
9781248859629
9781248859636
9781248859643
9781248859650
9781248859667
9781248859674
9781248859681
9781248859698
9781248859704
9781248859711
9781248859728
9781248859735
9781248859742
9781248859759
9781248859766
9781248859773
9781248859780
9781248859797
9781248859803
9781248859810
9781248859827
9781248859834
9781248859841
9781248859858
9781248859865
9781248859872
9781248859889
9781248859896
9781248859902
9781248859919
9781248859926
9781248859933
9781248859940
9781248859957
9781248859964
9781248859971
9781248859988
9781248859995
9781248860007
9781248860014
9781248860021
9781248860038
9781248860045
9781248860052
9781248860069
9781248860076
9781248860083
9781248860090
9781248860106
9781248860113
9781248860120
9781248860137
9781248860144
9781248860151
9781248860168
9781248860175
9781248860182
9781248860199
9781248860205
9781248860212
9781248860229
9781248860236
9781248860243
9781248860250
9781248860267
9781248860274
9781248860281
9781248860298
9781248860304
9781248860311
9781248860328
9781248860335
9781248860342
9781248860359
9781248860366
9781248860373
9781248860380
9781248860397
9781248860403
9781248860410
9781248860427
9781248860434
9781248860441
9781248860458
9781248860465
9781248860472
9781248860489
9781248860496
9781248860502
9781248860519
9781248860526
9781248860533
9781248860540
9781248860557
9781248860564
9781248860571
9781248860588
9781248860595
9781248860601
9781248860618
9781248860625
9781248860632
9781248860649
9781248860656
9781248860663
9781248860670
9781248860687
9781248860694
9781248860700
9781248860717
9781248860724
9781248860731
9781248860748
9781248860755
9781248860762
9781248860779
9781248860786
9781248860793
9781248860809
9781248860816
9781248860823
9781248860830
9781248860847
9781248860854
9781248860861
9781248860878
9781248860885
9781248860892
9781248860908
9781248860915
9781248860922
9781248860939
9781248860946
9781248860953
9781248860960
9781248860977
9781248860984
9781248860991
9781248861004
9781248861011
9781248861028
9781248861035
9781248861042
9781248861059
9781248861066
9781248861073
9781248861080
9781248861097
9781248861110
9781248861127
9781248861134
9781248861141
9781248861158
9781248861165
9781248861172
9781248861189
9781248861196
9781248861202
9781248861219
9781248861226
9781248861233
9781248861240
9781248861257
9781248861264
9781248861271
9781248861288
9781248861295
9781248861301
9781248861318
9781248861325
9781248861332
9781248861349
9781248861356
9781248861363
9781248861370
9781248861387
9781248861394
9781248861400
9781248861417
9781248861424
9781248861431
9781248861448
9781248861455
9781248861462
9781248861479
9781248861486
9781248861493
9781248861509
9781248861516
9781248861523
9781248861530
9781248861547
9781248861554
9781248861561
9781248861578
9781248861585
9781248861592
9781248861608
9781248861615
9781248861622
9781248861639
9781248861646
9781248861653
9781248861660
9781248861677
9781248861684
9781248861691
9781248861707
9781248861714
9781248861721
9781248861738
9781248861745
9781248861752
9781248861769
9781248861776
9781248861783
9781248861790
9781248861806
9781248861813
9781248861820
9781248861837
9781248861844
9781248861851
9781248861868
9781248861875
9781248861882
9781248861899
9781248861905
9781248861912
9781248861929
9781248861936
9781248861943
9781248861950
9781248861967
9781248861974
9781248861981
9781248861998
9781248862001
9781248862018
9781248862025
9781248862032
9781248862049
9781248862056
9781248862063
9781248862070
9781248862087
9781248862094
9781248862100
9781248862117
9781248862124
9781248862131
9781248862148
9781248862155
9781248862162
9781248862179
9781248862186
9781248862193
9781248862209
9781248862216
9781248862223
9781248862230
9781248862247
9781248862254
9781248862261
9781248862278
9781248862285
9781248862292
9781248862308
9781248862315
9781248862322
9781248862339
9781248862346
9781248862353
9781248862360
9781248862377
9781248862384
9781248862391
9781248862407
9781248862414
9781248862421
9781248862438
9781248862445
9781248862452
9781248862469
9781248862476
9781248862483
9781248862490
9781248862506
9781248862513
9781248862520
9781248862537
9781248862544
9781248862551
9781248862568
9781248862575
9781248862582
9781248862599
9781248862605
9781248862612
9781248862629
9781248862636
9781248862643
9781248862650
9781248862667
9781248862674
9781248862681
9781248862698
9781248862704
9781248862711
9781248862728
9781248862735
9781248862742
9781248862759
9781248862766
9781248862773
9781248862780
9781248862797
9781248862803
9781248862810
9781248862827
9781248862834
9781248862841
9781248862858
9781248862865
9781248862872
9781248862889
9781248862896
9781248862902
9781248862919
9781248862926
9781248862933
9781248862940
9781248862957
9781248862964
9781248862988
9781248862995
9781248863008
9781248863015
9781248863022
9781248863039
9781248863046
9781248863053
9781248863060
9781248863077
9781248863084
9781248863091
9781248863107
9781248863114
9781248863121
9781248863138
9781248863145
9781248863152
9781248863169
9781248863176
9781248863183
9781248863190
9781248863206
9781248863213
9781248863220
9781248863237
9781248863244
9781248863251
9781248863268
9781248863275
9781248863282
9781248863299
9781248863305
9781248863312
9781248863329
9781248863336
9781248863343
9781248863350
9781248863367
9781248863374
9781248863381
9781248863398
9781248863404
9781248863411
9781248863428
9781248863435
9781248863442
9781248863459
9781248863466
9781248863473
9781248863480
9781248863497
9781248863503
9781248863510
9781248863527
9781248863534
9781248863541
9781248863558
9781248863565
9781248863572
9781248863589
9781248863596
9781248863602
9781248863619
9781248863626
9781248863633
9781248863640
9781248863657
9781248863664
9781248863671
9781248863688
9781248863695
9781248863701
9781248863718
9781248863725
9781248863732
9781248863749
9781248863756
9781248863763
9781248863770
9781248863787
9781248863794
9781248863800
9781248863817
9781248863824
9781248863831
9781248863848
9781248863855
9781248863862
9781248863879
9781248863886
9781248863893
9781248863909
9781248863916
9781248863923
9781248863930
9781248863947
9781248863954
9781248863961
9781248863978
9781248863985
9781248863992
9781248864005
9781248864012
9781248864029
9781248864036
9781248864043
9781248864050
9781248864067
9781248864074
9781248864081
9781248864098
9781248864104
9781248864111
9781248864128
9781248864135
9781248864142
9781248864159
9781248864166
9781248864173
9781248864180
9781248864197
9781248864203
9781248864210
9781248864227
9781248864234
9781248864241
9781248864258
9781248864265
9781248864272
9781248864289
9781248864296
9781248864302
9781248864319
9781248864326
9781248864333
9781248864340
9781248864357
9781248864364
9781248864371
9781248864388
9781248864395
9781248864401
9781248864418
9781248864425
9781248864432
9781248864449
9781248864456
9781248864463
9781248864470
9781248864487
9781248864494
9781248864500
9781248864517
9781248864524
9781248864531
9781248864548
9781248864555
9781248864562
9781248864579
9781248864586
9781248864593
9781248864609
9781248864616
9781248864623
9781248864630
9781248864647
9781248864654
9781248864661
9781248864678
9781248864685
9781248864692
9781248864708
9781248864715
9781248864722
9781248864739
9781248864746
9781248864753
9781248864760
9781248864777
9781248864784
9781248864791
9781248864807
9781248864814
9781248864821
9781248864838
9781248864845
9781248864852
9781248864869
9781248864876
9781248864883
9781248864890
9781248864906
9781248864913
9781248864920
9781248864937
9781248864944
9781248864951
9781248864968
9781248864975
9781248864982
9781248864999
9781248865002
9781248865019
9781248865026
9781248865033
9781248865040
9781248865057
9781248865064
9781248865071
9781248865088
9781248865095
9781248865101
9781248865118
9781248865125
9781248865132
9781248865149
9781248865156
9781248865163
9781248865170
9781248865187
9781248865194
9781248865200
9781248865217
9781248865224
9781248865231
9781248865248
9781248865255
9781248865262
9781248865279
9781248865286
9781248865293
9781248865309
9781248865316
9781248865323
9781248865330
9781248865347
9781248865354
9781248865361
9781248865378
9781248865385
9781248865392
9781248865408
9781248865415
9781248865422
9781248865439
9781248865446
9781248865453
9781248865460
9781248865477
9781248865484
9781248865491
9781248865507
9781248865514
9781248865521
9781248865538
9781248865545
9781248865552
9781248865569
9781248865576
9781248865583
9781248865590
9781248865606
9781248865613
9781248865620
9781248865637
9781248865644
9781248865651
9781248865668
9781248865675
9781248865682
9781248865699
9781248865705
9781248865712
9781248865729
9781248865736
9781248865743
9781248865750
9781248865767
9781248865774
9781248865781
9781248865798
9781248865804
9781248865811
9781248865828
9781248865835
9781248865842
9781248865859
9781248865866
9781248865873
9781248865880
9781248865897
9781248865903
9781248865910
9781248865927
9781248865934
9781248865941
9781248865958
9781248865965
9781248865972
9781248865989
9781248865996
9781248866009
9781248866016
9781248866023
9781248866030
9781248866047
9781248866054
9781248866061
9781248866078
9781248866085
9781248866092
9781248866108
9781248866115
9781248866122
9781248866139
9781248866146
9781248866153
9781248866160
9781248866177
9781248866184
9781248866191
9781248866207
9781248866214
9781248866221
9781248866238
9781248866245
9781248866252
9781248866269
9781248866276
9781248866283
9781248866290
9781248866306
9781248866313
9781248866320
9781248866337
9781248866344
9781248866351
9781248866368
9781248866375
9781248866382
9781248866399
9781248866405
9781248866412
9781248866429
9781248866436
9781248866443
9781248866450
9781248866467
9781248866474
9781248866481
9781248866498
9781248866504
9781248866511
9781248866528
9781248866535
9781248866559
9781248866566
9781248866573
9781248866580
9781248866597
9781248866603
9781248866610
9781248866627
9781248866634
9781248866641
9781248866658
9781248866665
9781248866672
9781248866689
9781248866696
9781248866702
9781248866719
9781248866726
9781248866733
9781248866740
9781248866757
9781248866764
9781248866771
9781248866788
9781248866795
9781248866801
9781248866818
9781248866825
9781248866832
9781248866849
9781248866856
9781248866863
9781248866870
9781248866887
9781248866894
9781248866900
9781248866917
9781248866924
9781248866931
9781248866948
9781248866955
9781248866962
9781248866979
9781248866986
9781248866993
9781248867006
9781248867013
9781248867020
9781248867037
9781248867044
9781248867051
9781248867068
9781248867075
9781248867082
9781248867099
9781248867105
9781248867112
9781248867129
9781248867136
9781248867143
9781248867150
9781248867167
9781248867174
9781248867181
9781248867198
9781248867204
9781248867211
9781248867228
9781248867235
9781248867242
9781248867259
9781248867266
9781248867273
9781248867280
9781248867297
9781248867303
9781248867310
9781248867327
9781248867334
9781248867341
9781248867358
9781248867365
9781248867372
9781248867389
9781248867396
9781248867402
9781248867419
9781248867426
9781248867433
9781248867440
9781248867457
9781248867464
9781248867471
9781248867488
9781248867495
9781248867501
9781248867518
9781248867525
9781248867532
9781248867549
9781248867556
9781248867563
9781248867570
9781248867587
9781248867594
9781248867600
9781248867617
9781248867624
9781248867631
9781248867648
9781248867655
9781248867662
9781248867679
9781248867686
9781248867693
9781248867709
9781248867716
9781248867723
9781248867730
9781248867747
9781248867754
9781248867761
9781248867778
9781248867785
9781248867792
9781248867808
9781248867815
9781248867822
9781248867839
9781248867846
9781248867853
9781248867860
9781248867877
9781248867884
9781248867891
9781248867907
9781248867914
9781248867921
9781248867938
9781248867945
9781248867952
9781248867969
9781248867976
9781248867983
9781248867990
9781248868003
9781248868010
9781248868027
9781248868034
9781248868041
9781248868058
9781248868065
9781248868072
9781248868089
9781248868096
9781248868102
9781248868119
9781248868126
9781248868133
9781248868140
9781248868157
9781248868164
9781248868171
9781248868188
9781248868195
9781248868201
9781248868218
9781248868225
9781248868232
9781248868249
9781248868256
9781248868263
9781248868270
9781248868287
9781248868294
9781248868300
9781248868317
9781248868324
9781248868331
9781248868348
9781248868355
9781248868362
9781248868379
9781248868386
9781248868393
9781248868409
9781248868416
9781248868423
9781248868430
9781248868447
9781248868454
9781248868461
9781248868478
9781248868485
9781248868492
9781248868508
9781248868515
9781248868522
9781248868539
9781248868546
9781248868553
9781248868560
9781248868577
9781248868584
9781248868591
9781248868607
9781248868614
9781248868621
9781248868638
9781248868645
9781248868652
9781248868669
9781248868676
9781248868683
9781248868690
9781248868706
9781248868713
9781248868720
9781248868737
9781248868744
9781248868751
9781248868768
9781248868775
9781248868782
9781248868799
9781248868805
9781248868812
9781248868829
9781248868836
9781248868843
9781248868850
9781248868867
9781248868874
9781248868881
9781248868898
9781248868904
9781248868911
9781248868928
9781248868935
9781248868942
9781248868959
9781248868966
9781248868973
9781248868980
9781248868997
9781248869000
9781248869017
9781248869024
9781248869031
9781248869048
9781248869055
9781248869062
9781248869079
9781248869086
9781248869093
9781248869109
9781248869116
9781248869123
9781248869130
9781248869147
9781248869154
9781248869161
9781248869178
9781248869185
9781248869192
9781248869208
9781248869215
9781248869222
9781248869239
9781248869246
9781248869253
9781248869260
9781248869277
9781248869284
9781248869291
9781248869307
9781248869314
9781248869321
9781248869338
9781248869345
9781248869352
9781248869369
9781248869376
9781248869383
9781248869390
9781248869406
9781248869413
9781248869420
9781248869437
9781248869444
9781248869451
9781248869468
9781248869475
9781248869482
9781248869499
9781248869505
9781248869512
9781248869529
9781248869536
9781248869543
9781248869550
9781248869567
9781248869574
9781248869581
9781248869598
9781248869604
9781248869611
9781248869628
9781248869635
9781248869642
9781248869659
9781248869666
9781248869673
9781248869680
9781248869697
9781248869703
9781248869710
9781248869727
9781248869734
9781248869741
9781248869758
9781248869765
9781248869772
9781248869789
9781248869796
9781248869802
9781248869819
9781248869826
9781248869833
9781248869840
9781248869857
9781248869864
9781248869871
9781248869888
9781248869895
9781248869901
9781248869918
9781248869925
9781248869932
9781248869949
9781248869956
9781248869963
9781248869970
9781248869987
9781248869994
9781248870006
9781248870013
9781248870020
9781248870037
9781248870044
9781248870051
9781248870068
9781248870075
9781248870082
9781248870099
9781248870105
9781248870112
9781248870129
9781248870136
9781248870143
9781248870150
9781248870167
9781248870174
9781248870181
9781248870198
9781248870204
9781248870211
9781248870228
9781248870235
9781248870242
9781248870259
9781248870266
9781248870273
9781248870280
9781248870297
9781248870303
9781248870310
9781248870327
9781248870334
9781248870341
9781248870358
9781248870365
9781248870372
9781248870389
9781248870396
9781248870402
9781248870419
9781248870426
9781248870433
9781248870440
9781248870457
9781248870464
9781248870471
9781248870488
9781248870495
9781248870501
9781248870518
9781248870525
9781248870532
9781248870549
9781248870556
9781248870563
9781248870570
9781248870587
9781248870594
9781248870600
9781248870617
9781248870624
9781248870631
9781248870648
9781248870655
9781248870662
9781248870679
9781248870686
9781248870693
9781248870709
9781248870716
9781248870723
9781248870730
9781248870747
9781248870754
9781248870761
9781248870778
9781248870785
9781248870792
9781248870808
9781248870815
9781248870822
9781248870839
9781248870846
9781248870853
9781248870860
9781248870877
9781248870884
9781248870891
9781248870907
9781248870914
9781248870921
9781248870938
9781248870945
9781248870952
9781248870969
9781248870976
9781248870983
9781248870990
9781248871003
9781248871010
9781248871027
9781248871034
9781248871041
9781248871058
9781248871065
9781248871072
9781248871089
9781248871096
9781248871102
9781248871119
9781248871126
9781248871133
9781248871140
9781248871157
9781248871164
9781248871171
9781248871188
9781248871195
9781248871201
9781248871218
9781248871225
9781248871232
9781248871249
9781248871256
9781248871263
9781248871270
9781248871287
9781248871294
9781248871300
9781248871317
9781248871324
9781248871331
9781248871348
9781248871355
9781248871362
9781248871379
9781248871386
9781248871393
9781248871409
9781248871416
9781248871423
9781248871430
9781248871447
9781248871454
9781248871461
9781248871478
9781248871485
9781248871492
9781248871508
9781248871515
9781248871522
9781248871539
9781248871546
9781248871553
9781248871560
9781248871577
9781248871584
9781248871591
9781248871607
9781248871614
9781248871621
9781248871638
9781248871645
9781248871652
9781248871669
9781248871676
9781248871683
9781248871690
9781248871706
9781248871713
9781248871720
9781248871737
9781248871744
9781248871751
9781248871768
9781248871775
9781248871782
9781248871799
9781248871805
9781248871812
9781248871829
9781248871836
9781248871843
9781248871850
9781248871867
9781248871874
9781248871881
9781248871898
9781248871904
9781248871911
9781248871928
9781248871935
9781248871942
9781248871959
9781248871966
9781248871973
9781248871980
9781248871997
9781248872000
9781248872017
9781248872024
9781248872031
9781248872048
9781248872055
9781248872062
9781248872079
9781248872086
9781248872093
9781248872109
9781248872116
9781248872123
9781248872130
9781248872147
9781248872154
9781248872161
9781248872178
9781248872185
9781248872192
9781248872208
9781248872215
9781248872222
9781248872239
9781248872246
9781248872253
9781248872260
9781248872277
9781248872284
9781248872291
9781248872307
9781248872314
9781248872321
9781248872338
9781248872345
9781248872352
9781248872369
9781248872376
9781248872383
9781248872390
9781248872406
9781248872413
9781248872420
9781248872437
9781248872444
9781248872451
9781248872468
9781248872475
9781248872482
9781248872499
9781248872512
9781248872529
9781248872536
9781248872543
9781248872550
9781248872567
9781248872574
9781248872581
9781248872598
9781248872604
9781248872611
9781248872628
9781248872635
9781248872642
9781248872659
9781248872666
9781248872673
9781248872680
9781248872697
9781248872703
9781248872710
9781248872727
9781248872734
9781248872741
9781248872758
9781248872765
9781248872772
9781248872789
9781248872796
9781248872802
9781248872819
9781248872826
9781248872833
9781248872840
9781248872857
9781248872864
9781248872871
9781248872888
9781248872895
9781248872901
9781248872918
9781248872925
9781248872932
9781248872949
9781248872956
9781248872963
9781248872970
9781248872987
9781248872994
9781248873007
9781248873014
9781248873021
9781248873038
9781248873045
9781248873052
9781248873069
9781248873076
9781248873083
9781248873090
9781248873106
9781248873113
9781248873120
9781248873137
9781248873144
9781248873151
9781248873168
9781248873175
9781248873182
9781248873199
9781248873205
9781248873212
9781248873229
9781248873236
9781248873243
9781248873250
9781248873267
9781248873274
9781248873281
9781248873298
9781248873304
9781248873311
9781248873328
9781248873335
9781248873342
9781248873359
9781248873366
9781248873373
9781248873380
9781248873397
9781248873403
9781248873410
9781248873427
9781248873434
9781248873441
9781248873458
9781248873465
9781248873472
9781248873489
9781248873496
9781248873502
9781248873519
9781248873526
9781248873533
9781248873540
9781248873557
9781248873564
9781248873571
9781248873588
9781248873595
9781248873601
9781248873618
9781248873625
9781248873632
9781248873649
9781248873656
9781248873663
9781248873670
9781248873687
9781248873694
9781248873700
9781248873717
9781248873724
9781248873731
9781248873748
9781248873755
9781248873762
9781248873779
9781248873786
9781248873793
9781248873809
9781248873816
9781248873823
9781248873830
9781248873847
9781248873854
9781248873861
9781248873878
9781248873885
9781248873892
9781248873908
9781248873915
9781248873922
9781248873939
9781248873946
9781248873953
9781248873960
9781248873977
9781248873984
9781248873991
9781248874004
9781248874011
9781248874028
9781248874035
9781248874042
9781248874059
9781248874066
9781248874073
9781248874080
9781248874097
9781248874103
9781248874110
9781248874127
9781248874134
9781248874141
9781248874158
9781248874165
9781248874172
9781248874189
9781248874196
9781248874202
9781248874219
9781248874226
9781248874233
9781248874240
9781248874257
9781248874264
9781248874271
9781248874288
9781248874295
9781248874301
9781248874318
9781248874325
9781248874332
9781248874349
9781248874356
9781248874363
9781248874370
9781248874387
9781248874394
9781248874400
9781248874417
9781248874424
9781248874431
9781248874448
9781248874455
9781248874462
9781248874479
9781248874486
9781248874493
9781248874509
9781248874516
9781248874523
9781248874530
9781248874547
9781248874554
9781248874561
9781248874578
9781248874585
9781248874592
9781248874608
9781248874615
9781248874622
9781248874639
9781248874646
9781248874653
9781248874660
9781248874677
9781248874684
9781248874691
9781248874707
9781248874714
9781248874721
9781248874738
9781248874745
9781248874752
9781248874769
9781248874776
9781248874783
9781248874790
9781248874806
9781248874813
9781248874820
9781248874837
9781248874844
9781248874851
9781248874868
9781248874875
9781248874882
9781248874899
9781248874905
9781248874912
9781248874929
9781248874936
9781248874943
9781248874950
9781248874967
9781248874974
9781248874981
9781248874998
9781248875001
9781248875018
9781248875025
9781248875032
9781248875049
9781248875056
9781248875063
9781248875070
9781248875087
9781248875094
9781248875100
9781248875117
9781248875124
9781248875131
9781248875148
9781248875155
9781248875162
9781248875179
9781248875186
9781248875193
9781248875209
9781248875216
9781248875223
9781248875230
9781248875247
9781248875254
9781248875261
9781248875278
9781248875285
9781248875292
9781248875308
9781248875315
9781248875322
9781248875339
9781248875353
9781248875360
9781248875377
9781248875384
9781248875391
9781248875407
9781248875414
9781248875421
9781248875438
9781248875445
9781248875452
9781248875469
9781248875476
9781248875483
9781248875490
9781248875506
9781248875513
9781248875520
9781248875537
9781248875544
9781248875551
9781248875568
9781248875575
9781248875582
9781248875599
9781248875605
9781248875612
9781248875629
9781248875636
9781248875643
9781248875650
9781248875667
9781248875674
9781248875681
9781248875698
9781248875704
9781248875711
9781248875728
9781248875735
9781248875742
9781248875759
9781248875766
9781248875773
9781248875780
9781248875797
9781248875803
9781248875810
9781248875827
9781248875834
9781248875841
9781248875858
9781248875865
9781248875872
9781248875889
9781248875896
9781248875902
9781248875919
9781248875926
9781248875933
9781248875940
9781248875957
9781248875964
9781248875971
9781248875988
9781248875995
9781248876008
9781248876015
9781248876022
9781248876039
9781248876046
9781248876053
9781248876060
9781248876077
9781248876084
9781248876091
9781248876107
9781248876114
9781248876121
9781248876138
9781248876145
9781248876152
9781248876169
9781248876176
9781248876183
9781248876190
9781248876206
9781248876213
9781248876220
9781248876237
9781248876244
9781248876251
9781248876268
9781248876275
9781248876282
9781248876299
9781248876305
9781248876312
9781248876329
9781248876336
9781248876343
9781248876350
9781248876367
9781248876374
9781248876381
9781248876398
9781248876404
9781248876411
9781248876428
9781248876435
9781248876442
9781248876459
9781248876466
9781248876473
9781248876480
9781248876497
9781248876503
9781248876510
9781248876527
9781248876534
9781248876541
9781248876558
9781248876565
9781248876572
9781248876589
9781248876596
9781248876602
9781248876619
9781248876626
9781248876633
9781248876640
9781248876657
9781248876664
9781248876671
9781248876688
9781248876695
9781248876701
9781248876718
9781248876725
9781248876732
9781248876749
9781248876756
9781248876763
9781248876770
9781248876787
9781248876794
9781248876800
9781248876817
9781248876824
9781248876831
9781248876848
9781248876855
9781248876862
9781248876879
9781248876886
9781248876893
9781248876909
9781248876916
9781248876923
9781248876930
9781248876947
9781248876954
9781248876961
9781248876978
9781248876985
9781248876992
9781248877005
9781248877012
9781248877029
9781248877036
9781248877043
9781248877050
9781248877067
9781248877074
9781248877081
9781248877098
9781248877104
9781248877111
9781248877128
9781248877135
9781248877142
9781248877159
9781248877166
9781248877173
9781248877180
9781248877197
9781248877203
9781248877210
9781248877227
9781248877234
9781248877241
9781248877258
9781248877265
9781248877272
9781248877289
9781248877296
9781248877302
9781248877319
9781248877326
9781248877333
9781248877340
9781248877357
9781248877364
9781248877371
9781248877388
9781248877395
9781248877401
9781248877418
9781248877425
9781248877432
9781248877449
9781248877456
9781248877463
9781248877470
9781248877487
9781248877494
9781248877500
9781248877517
9781248877524
9781248877531
9781248877548
9781248877555
9781248877562
9781248877579
9781248877586
9781248877593
9781248877609
9781248877616
9781248877623
9781248877630
9781248877647
9781248877654
9781248877661
9781248877678
9781248877685
9781248877692
9781248877708
9781248877715
9781248877722
9781248877739
9781248877746
9781248877753
9781248877760
9781248877777
9781248877784
9781248877791
9781248877807
9781248877814
9781248877821
9781248877838
9781248877845
9781248877852
9781248877869
9781248877876
9781248877883
9781248877890
9781248877906
9781248877913
9781248877920
9781248877937
9781248877944
9781248877951
9781248877968
9781248877975
9781248877982
9781248877999
9781248878002
9781248878019
9781248878026
9781248878033
9781248878040
9781248878057
9781248878064
9781248878071
9781248878088
9781248878095
9781248878101
9781248878118
9781248878125
9781248878132
9781248878149
9781248878156
9781248878163
9781248878170
9781248878187
9781248878194
9781248878200
9781248878217
9781248878224
9781248878231
9781248878248
9781248878255
9781248878262
9781248878279
9781248878286
9781248878293
9781248878309
9781248878316
9781248878323
9781248878330
9781248878347
9781248878354
9781248878361
9781248878378
9781248878385
9781248878392
9781248878408
9781248878415
9781248878422
9781248878439
9781248878446
9781248878453
9781248878460
9781248878477
9781248878484
9781248878491
9781248878507
9781248878514
9781248878521
9781248878538
9781248878545
9781248878552
9781248878569
9781248878576
9781248878583
9781248878590
9781248878606
9781248878613
9781248878620
9781248878637
9781248878644
9781248878651
9781248878668
9781248878675
9781248878682
9781248878699
9781248878705
9781248878712
9781248878729
9781248878736
9781248878743
9781248878750
9781248878767
9781248878774
9781248878781
9781248878798
9781248878804
9781248878811
9781248878828
9781248878835
9781248878842
9781248878859
9781248878866
9781248878873
9781248878880
9781248878897
9781248878903
9781248878910
9781248878927
9781248878934
9781248878941
9781248878958
9781248878965
9781248878972
9781248878989
9781248878996
9781248879009
9781248879016
9781248879023
9781248879030
9781248879047
9781248879054
9781248879061
9781248879078
9781248879085
9781248879092
9781248879108
9781248879115
9781248879122
9781248879139
9781248879146
9781248879153
9781248879160
9781248879177
9781248879184
9781248879191
9781248879207
9781248879214
9781248879221
9781248879238
9781248879245
9781248879252
9781248879269
9781248879276
9781248879283
9781248879290
9781248879306
9781248879313
9781248879320
9781248879337
9781248879344
9781248879351
9781248879368
9781248879375
9781248879382
9781248879399
9781248879405
9781248879412
9781248879429
9781248879436
9781248879443
9781248879450
9781248879467
9781248879474
9781248879481
9781248879498
9781248879504
9781248879511
9781248879528
9781248879535
9781248879542
9781248879559
9781248879566
9781248879573
9781248879580
9781248879597
9781248879603
9781248879610
9781248879627
9781248879634
9781248879641
9781248879658
9781248879665
9781248879672
9781248879689
9781248879696
9781248879702
9781248879719
9781248879726
9781248879733
9781248879740
9781248879757
9781248879764
9781248879771
9781248879788
9781248879795
9781248879801
9781248879818
9781248879825
9781248879832
9781248879849
9781248879856
9781248879863
9781248879870
9781248879887
9781248879894
9781248879900
9781248879917
9781248879924
9781248879931
9781248879948
9781248879955
9781248879962
9781248879979
9781248879986
9781248879993
9781248880005
9781248880012
9781248880029
9781248880036
9781248880043
9781248880050
9781248880067
9781248880074
9781248880081
9781248880098
9781248880104
9781248880111
9781248880128
9781248880135
9781248880142
9781248880159
9781248880166
9781248880173
9781248880180
9781248880197
9781248880203
9781248880210
9781248880227
9781248880234
9781248880241
9781248880258
9781248880265
9781248880272
9781248880289
9781248880296
9781248880302
9781248880319
9781248880326
9781248880333
9781248880340
9781248880357
9781248880364
9781248880371
9781248880388
9781248880395
9781248880401
9781248880418
9781248880425
9781248880432
9781248880449
9781248880456
9781248880463
9781248880470
9781248880487
9781248880494
9781248880500
9781248880517
9781248880524
9781248880531
9781248880548
9781248880555
9781248880562
9781248880579
9781248880586
9781248880593
9781248880609
9781248880616
9781248880623
9781248880630
9781248880647
9781248880654
9781248880661
9781248880678
9781248880685
9781248880692
9781248880708
9781248880715
9781248880722
9781248880739
9781248880746
9781248880753
9781248880760
9781248880777
9781248880784
9781248880791
9781248880807
9781248880814
9781248880821
9781248880838
9781248880845
9781248880852
9781248880869
9781248880876
9781248880883
9781248880890
9781248880906
9781248880913
9781248880920
9781248880937
9781248880944
9781248880951
9781248880968
9781248880975
9781248880982
9781248880999
9781248881002
9781248881019
9781248881026
9781248881033
9781248881040
9781248881057
9781248881064
9781248881071
9781248881088
9781248881095
9781248881101
9781248881118
9781248881125
9781248881132
9781248881149
9781248881156
9781248881163
9781248881170
9781248881187
9781248881194
9781248881200
9781248881217
9781248881224
9781248881231
9781248881248
9781248881255
9781248881262
9781248881279
9781248881286
9781248881293
9781248881309
9781248881316
9781248881323
9781248881330
9781248881347
9781248881354
9781248881361
9781248881378
9781248881385
9781248881392
9781248881408
9781248881415
9781248881422
9781248881439
9781248881446
9781248881453
9781248881460
9781248881477
9781248881484
9781248881491
9781248881507
9781248881514
9781248881521
9781248881538
9781248881545
9781248881552
9781248881569
9781248881576
9781248881583
9781248881590
9781248881606
9781248881613
9781248881620
9781248881637
9781248881644
9781248881651
9781248881668
9781248881675
9781248881682
9781248881699
9781248881705
9781248881712
9781248881729
9781248881736
9781248881743
9781248881750
9781248881767
9781248881774
9781248881781
9781248881798
9781248881804
9781248881811
9781248881828
9781248881835
9781248881842
9781248881859
9781248881866
9781248881873
9781248881880
9781248881897
9781248881903
9781248881910
9781248881927
9781248881934
9781248881941
9781248881958
9781248881965
9781248881972
9781248881989
9781248881996
9781248882009
9781248882016
9781248882023
9781248882030
9781248882047
9781248882054
9781248882061
9781248882078
9781248882085
9781248882092
9781248882108
9781248882115
9781248882122
9781248882139
9781248882146
9781248882153
9781248882160
9781248882177
9781248882184
9781248882191
9781248882207
9781248882214
9781248882221
9781248882238
9781248882245
9781248882252
9781248882269
9781248882276
9781248882283
9781248882290
9781248882306
9781248882313
9781248882320
9781248882337
9781248882344
9781248882351
9781248882368
9781248882375
9781248882382
9781248882399
9781248882405
9781248882412
9781248882429
9781248882436
9781248882443
9781248882450
9781248882467
9781248882474
9781248882481
9781248882498
9781248882504
9781248882511
9781248882528
9781248882535
9781248882542
9781248882559
9781248882566
9781248882573
9781248882580
9781248882597
9781248882603
9781248882610
9781248882627
9781248882634
9781248882641
9781248882658
9781248882665
9781248882672
9781248882689
9781248882696
9781248882702
9781248882719
9781248882726
9781248882733
9781248882740
9781248882757
9781248882764
9781248882771
9781248882788
9781248882795
9781248882801
9781248882818
9781248882825
9781248882832
9781248882849
9781248882856
9781248882863
9781248882870
9781248882887
9781248882894
9781248882900
9781248882917
9781248882924
9781248882931
9781248882948
9781248882955
9781248882962
9781248882979
9781248882986
9781248882993
9781248883006
9781248883013
9781248883020
9781248883037
9781248883044
9781248883051
9781248883068
9781248883075
9781248883082
9781248883099
9781248883105
9781248883112
9781248883129
9781248883136
9781248883143
9781248883150
9781248883167
9781248883174
9781248883181
9781248883198
9781248883204
9781248883211
9781248883228
9781248883235
9781248883242
9781248883259
9781248883266
9781248883273
9781248883280
9781248883297
9781248883303
9781248883310
9781248883327
9781248883334
9781248883341
9781248883358
9781248883365
9781248883372
9781248883389
9781248883396
9781248883402
9781248883419
9781248883426
9781248883433
9781248883440
9781248883457
9781248883464
9781248883471
9781248883488
9781248883495
9781248883501
9781248883518
9781248883525
9781248883532
9781248883549
9781248883556
9781248883563
9781248883570
9781248883587
9781248883594
9781248883600
9781248883617
9781248883624
9781248883631
9781248883648
9781248883655
9781248883662
9781248883679
9781248883686
9781248883693
9781248883709
9781248883716
9781248883723
9781248883730
9781248883747
9781248883754
9781248883761
9781248883778
9781248883785
9781248883792
9781248883808
9781248883815
9781248883822
9781248883839
9781248883846
9781248883853
9781248883860
9781248883877
9781248883884
9781248883891
9781248883907
9781248883914
9781248883921
9781248883938
9781248883945
9781248883952
9781248883969
9781248883976
9781248883983
9781248883990
9781248884003
9781248884010
9781248884027
9781248884034
9781248884041
9781248884058
9781248884065
9781248884072
9781248884089
9781248884096
9781248884102
9781248884119
9781248884126
9781248884133
9781248884140
9781248884157
9781248884164
9781248884171
9781248884188
9781248884195
9781248884201
9781248884218
9781248884225
9781248884232
9781248884249
9781248884256
9781248884263
9781248884270
9781248884287
9781248884294
9781248884300
9781248884317
9781248884324
9781248884331
9781248884348
9781248884355
9781248884362
9781248884379
9781248884386
9781248884393
9781248884409
9781248884416
9781248884423
9781248884430
9781248884447
9781248884454
9781248884461
9781248884478
9781248884485
9781248884492
9781248884508
9781248884515
9781248884522
9781248884539
9781248884546
9781248884553
9781248884560
9781248884577
9781248884584
9781248884591
9781248884607
9781248884614
9781248884621
9781248884638
9781248884645
9781248884652
9781248884669
9781248884676
9781248884683
9781248884690
9781248884706
9781248884713
9781248884720
9781248884737
9781248884744
9781248884751
9781248884768
9781248884775
9781248884782
9781248884799
9781248884805
9781248884812
9781248884829
9781248884836
9781248884843
9781248884850
9781248884867
9781248884874
9781248884881
9781248884898
9781248884904
9781248884911
9781248884928
9781248884935
9781248884942
9781248884959
9781248884966
9781248884973
9781248884980
9781248884997
9781248885000
9781248885017
9781248885024
9781248885031
9781248885048
9781248885055
9781248885062
9781248885079
9781248885086
9781248885093
9781248885109
9781248885116
9781248885123
9781248885130
9781248885147
9781248885154
9781248885161
9781248885178
9781248885185
9781248885192
9781248885208
9781248885215
9781248885222
9781248885239
9781248885246
9781248885253
9781248885260
9781248885277
9781248885284
9781248885291
9781248885307
9781248885314
9781248885321
9781248885338
9781248885345
9781248885352
9781248885369
9781248885376
9781248885383
9781248885390
9781248885406
9781248885413
9781248885420
9781248885437
9781248885444
9781248885451
9781248885468
9781248885475
9781248885482
9781248885499
9781248885505
9781248885512
9781248885529
9781248885536
9781248885543
9781248885550
9781248885567
9781248885574
9781248885581
9781248885598
9781248885604
9781248885611
9781248885628
9781248885635
9781248885642
9781248885659
9781248885666
9781248885673
9781248885680
9781248885697
9781248885703
9781248885710
9781248885727
9781248885734
9781248885741
9781248885758
9781248885765
9781248885772
9781248885789
9781248885796
9781248885802
9781248885819
9781248885826
9781248885833
9781248885840
9781248885857
9781248885864
9781248885871
9781248885888
9781248885895
9781248885901
9781248885918
9781248885925
9781248885932
9781248885949
9781248885956
9781248885963
9781248885970
9781248885987
9781248885994
9781248886007
9781248886014
9781248886021
9781248886038
9781248886045
9781248886052
9781248886069
9781248886076
9781248886083
9781248886090
9781248886106
9781248886113
9781248886120
9781248886137
9781248886144
9781248886151
9781248886168
9781248886175
9781248886182
9781248886199
9781248886205
9781248886212
9781248886229
9781248886236
9781248886243
9781248886250
9781248886267
9781248886274
9781248886281
9781248886298
9781248886304
9781248886311
9781248886328
9781248886335
9781248886342
9781248886359
9781248886366
9781248886373
9781248886380
9781248886397
9781248886403
9781248886410
9781248886427
9781248886434
9781248886441
9781248886458
9781248886465
9781248886472
9781248886489
9781248886496
9781248886502
9781248886519
9781248886526
9781248886533
9781248886540
9781248886557
9781248886564
9781248886571
9781248886588
9781248886595
9781248886601
9781248886618
9781248886625
9781248886632
9781248886649
9781248886656
9781248886663
9781248886670
9781248886687
9781248886694
9781248886700
9781248886717
9781248886724
9781248886731
9781248886748
9781248886755
9781248886762
9781248886779
9781248886786
9781248886793
9781248886809
9781248886816
9781248886823
9781248886830
9781248886847
9781248886854
9781248886861
9781248886878
9781248886885
9781248886892
9781248886908
9781248886915
9781248886922
9781248886939
9781248886946
9781248886953
9781248886960
9781248886977
9781248886984
9781248886991
9781248887004
9781248887011
9781248887028
9781248887035
9781248887042
9781248887059
9781248887066
9781248887073
9781248887080
9781248887097
9781248887103
9781248887110
9781248887127
9781248887134
9781248887141
9781248887158
9781248887165
9781248887172
9781248887189
9781248887196
9781248887202
9781248887219
9781248887226
9781248887233
9781248887240
9781248887257
9781248887264
9781248887271
9781248887288
9781248887295
9781248887301
9781248887318
9781248887325
9781248887332
9781248887349
9781248887356
9781248887363
9781248887370
9781248887387
9781248887394
9781248887400
9781248887417
9781248887424
9781248887431
9781248887448
9781248887455
9781248887462
9781248887479
9781248887486
9781248887493
9781248887509
9781248887516
9781248887523
9781248887530
9781248887547
9781248887554
9781248887561
9781248887578
9781248887585
9781248887592
9781248887608
9781248887615
9781248887622
9781248887639
9781248887646
9781248887653
9781248887660
9781248887677
9781248887684
9781248887691
9781248887707
9781248887714
9781248887721
9781248887738
9781248887745
9781248887752
9781248887769
9781248887776
9781248887783
9781248887790
9781248887806
9781248887813
9781248887820
9781248887837
9781248887844
9781248887851
9781248887868
9781248887875
9781248887882
9781248887899
9781248887905
9781248887912
9781248887929
9781248887936
9781248887943
9781248887950
9781248887967
9781248887974
9781248887981
9781248887998
9781248888001
9781248888018
9781248888025
9781248888032
9781248888049
9781248888056
9781248888063
9781248888070
9781248888087
9781248888094
9781248888100
9781248888117
9781248888131
9781248888148
9781248888155
9781248888162
9781248888179
9781248888186
9781248888193
9781248888209
9781248888216
9781248888223
9781248888230
9781248888247
9781248888254
9781248888261
9781248888278
9781248888285
9781248888308
9781248888315
9781248888322
9781248888339
9781248888346
9781248888353
9781248888360
9781248888377
9781248888384
9781248888391
9781248888407
9781248888414
9781248888421
9781248888438
9781248888445
9781248888452
9781248888469
9781248888476
9781248888483
9781248888490
9781248888506
9781248888513
9781248888520
9781248888537
9781248888544
9781248888551
9781248888568
9781248888575
9781248888582
9781248888599
9781248888605
9781248888612
9781248888629
9781248888636
9781248888643
9781248888650
9781248888667
9781248888674
9781248888681
9781248888698
9781248888704
9781248888711
9781248888728
9781248888735
9781248888742
9781248888759
9781248888766
9781248888773
9781248888780
9781248888797
9781248888803
9781248888810
9781248888827
9781248888834
9781248888841
9781248888858
9781248888865
9781248888872
9781248888889
9781248888896
9781248888902
9781248888919
9781248888926
9781248888933
9781248888940
9781248888957
9781248888964
9781248888971
9781248888988
9781248888995
9781248889008
9781248889015
9781248889022
9781248889039
9781248889046
9781248889053
9781248889060
9781248889077
9781248889084
9781248889091
9781248889107
9781248889114
9781248889121
9781248889138
9781248889145
9781248889152
9781248889169
9781248889176
9781248889183
9781248889190
9781248889206
9781248889213
9781248889220
9781248889237
9781248889244
9781248889251
9781248889268
9781248889275
9781248889282
9781248889299
9781248889305
9781248889312
9781248889329
9781248889336
9781248889343
9781248889350
9781248889367
9781248889374
9781248889381
9781248889398
9781248889404
9781248889411
9781248889428
9781248889435
9781248889442
9781248889459
9781248889466
9781248889473
9781248889480
9781248889497
9781248889503
9781248889510
9781248889527
9781248889534
9781248889541
9781248889558
9781248889565
9781248889572
9781248889589
9781248889596
9781248889602
9781248889619
9781248889626
9781248889633
9781248889640
9781248889657
9781248889664
9781248889671
9781248889688
9781248889695
9781248889701
9781248889718
9781248889725
9781248889732
9781248889749
9781248889756
9781248889763
9781248889770
9781248889787
9781248889794
9781248889800
9781248889817
9781248889824
9781248889848
9781248889855
9781248889862
9781248889879
9781248889886
9781248889893
9781248889909
9781248889916
9781248889923
9781248889930
9781248889947
9781248889954
9781248889961
9781248889978
9781248889985
9781248889992
9781248890004
9781248890011
9781248890028
9781248890035
9781248890042
9781248890059
9781248890066
9781248890073
9781248890080
9781248890097
9781248890103
9781248890110
9781248890127
9781248890134
9781248890141
9781248890158
9781248890165
9781248890172
9781248890189
9781248890196
9781248890202
9781248890219
9781248890226
9781248890233
9781248890240
9781248890257
9781248890264
9781248890271
9781248890288
9781248890295
9781248890301
9781248890318
9781248890325
9781248890332
9781248890349
9781248890356
9781248890363
9781248890370
9781248890387
9781248890394
9781248890400
9781248890417
9781248890424
9781248890431
9781248890448
9781248890455
9781248890462
9781248890479
9781248890486
9781248890493
9781248890509
9781248890516
9781248890523
9781248890530
9781248890547
9781248890554
9781248890561
9781248890578
9781248890585
9781248890592
9781248890608
9781248890615
9781248890622
9781248890639
9781248890646
9781248890653
9781248890660
9781248890677
9781248890684
9781248890691
9781248890707
9781248890714
9781248890721
9781248890738
9781248890745
9781248890752
9781248890769
9781248890776
9781248890783
9781248890790
9781248890806
9781248890813
9781248890820
9781248890837
9781248890844
9781248890851
9781248890868
9781248890875
9781248890882
9781248890899
9781248890905
9781248890912
9781248890929
9781248890936
9781248890943
9781248890950
9781248890967
9781248890974
9781248890981
9781248890998
9781248891001
9781248891018
9781248891025
9781248891032
9781248891049
9781248891056
9781248891063
9781248891070
9781248891087
9781248891094
9781248891100
9781248891117
9781248891124
9781248891131
9781248891148
9781248891155
9781248891162
9781248891179
9781248891186
9781248891193
9781248891209
9781248891216
9781248891223
9781248891230
9781248891247
9781248891254
9781248891261
9781248891278
9781248891285
9781248891292
9781248891308
9781248891315
9781248891322
9781248891339
9781248891346
9781248891353
9781248891360
9781248891377
9781248891384
9781248891391
9781248891407
9781248891414
9781248891421
9781248891438
9781248891445
9781248891452
9781248891469
9781248891476
9781248891483
9781248891490
9781248891506
9781248891513
9781248891520
9781248891537
9781248891544
9781248891551
9781248891568
9781248891575
9781248891582
9781248891599
9781248891605
9781248891612
9781248891629
9781248891636
9781248891643
9781248891650
9781248891667
9781248891674
9781248891681
9781248891698
9781248891704
9781248891711
9781248891728
9781248891735
9781248891742
9781248891759
9781248891766
9781248891773
9781248891780
9781248891797
9781248891803
9781248891810
9781248891827
9781248891834
9781248891841
9781248891858
9781248891865
9781248891872
9781248891889
9781248891896
9781248891902
9781248891919
9781248891926
9781248891933
9781248891940
9781248891957
9781248891964
9781248891971
9781248891988
9781248891995
9781248892008
9781248892015
9781248892022
9781248892039
9781248892046
9781248892053
9781248892060
9781248892077
9781248892084
9781248892091
9781248892107
9781248892114
9781248892121
9781248892138
9781248892145
9781248892152
9781248892169
9781248892176
9781248892183
9781248892190
9781248892206
9781248892213
9781248892220
9781248892237
9781248892244
9781248892251
9781248892268
9781248892275
9781248892282
9781248892299
9781248892305
9781248892312
9781248892329
9781248892336
9781248892343
9781248892350
9781248892367
9781248892374
9781248892381
9781248892398
9781248892404
9781248892411
9781248892428
9781248892435
9781248892442
9781248892459
9781248892466
9781248892473
9781248892480
9781248892497
9781248892503
9781248892510
9781248892527
9781248892534
9781248892541
9781248892558
9781248892565
9781248892572
9781248892589
9781248892596
9781248892602
9781248892619
9781248892626
9781248892633
9781248892640
9781248892657
9781248892664
9781248892671
9781248892688
9781248892695
9781248892701
9781248892718
9781248892725
9781248892732
9781248892749
9781248892756
9781248892763
9781248892770
9781248892787
9781248892794
9781248892800
9781248892817
9781248892824
9781248892831
9781248892848
9781248892855
9781248892862
9781248892879
9781248892886
9781248892893
9781248892909
9781248892916
9781248892923
9781248892930
9781248892947
9781248892954
9781248892961
9781248892978
9781248892985
9781248892992
9781248893005
9781248893012
9781248893029
9781248893036
9781248893043
9781248893050
9781248893067
9781248893074
9781248893081
9781248893098
9781248893104
9781248893111
9781248893128
9781248893135
9781248893142
9781248893159
9781248893166
9781248893173
9781248893180
9781248893197
9781248893203
9781248893210
9781248893227
9781248893234
9781248893241
9781248893258
9781248893265
9781248893272
9781248893289
9781248893296
9781248893302
9781248893319
9781248893326
9781248893333
9781248893340
9781248893357
9781248893364
9781248893371
9781248893388
9781248893395
9781248893401
9781248893418
9781248893425
9781248893432
9781248893449
9781248893456
9781248893463
9781248893470
9781248893487
9781248893494
9781248893500
9781248893517
9781248893524
9781248893531
9781248893548
9781248893555
9781248893562
9781248893579
9781248893586
9781248893593
9781248893609
9781248893616
9781248893623
9781248893630
9781248893647
9781248893654
9781248893661
9781248893678
9781248893685
9781248893692
9781248893708
9781248893715
9781248893722
9781248893739
9781248893746
9781248893753
9781248893760
9781248893777
9781248893784
9781248893791
9781248893807
9781248893814
9781248893821
9781248893838
9781248893845
9781248893852
9781248893869
9781248893876
9781248893883
9781248893890
9781248893906
9781248893913
9781248893920
9781248893937
9781248893944
9781248893951
9781248893968
9781248893975
9781248893982
9781248893999
9781248894002
9781248894019
9781248894026
9781248894033
9781248894040
9781248894057
9781248894064
9781248894071
9781248894088
9781248894095
9781248894101
9781248894118
9781248894125
9781248894132
9781248894149
9781248894156
9781248894163
9781248894170
9781248894187
9781248894194
9781248894200
9781248894217
9781248894224
9781248894231
9781248894248
9781248894255
9781248894262
9781248894279
9781248894286
9781248894293
9781248894309
9781248894316
9781248894323
9781248894330
9781248894347
9781248894354
9781248894361
9781248894378
9781248894385
9781248894392
9781248894408
9781248894415
9781248894422
9781248894439
9781248894446
9781248894453
9781248894460
9781248894477
9781248894484
9781248894491
9781248894507
9781248894514
9781248894521
9781248894538
9781248894545
9781248894552
9781248894569
9781248894576
9781248894583
9781248894590
9781248894606
9781248894613
9781248894620
9781248894637
9781248894644
9781248894651
9781248894668
9781248894675
9781248894682
9781248894699
9781248894705
9781248894712
9781248894729
9781248894736
9781248894743
9781248894750
9781248894767
9781248894774
9781248894781
9781248894798
9781248894804
9781248894811
9781248894828
9781248894835
9781248894842
9781248894859
9781248894866
9781248894873
9781248894880
9781248894897
9781248894903
9781248894910
9781248894927
9781248894934
9781248894941
9781248894958
9781248894965
9781248894972
9781248894989
9781248894996
9781248895009
9781248895016
9781248895023
9781248895030
9781248895047
9781248895054
9781248895061
9781248895078
9781248895085
9781248895092
9781248895108
9781248895115
9781248895122
9781248895139
9781248895146
9781248895153
9781248895160
9781248895177
9781248895184
9781248895191
9781248895207
9781248895214
9781248895221
9781248895238
9781248895245
9781248895252
9781248895269
9781248895276
9781248895283
9781248895290
9781248895306
9781248895313
9781248895320
9781248895337
9781248895344
9781248895351
9781248895368
9781248895375
9781248895382
9781248895399
9781248895405
9781248895412
9781248895429
9781248895436
9781248895443
9781248895450
9781248895474
9781248895481
9781248895498
9781248895504
9781248895511
9781248895528
9781248895535
9781248895542
9781248895559
9781248895566
9781248895573
9781248895580
9781248895597
9781248895603
9781248895610
9781248895627
9781248895634
9781248895641
9781248895658
9781248895665
9781248895672
9781248895689
9781248895696
9781248895702
9781248895719
9781248895726
9781248895733
9781248895740
9781248895757
9781248895771
9781248895788
9781248895795
9781248895801
9781248895818
9781248895825
9781248895832
9781248895849
9781248895856
9781248895863
9781248895870
9781248895887
9781248895894
9781248895900
9781248895917
9781248895924
9781248895931
9781248895948
9781248895955
9781248895962
9781248895979
9781248895986
9781248895993
9781248896006
9781248896013
9781248896020
9781248896037
9781248896044
9781248896051
9781248896068
9781248896075
9781248896082
9781248896099
9781248896105
9781248896112
9781248896129
9781248896136
9781248896143
9781248896150
9781248896167
9781248896174
9781248896181
9781248896198
9781248896204
9781248896211
9781248896228
9781248896235
9781248896242
9781248896259
9781248896266
9781248896273
9781248896280
9781248896297
9781248896303
9781248896310
9781248896327
9781248896334
9781248896341
9781248896358
9781248896365
9781248896372
9781248896389
9781248896396
9781248896402
9781248896419
9781248896426
9781248896433
9781248896440
9781248896457
9781248896464
9781248896471
9781248896488
9781248896495
9781248896501
9781248896518
9781248896525
9781248896532
9781248896549
9781248896556
9781248896563
9781248896570
9781248896587
9781248896594
9781248896600
9781248896617
9781248896624
9781248896631
9781248896648
9781248896655
9781248896662
9781248896679
9781248896686
9781248896693
9781248896709
9781248896716
9781248896723
9781248896730
9781248896747
9781248896754
9781248896761
9781248896778
9781248896785
9781248896792
9781248896808
9781248896815
9781248896822
9781248896839
9781248896846
9781248896853
9781248896860
9781248896877
9781248896884
9781248896891
9781248896907
9781248896914
9781248896921
9781248896938
9781248896945
9781248896952
9781248896969
9781248896976
9781248896983
9781248896990
9781248897003
9781248897010
9781248897027
9781248897034
9781248897041
9781248897058
9781248897065
9781248897072
9781248897089
9781248897096
9781248897102
9781248897119
9781248897126
9781248897133
9781248897140
9781248897157
9781248897164
9781248897171
9781248897188
9781248897195
9781248897201
9781248897218
9781248897225
9781248897232
9781248897249
9781248897256
9781248897263
9781248897270
9781248897287
9781248897294
9781248897300
9781248897317
9781248897324
9781248897331
9781248897348
9781248897355
9781248897362
9781248897379
9781248897386
9781248897393
9781248897409
9781248897416
9781248897423
9781248897430
9781248897447
9781248897454
9781248897461
9781248897478
9781248897485
9781248897492
9781248897508
9781248897515
9781248897522
9781248897539
9781248897546
9781248897553
9781248897560
9781248897577
9781248897584
9781248897591
9781248897607
9781248897614
9781248897621
9781248897638
9781248897645
9781248897652
9781248897669
9781248897676
9781248897683
9781248897690
9781248897706
9781248897713
9781248897720
9781248897737
9781248897744
9781248897751
9781248897768
9781248897775
9781248897782
9781248897799
9781248897805
9781248897812
9781248897829
9781248897836
9781248897843
9781248897850
9781248897867
9781248897874
9781248897881
9781248897898
9781248897904
9781248897911
9781248897928
9781248897935
9781248897942
9781248897959
9781248897966
9781248897973
9781248897980
9781248897997
9781248898000
9781248898017
9781248898024
9781248898031
9781248898048
9781248898055
9781248898062
9781248898079
9781248898086
9781248898093
9781248898109
9781248898116
9781248898123
9781248898130
9781248898147
9781248898154
9781248898161
9781248898178
9781248898185
9781248898192
9781248898208
9781248898215
9781248898222
9781248898239
9781248898246
9781248898253
9781248898260
9781248898277
9781248898284
9781248898291
9781248898307
9781248898314
9781248898321
9781248898338
9781248898345
9781248898352
9781248898369
9781248898376
9781248898383
9781248898390
9781248898406
9781248898413
9781248898420
9781248898437
9781248898444
9781248898451
9781248898468
9781248898475
9781248898482
9781248898499
9781248898505
9781248898512
9781248898529
9781248898536
9781248898543
9781248898550
9781248898567
9781248898574
9781248898581
9781248898598
9781248898604
9781248898611
9781248898628
9781248898635
9781248898642
9781248898659
9781248898666
9781248898673
9781248898680
9781248898697
9781248898703
9781248898710
9781248898727
9781248898734
9781248898741
9781248898758
9781248898765
9781248898772
9781248898789
9781248898796
9781248898802
9781248898819
9781248898826
9781248898833
9781248898840
9781248898857
9781248898864
9781248898871
9781248898888
9781248898895
9781248898901
9781248898918
9781248898925
9781248898932
9781248898949
9781248898956
9781248898963
9781248898970
9781248898987
9781248898994
9781248899007
9781248899014
9781248899021
9781248899038
9781248899045
9781248899052
9781248899069
9781248899076
9781248899083
9781248899090
9781248899106
9781248899113
9781248899120
9781248899137
9781248899144
9781248899151
9781248899168
9781248899175
9781248899182
9781248899199
9781248899205
9781248899212
9781248899229
9781248899236
9781248899243
9781248899250
9781248899267
9781248899274
9781248899281
9781248899298
9781248899304
9781248899311
9781248899328
9781248899335
9781248899342
9781248899359
9781248899366
9781248899373
9781248899380
9781248899397
9781248899403
9781248899410
9781248899427
9781248899441
9781248899458
9781248899465
9781248899472
9781248899489
9781248899496
9781248899502
9781248899519
9781248899526
9781248899533
9781248899540
9781248899557
9781248899564
9781248899571
9781248899588
9781248899595
9781248899601
9781248899618
9781248899625
9781248899632
9781248899649
9781248899656
9781248899663
9781248899670
9781248899687
9781248899694
9781248899700
9781248899717
9781248899724
9781248899731
9781248899748
9781248899755
9781248899762
9781248899779
9781248899786
9781248899793
9781248899809
9781248899816
9781248899823
9781248899830
9781248899847
9781248899854
9781248899861
9781248899878
9781248899885
9781248899892
9781248899908
9781248899915
9781248899922
9781248899939
9781248899946
9781248899953
9781248899960
9781248899977
9781248899984
9781248899991
9781248900000
9781248900017
9781248900024
9781248900031
9781248900048
9781248900055
9781248900062
9781248900079
9781248900086
9781248900093
9781248900109
9781248900116
9781248900123
9781248900130
9781248900147
9781248900154
9781248900161
9781248900178
9781248900185
9781248900192
9781248900208
9781248900215
9781248900222
9781248900239
9781248900246
9781248900253
9781248900260
9781248900277
9781248900284
9781248900291
9781248900307
9781248900314
9781248900321
9781248900338
9781248900345
9781248900369
9781248900376
9781248900383
9781248900390
9781248900406
9781248900413
9781248900420
9781248900437
9781248900444
9781248900451
9781248900468
9781248900475
9781248900482
9781248900499
9781248900505
9781248900512
9781248900529
9781248900536
9781248900543
9781248900550
9781248900567
9781248900574
9781248900581
9781248900598
9781248900604
9781248900611
9781248900628
9781248900635
9781248900642
9781248900659
9781248900666
9781248900673
9781248900680
9781248900697
9781248900703
9781248900710
9781248900727
9781248900734
9781248900741
9781248900758
9781248900765
9781248900772
9781248900789
9781248900796
9781248900802
9781248900819
9781248900826
9781248900833
9781248900840
9781248900857
9781248900864
9781248900871
9781248900888
9781248900895
9781248900901
9781248900918
9781248900925
9781248900932
9781248900949
9781248900956
9781248900963
9781248900970
9781248900987
9781248900994
9781248901007
9781248901014
9781248901021
9781248901038
9781248901045
9781248901052
9781248901069
9781248901076
9781248901083
9781248901090
9781248901106
9781248901113
9781248901120
9781248901137
9781248901144
9781248901151
9781248901168
9781248901175
9781248901182
9781248901199
9781248901205
9781248901212
9781248901229
9781248901236
9781248901243
9781248901250
9781248901267
9781248901274
9781248901281
9781248901298
9781248901304
9781248901311
9781248901328
9781248901335
9781248901342
9781248901359
9781248901366
9781248901373
9781248901380
9781248901397
9781248901403
9781248901410
9781248901427
9781248901434
9781248901441
9781248901458
9781248901465
9781248901472
9781248901489
9781248901496
9781248901502
9781248901519
9781248901526
9781248901533
9781248901540
9781248901557
9781248901564
9781248901571
9781248901588
9781248901595
9781248901601
9781248901618
9781248901625
9781248901632
9781248901649
9781248901656
9781248901663
9781248901670
9781248901687
9781248901694
9781248901700
9781248901717
9781248901724
9781248901731
9781248901748
9781248901755
9781248901762
9781248901779
9781248901786
9781248901793
9781248901809
9781248901816
9781248901823
9781248901830
9781248901847
9781248901854
9781248901861
9781248901878
9781248901885
9781248901892
9781248901908
9781248901915
9781248901922
9781248901939
9781248901946
9781248901953
9781248901960
9781248901977
9781248901984
9781248901991
9781248902004
9781248902011
9781248902028
9781248902035
9781248902042
9781248902059
9781248902066
9781248902073
9781248902080
9781248902097
9781248902103
9781248902110
9781248902127
9781248902134
9781248902141
9781248902158
9781248902165
9781248902172
9781248902189
9781248902196
9781248902202
9781248902219
9781248902226
9781248902233
9781248902240
9781248902257
9781248902264
9781248902271
9781248902288
9781248902295
9781248902301
9781248902318
9781248902325
9781248902332
9781248902349
9781248902356
9781248902363
9781248902370
9781248902387
9781248902394
9781248902400
9781248902417
9781248902424
9781248902431
9781248902448
9781248902455
9781248902462
9781248902479
9781248902486
9781248902493
9781248902509
9781248902516
9781248902523
9781248902530
9781248902547
9781248902554
9781248902561
9781248902578
9781248902585
9781248902592
9781248902608
9781248902615
9781248902622
9781248902639
9781248902646
9781248902653
9781248902660
9781248902677
9781248902684
9781248902691
9781248902707
9781248902714
9781248902721
9781248902738
9781248902745
9781248902752
9781248902769
9781248902776
9781248902783
9781248902790
9781248902806
9781248902813
9781248902820
9781248902837
9781248902844
9781248902851
9781248902868
9781248902875
9781248902882
9781248902899
9781248902905
9781248902912
9781248902929
9781248902936
9781248902943
9781248902950
9781248902967
9781248902974
9781248902981
9781248902998
9781248903001
9781248903018
9781248903025
9781248903032
9781248903049
9781248903056
9781248903063
9781248903070
9781248903087
9781248903094
9781248903100
9781248903117
9781248903124
9781248903131
9781248903148
9781248903155
9781248903162
9781248903179
9781248903186
9781248903193
9781248903209
9781248903216
9781248903223
9781248903230
9781248903247
9781248903254
9781248903261
9781248903278
9781248903285
9781248903292
9781248903308
9781248903315
9781248903322
9781248903339
9781248903346
9781248903353
9781248903360
9781248903377
9781248903384
9781248903391
9781248903407
9781248903414
9781248903421
9781248903438
9781248903445
9781248903452
9781248903469
9781248903476
9781248903483
9781248903490
9781248903506
9781248903513
9781248903520
9781248903537
9781248903544
9781248903551
9781248903568
9781248903575
9781248903582
9781248903599
9781248903605
9781248903612
9781248903629
9781248903636
9781248903643
9781248903650
9781248903667
9781248903674
9781248903681
9781248903698
9781248903704
9781248903711
9781248903728
9781248903735
9781248903742
9781248903759
9781248903766
9781248903773
9781248903780
9781248903797
9781248903803
9781248903810
9781248903827
9781248903834
9781248903841
9781248903858
9781248903865
9781248903872
9781248903889
9781248903896
9781248903902
9781248903919
9781248903926
9781248903933
9781248903940
9781248903957
9781248903964
9781248903971
9781248903988
9781248903995
9781248904008
9781248904015
9781248904022
9781248904039
9781248904046
9781248904053
9781248904060
9781248904077
9781248904084
9781248904091
9781248904107
9781248904114
9781248904121
9781248904138
9781248904145
9781248904152
9781248904169
9781248904176
9781248904183
9781248904190
9781248904206
9781248904213
9781248904220
9781248904237
9781248904244
9781248904251
9781248904268
9781248904275
9781248904282
9781248904299
9781248904305
9781248904329
9781248904336
9781248904343
9781248904350
9781248904367
9781248904374
9781248904381
9781248904398
9781248904404
9781248904411
9781248904428
9781248904435
9781248904442
9781248904459
9781248904466
9781248904473
9781248904480
9781248904497
9781248904503
9781248904510
9781248904527
9781248904534
9781248904541
9781248904558
9781248904565
9781248904572
9781248904589
9781248904596
9781248904602
9781248904619
9781248904626
9781248904633
9781248904640
9781248904657
9781248904664
9781248904671
9781248904688
9781248904695
9781248904701
9781248904718
9781248904725
9781248904732
9781248904749
9781248904756
9781248904763
9781248904770
9781248904787
9781248904794
9781248904800
9781248904817
9781248904824
9781248904831
9781248904848
9781248904855
9781248904862
9781248904879
9781248904886
9781248904893
9781248904909
9781248904916
9781248904923
9781248904930
9781248904947
9781248904954
9781248904961
9781248904978
9781248904985
9781248904992
9781248905005
9781248905012
9781248905029
9781248905036
9781248905043
9781248905050
9781248905067
9781248905074
9781248905081
9781248905098
9781248905104
9781248905111
9781248905128
9781248905135
9781248905142
9781248905159
9781248905166
9781248905173
9781248905180
9781248905197
9781248905203
9781248905210
9781248905227
9781248905234
9781248905241
9781248905258
9781248905265
9781248905272
9781248905289
9781248905296
9781248905302
9781248905319
9781248905326
9781248905333
9781248905340
9781248905357
9781248905364
9781248905371
9781248905388
9781248905395
9781248905401
9781248905418
9781248905425
9781248905432
9781248905449
9781248905456
9781248905463
9781248905470
9781248905487
9781248905494
9781248905500
9781248905517
9781248905524
9781248905531
9781248905548
9781248905555
9781248905562
9781248905579
9781248905586
9781248905593
9781248905609
9781248905616
9781248905623
9781248905630
9781248905647
9781248905654
9781248905661
9781248905678
9781248905685
9781248905692
9781248905708
9781248905715
9781248905722
9781248905739
9781248905746
9781248905753
9781248905777
9781248905784
9781248905791
9781248905807
9781248905814
9781248905821
9781248905838
9781248905845
9781248905852
9781248905869
9781248905876
9781248905883
9781248905890
9781248905906
9781248905913
9781248905920
9781248905937
9781248905944
9781248905951
9781248905968
9781248905975
9781248905982
9781248905999
9781248906002
9781248906019
9781248906026
9781248906033
9781248906040
9781248906057
9781248906064
9781248906071
9781248906088
9781248906095
9781248906101
9781248906118
9781248906125
9781248906132
9781248906149
9781248906156
9781248906163
9781248906170
9781248906187
9781248906194
9781248906200
9781248906217
9781248906224
9781248906231
9781248906248
9781248906255
9781248906262
9781248906279
9781248906286
9781248906293
9781248906309
9781248906316
9781248906323
9781248906330
9781248906347
9781248906354
9781248906361
9781248906385
9781248906392
9781248906408
9781248906415
9781248906422
9781248906439
9781248906446
9781248906453
9781248906460
9781248906477
9781248906484
9781248906491
9781248906507
9781248906514
9781248906538
9781248906545
9781248906552
9781248906569
9781248906576
9781248906583
9781248906590
9781248906606
9781248906613
9781248906620
9781248906637
9781248906644
9781248906651
9781248906668
9781248906675
9781248906682
9781248906699
9781248906705
9781248906712
9781248906729
9781248906736
9781248906743
9781248906750
9781248906767
9781248906774
9781248906781
9781248906798
9781248906804
9781248906811
9781248906828
9781248906835
9781248906842
9781248906859
9781248906866
9781248906873
9781248906880
9781248906897
9781248906903
9781248906910
9781248906927
9781248906934
9781248906941
9781248906958
9781248906965
9781248906972
9781248906989
9781248906996
9781248907016
9781248907023
9781248907030
9781248907047
9781248907054
9781248907061
9781248907078
9781248907085
9781248907092
9781248907108
9781248907115
9781248907122
9781248907139
9781248907146
9781248907153
9781248907160
9781248907177
9781248907184
9781248907191
9781248907207
9781248907214
9781248907221
9781248907238
9781248907245
9781248907252
9781248907269
9781248907276
9781248907283
9781248907290
9781248907306
9781248907313
9781248907320
9781248907337
9781248907344
9781248907351
9781248907368
9781248907375
9781248907382
9781248907399
9781248907405
9781248907412
9781248907429
9781248907436
9781248907443
9781248907450
9781248907467
9781248907474
9781248907481
9781248907498
9781248907504
9781248907511
9781248907528
9781248907535
9781248907542
9781248907559
9781248907566
9781248907573
9781248907580
9781248907597
9781248907603
9781248907610
9781248907627
9781248907634
9781248907641
9781248907658
9781248907665
9781248907672
9781248907689
9781248907696
9781248907702
9781248907719
9781248907726
9781248907733
9781248907740
9781248907757
9781248907764
9781248907771
9781248907788
9781248907795
9781248907801
9781248907818
9781248907825
9781248907832
9781248907849
9781248907856
9781248907863
9781248907870
9781248907887
9781248907894
9781248907900
9781248907917
9781248907924
9781248907931
9781248907948
9781248907955
9781248907962
9781248907979
9781248907986
9781248907993
9781248908006
9781248908013
9781248908020
9781248908037
9781248908044
9781248908051
9781248908068
9781248908075
9781248908082
9781248908099
9781248908105
9781248908112
9781248908129
9781248908136
9781248908143
9781248908150
9781248908167
9781248908174
9781248908181
9781248908198
9781248908204
9781248908211
9781248908228
9781248908235
9781248908242
9781248908259
9781248908266
9781248908273
9781248908280
9781248908297
9781248908303
9781248908310
9781248908327
9781248908334
9781248908341
9781248908358
9781248908365
9781248908372
9781248908389
9781248908396
9781248908402
9781248908419
9781248908426
9781248908433
9781248908440
9781248908457
9781248908464
9781248908471
9781248908488
9781248908495
9781248908501
9781248908518
9781248908525
9781248908532
9781248908549
9781248908556
9781248908563
9781248908570
9781248908587
9781248908594
9781248908600
9781248908617
9781248908624
9781248908631
9781248908648
9781248908655
9781248908662
9781248908679
9781248908686
9781248908693
9781248908709
9781248908716
9781248908723
9781248908747
9781248908754
9781248908761
9781248908778
9781248908785
9781248908792
9781248908808
9781248908815
9781248908822
9781248908839
9781248908846
9781248908853
9781248908860
9781248908877
9781248908884
9781248908891
9781248908907
9781248908914
9781248908921
9781248908938
9781248908945
9781248908952
9781248908969
9781248908976
9781248908983
9781248908990
9781248909003
9781248909010
9781248909027
9781248909034
9781248909041
9781248909058
9781248909065
9781248909072
9781248909089
9781248909096
9781248909102
9781248909126
9781248909133
9781248909140
9781248909157
9781248909164
9781248909171
9781248909188
9781248909195
9781248909201
9781248909218
9781248909225
9781248909232
9781248909249
9781248909256
9781248909270
9781248909287
9781248909294
9781248909300
9781248909317
9781248909324
9781248909331
9781248909348
9781248909355
9781248909362
9781248909379
9781248909386
9781248909393
9781248909409
9781248909416
9781248909423
9781248909430
9781248909447
9781248909454
9781248909461
9781248909478
9781248909485
9781248909492
9781248909508
9781248909515
9781248909522
9781248909539
9781248909546
9781248909553
9781248909560
9781248909577
9781248909584
9781248909591
9781248909607
9781248909614
9781248909621
9781248909638
9781248909645
9781248909652
9781248909669
9781248909676
9781248909683
9781248909690
9781248909706
9781248909713
9781248909720
9781248909737
9781248909744
9781248909751
9781248909768
9781248909775
9781248909782
9781248909799
9781248909805
9781248909812
9781248909829
9781248909836
9781248909843
9781248909850
9781248909867
9781248909874
9781248909881
9781248909898
9781248909904
9781248909911
9781248909928
9781248909935
9781248909942
9781248909959
9781248909966
9781248909973
9781248909980
9781248909997
9781248910009
9781248910016
9781248910023
9781248910030
9781248910047
9781248910054
9781248910061
9781248910078
9781248910085
9781248910092
9781248910108
9781248910115
9781248910122
9781248910139
9781248910146
9781248910153
9781248910160
9781248910177
9781248910184
9781248910191
9781248910207
9781248910214
9781248910221
9781248910238
9781248910245
9781248910252
9781248910269
9781248910276
9781248910283
9781248910290
9781248910306
9781248910313
9781248910320
9781248910337
9781248910344
9781248910351
9781248910368
9781248910375
9781248910382
9781248910399
9781248910405
9781248910412
9781248910429
9781248910436
9781248910443
9781248910450
9781248910467
9781248910474
9781248910481
9781248910498
9781248910504
9781248910511
9781248910528
9781248910535
9781248910542
9781248910559
9781248910566
9781248910573
9781248910580
9781248910597
9781248910603
9781248910610
9781248910627
9781248910634
9781248910641
9781248910658
9781248910665
9781248910672
9781248910689
9781248910696
9781248910702
9781248910719
9781248910726
9781248910733
9781248910740
9781248910757
9781248910764
9781248910771
9781248910788
9781248910795
9781248910801
9781248910818
9781248910825
9781248910832
9781248910849
9781248910856
9781248910863
9781248910870
9781248910887
9781248910894
9781248910900
9781248910917
9781248910924
9781248910931
9781248910948
9781248910955
9781248910962
9781248910979
9781248910986
9781248910993
9781248911006
9781248911013
9781248911020
9781248911037
9781248911044
9781248911051
9781248911068
9781248911075
9781248911082
9781248911099
9781248911105
9781248911112
9781248911129
9781248911136
9781248911143
9781248911150
9781248911167
9781248911174
9781248911181
9781248911198
9781248911204
9781248911211
9781248911228
9781248911235
9781248911242
9781248911259
9781248911266
9781248911273
9781248911280
9781248911297
9781248911303
9781248911310
9781248911327
9781248911334
9781248911341
9781248911358
9781248911365
9781248911372
9781248911389
9781248911396
9781248911402
9781248911419
9781248911426
9781248911433
9781248911440
9781248911457
9781248911464
9781248911471
9781248911488
9781248911495
9781248911501
9781248911518
9781248911525
9781248911532
9781248911549
9781248911556
9781248911563
9781248911570
9781248911587
9781248911594
9781248911600
9781248911617
9781248911624
9781248911631
9781248911648
9781248911655
9781248911662
9781248911679
9781248911686
9781248911693
9781248911709
9781248911716
9781248911723
9781248911730
9781248911747
9781248911754
9781248911761
9781248911778
9781248911785
9781248911792
9781248911808
9781248911815
9781248911822
9781248911839
9781248911846
9781248911853
9781248911860
9781248911877
9781248911884
9781248911891
9781248911907
9781248911914
9781248911921
9781248911938
9781248911945
9781248911952
9781248911969
9781248911976
9781248911983
9781248911990
9781248912003
9781248912010
9781248912027
9781248912034
9781248912041
9781248912058
9781248912065
9781248912072
9781248912089
9781248912096
9781248912102
9781248912119
9781248912126
9781248912133
9781248912140
9781248912157
9781248912164
9781248912171
9781248912188
9781248912195
9781248912201
9781248912218
9781248912225
9781248912232
9781248912249
9781248912256
9781248912263
9781248912270
9781248912287
9781248912294
9781248912300
9781248912317
9781248912324
9781248912331
9781248912348
9781248912355
9781248912362
9781248912379
9781248912386
9781248912393
9781248912409
9781248912416
9781248912423
9781248912430
9781248912447
9781248912454
9781248912461
9781248912478
9781248912485
9781248912492
9781248912508
9781248912515
9781248912522
9781248912539
9781248912546
9781248912553
9781248912560
9781248912577
9781248912584
9781248912591
9781248912607
9781248912614
9781248912621
9781248912638
9781248912645
9781248912652
9781248912669
9781248912676
9781248912683
9781248912690
9781248912706
9781248912713
9781248912720
9781248912737
9781248912744
9781248912751
9781248912768
9781248912775
9781248912782
9781248912799
9781248912805
9781248912812
9781248912829
9781248912836
9781248912843
9781248912850
9781248912867
9781248912874
9781248912881
9781248912898
9781248912904
9781248912911
9781248912928
9781248912935
9781248912942
9781248912959
9781248912966
9781248912973
9781248912980
9781248912997
9781248913000
9781248913017
9781248913024
9781248913031
9781248913048
9781248913055
9781248913062
9781248913079
9781248913086
9781248913093
9781248913109
9781248913116
9781248913123
9781248913130
9781248913147
9781248913154
9781248913161
9781248913178
9781248913185
9781248913192
9781248913208
9781248913215
9781248913222
9781248913239
9781248913246
9781248913253
9781248913260
9781248913277
9781248913284
9781248913291
9781248913307
9781248913314
9781248913321
9781248913338
9781248913345
9781248913352
9781248913369
9781248913376
9781248913383
9781248913390
9781248913406
9781248913413
9781248913420
9781248913437
9781248913444
9781248913451
9781248913468
9781248913475
9781248913482
9781248913499
9781248913505
9781248913512
9781248913529
9781248913536
9781248913543
9781248913550
9781248913567
9781248913574
9781248913581
9781248913598
9781248913604
9781248913611
9781248913628
9781248913635
9781248913642
9781248913659
9781248913666
9781248913673
9781248913680
9781248913697
9781248913703
9781248913710
9781248913727
9781248913734
9781248913741
9781248913758
9781248913765
9781248913772
9781248913789
9781248913796
9781248913802
9781248913819
9781248913826
9781248913833
9781248913840
9781248913857
9781248913864
9781248913871
9781248913888
9781248913895
9781248913901
9781248913918
9781248913925
9781248913932
9781248913949
9781248913956
9781248913963
9781248913970
9781248913987
9781248913994
9781248914007
9781248914014
9781248914021
9781248914038
9781248914045
9781248914052
9781248914069
9781248914076
9781248914083
9781248914090
9781248914106
9781248914113
9781248914120
9781248914137
9781248914144
9781248914151
9781248914168
9781248914175
9781248914182
9781248914199
9781248914205
9781248914212
9781248914229
9781248914236
9781248914243
9781248914250
9781248914267
9781248914274
9781248914281
9781248914298
9781248914304
9781248914311
9781248914328
9781248914335
9781248914342
9781248914359
9781248914366
9781248914373
9781248914380
9781248914397
9781248914403
9781248914410
9781248914427
9781248914434
9781248914441
9781248914458
9781248914465
9781248914472
9781248914489
9781248914496
9781248914502
9781248914519
9781248914526
9781248914533
9781248914540
9781248914557
9781248914564
9781248914571
9781248914588
9781248914595
9781248914601
9781248914618
9781248914625
9781248914632
9781248914649
9781248914656
9781248914663
9781248914670
9781248914687
9781248914694
9781248914700
9781248914717
9781248914724
9781248914731
9781248914748
9781248914755
9781248914762
9781248914779
9781248914786
9781248914793
9781248914809
9781248914816
9781248914823
9781248914830
9781248914847
9781248914854
9781248914861
9781248914878
9781248914885
9781248914892
9781248914908
9781248914915
9781248914922
9781248914939
9781248914946
9781248914953
9781248914960
9781248914977
9781248914984
9781248914991
9781248915004
9781248915011
9781248915028
9781248915035
9781248915042
9781248915059
9781248915066
9781248915073
9781248915080
9781248915097
9781248915103
9781248915110
9781248915127
9781248915134
9781248915141
9781248915158
9781248915165
9781248915172
9781248915189
9781248915196
9781248915202
9781248915219
9781248915226
9781248915233
9781248915240
9781248915257
9781248915264
9781248915271
9781248915288
9781248915295
9781248915301
9781248915318
9781248915325
9781248915332
9781248915349
9781248915356
9781248915363
9781248915370
9781248915387
9781248915394
9781248915400
9781248915417
9781248915424
9781248915431
9781248915448
9781248915455
9781248915462
9781248915479
9781248915486
9781248915493
9781248915509
9781248915516
9781248915523
9781248915530
9781248915547
9781248915554
9781248915561
9781248915578
9781248915585
9781248915592
9781248915608
9781248915615
9781248915622
9781248915639
9781248915646
9781248915653
9781248915660
9781248915677
9781248915684
9781248915691
9781248915707
9781248915714
9781248915721
9781248915738
9781248915745
9781248915752
9781248915769
9781248915776
9781248915783
9781248915790
9781248915806
9781248915813
9781248915820
9781248915837
9781248915844
9781248915851
9781248915868
9781248915875
9781248915882
9781248915899
9781248915905
9781248915912
9781248915929
9781248915936
9781248915943
9781248915950
9781248915967
9781248915974
9781248915981
9781248915998
9781248916001
9781248916018
9781248916025
9781248916032
9781248916049
9781248916056
9781248916063
9781248916070
9781248916087
9781248916094
9781248916100
9781248916117
9781248916124
9781248916131
9781248916148
9781248916155
9781248916162
9781248916179
9781248916186
9781248916193
9781248916209
9781248916216
9781248916223
9781248916230
9781248916247
9781248916254
9781248916261
9781248916278
9781248916285
9781248916292
9781248916308
9781248916315
9781248916322
9781248916339
9781248916346
9781248916353
9781248916360
9781248916377
9781248916384
9781248916391
9781248916407
9781248916414
9781248916438
9781248916445
9781248916452
9781248916469
9781248916476
9781248916483
9781248916490
9781248916506
9781248916513
9781248916520
9781248916537
9781248916544
9781248916551
9781248916568
9781248916575
9781248916582
9781248916599
9781248916605
9781248916612
9781248916629
9781248916636
9781248916643
9781248916650
9781248916667
9781248916674
9781248916681
9781248916698
9781248916704
9781248916711
9781248916728
9781248916735
9781248916742
9781248916759
9781248916766
9781248916773
9781248916780
9781248916797
9781248916803
9781248916810
9781248916827
9781248916834
9781248916841
9781248916858
9781248916865
9781248916872
9781248916889
9781248916896
9781248916902
9781248916919
9781248916926
9781248916933
9781248916940
9781248916957
9781248916964
9781248916971
9781248916988
9781248916995
9781248917008
9781248917015
9781248917022
9781248917039
9781248917046
9781248917053
9781248917060
9781248917077
9781248917084
9781248917091
9781248917107
9781248917114
9781248917121
9781248917138
9781248917145
9781248917152
9781248917169
9781248917176
9781248917183
9781248917190
9781248917206
9781248917213
9781248917220
9781248917237
9781248917244
9781248917251
9781248917268
9781248917275
9781248917282
9781248917299
9781248917305
9781248917312
9781248917329
9781248917336
9781248917343
9781248917350
9781248917367
9781248917374
9781248917381
9781248917398
9781248917404
9781248917411
9781248917428
9781248917435
9781248917442
9781248917459
9781248917466
9781248917473
9781248917480
9781248917497
9781248917503
9781248917510
9781248917527
9781248917534
9781248917541
9781248917558
9781248917565
9781248917572
9781248917589
9781248917596
9781248917602
9781248917619
9781248917626
9781248917633
9781248917640
9781248917657
9781248917664
9781248917671
9781248917688
9781248917695
9781248917701
9781248917718
9781248917725
9781248917732
9781248917749
9781248917756
9781248917763
9781248917770
9781248917787
9781248917794
9781248917800
9781248917817
9781248917824
9781248917831
9781248917848
9781248917855
9781248917862
9781248917879
9781248917886
9781248917893
9781248917909
9781248917916
9781248917923
9781248917930
9781248917947
9781248917954
9781248917961
9781248917978
9781248917985
9781248917992
9781248918005
9781248918012
9781248918029
9781248918036
9781248918043
9781248918050
9781248918067
9781248918074
9781248918081
9781248918098
9781248918104
9781248918111
9781248918128
9781248918135
9781248918142
9781248918159
9781248918166
9781248918173
9781248918180
9781248918197
9781248918203
9781248918210
9781248918227
9781248918234
9781248918241
9781248918258
9781248918265
9781248918272
9781248918289
9781248918296
9781248918302
9781248918319
9781248918326
9781248918333
9781248918340
9781248918357
9781248918364
9781248918371
9781248918388
9781248918395
9781248918401
9781248918418
9781248918425
9781248918432
9781248918449
9781248918456
9781248918463
9781248918470
9781248918487
9781248918494
9781248918500
9781248918517
9781248918524
9781248918531
9781248918548
9781248918555
9781248918562
9781248918579
9781248918586
9781248918593
9781248918609
9781248918616
9781248918623
9781248918630
9781248918647
9781248918654
9781248918661
9781248918678
9781248918685
9781248918692
9781248918708
9781248918715
9781248918722
9781248918739
9781248918746
9781248918753
9781248918760
9781248918777
9781248918784
9781248918791
9781248918807
9781248918814
9781248918821
9781248918838
9781248918845
9781248918852
9781248918869
9781248918876
9781248918883
9781248918890
9781248918906
9781248918913
9781248918920
9781248918937
9781248918944
9781248918951
9781248918968
9781248918975
9781248918982
9781248918999
9781248919002
9781248919019
9781248919026
9781248919033
9781248919040
9781248919057
9781248919064
9781248919071
9781248919088
9781248919095
9781248919101
9781248919118
9781248919125
9781248919132
9781248919149
9781248919156
9781248919163
9781248919170
9781248919187
9781248919194
9781248919200
9781248919217
9781248919224
9781248919231
9781248919248
9781248919255
9781248919262
9781248919279
9781248919286
9781248919293
9781248919309
9781248919316
9781248919323
9781248919330
9781248919347
9781248919354
9781248919361
9781248919378
9781248919385
9781248919392
9781248919408
9781248919415
9781248919422
9781248919439
9781248919446
9781248919453
9781248919460
9781248919477
9781248919484
9781248919491
9781248919507
9781248919514
9781248919521
9781248919538
9781248919545
9781248919552
9781248919569
9781248919576
9781248919583
9781248919590
9781248919606
9781248919613
9781248919620
9781248919637
9781248919644
9781248919651
9781248919668
9781248919675
9781248919682
9781248919699
9781248919705
9781248919712
9781248919729
9781248919736
9781248919743
9781248919750
9781248919767
9781248919774
9781248919781
9781248919798
9781248919804
9781248919811
9781248919828
9781248919835
9781248919842
9781248919859
9781248919866
9781248919873
9781248919880
9781248919897
9781248919903
9781248919910
9781248919927
9781248919934
9781248919941
9781248919958
9781248919965
9781248919972
9781248919989
9781248919996
9781248920008
9781248920015
9781248920022
9781248920039
9781248920046
9781248920053
9781248920060
9781248920077
9781248920084
9781248920091
9781248920107
9781248920114
9781248920121
9781248920138
9781248920145
9781248920152
9781248920169
9781248920176
9781248920183
9781248920190
9781248920206
9781248920213
9781248920220
9781248920237
9781248920244
9781248920251
9781248920268
9781248920275
9781248920282
9781248920299
9781248920305
9781248920312
9781248920329
9781248920336
9781248920343
9781248920350
9781248920367
9781248920374
9781248920381
9781248920398
9781248920404
9781248920411
9781248920428
9781248920435
9781248920442
9781248920459
9781248920466
9781248920473
9781248920497
9781248920503
9781248920510
9781248920527
9781248920534
9781248920541
9781248920558
9781248920565
9781248920572
9781248920589
9781248920596
9781248920602
9781248920619
9781248920626
9781248920633
9781248920640
9781248920657
9781248920664
9781248920671
9781248920688
9781248920695
9781248920701
9781248920718
9781248920725
9781248920732
9781248920749
9781248920756
9781248920763
9781248920770
9781248920787
9781248920794
9781248920800
9781248920817
9781248920824
9781248920831
9781248920848
9781248920855
9781248920862
9781248920879
9781248920886
9781248920893
9781248920909
9781248920916
9781248920923
9781248920930
9781248920947
9781248920954
9781248920961
9781248920978
9781248920985
9781248920992
9781248921005
9781248921012
9781248921029
9781248921036
9781248921043
9781248921050
9781248921067
9781248921074
9781248921081
9781248921098
9781248921104
9781248921111
9781248921128
9781248921135
9781248921142
9781248921159
9781248921166
9781248921173
9781248921180
9781248921197
9781248921203
9781248921210
9781248921227
9781248921234
9781248921241
9781248921258
9781248921265
9781248921272
9781248921289
9781248921296
9781248921302
9781248921319
9781248921326
9781248921333
9781248921340
9781248921357
9781248921364
9781248921371
9781248921388
9781248921395
9781248921401
9781248921418
9781248921425
9781248921432
9781248921449
9781248921456
9781248921463
9781248921470
9781248921487
9781248921494
9781248921500
9781248921517
9781248921524
9781248921531
9781248921548
9781248921555
9781248921562
9781248921579
9781248921586
9781248921593
9781248921609
9781248921616
9781248921623
9781248921630
9781248921647
9781248921654
9781248921661
9781248921678
9781248921685
9781248921692
9781248921708
9781248921715
9781248921722
9781248921739
9781248921746
9781248921753
9781248921760
9781248921777
9781248921784
9781248921791
9781248921807
9781248921814
9781248921821
9781248921838
9781248921845
9781248921852
9781248921869
9781248921876
9781248921883
9781248921890
9781248921906
9781248921913
9781248921920
9781248921937
9781248921944
9781248921951
9781248921968
9781248921975
9781248921982
9781248921999
9781248922002
9781248922019
9781248922026
9781248922033
9781248922040
9781248922057
9781248922064
9781248922071
9781248922088
9781248922095
9781248922101
9781248922118
9781248922125
9781248922132
9781248922149
9781248922156
9781248922163
9781248922170
9781248922187
9781248922194
9781248922200
9781248922217
9781248922224
9781248922231
9781248922248
9781248922255
9781248922262
9781248922279
9781248922286
9781248922293
9781248922309
9781248922316
9781248922323
9781248922330
9781248922347
9781248922354
9781248922361
9781248922378
9781248922385
9781248922392
9781248922408
9781248922415
9781248922422
9781248922439
9781248922446
9781248922453
9781248922460
9781248922477
9781248922484
9781248922491
9781248922507
9781248922514
9781248922521
9781248922538
9781248922545
9781248922552
9781248922569
9781248922576
9781248922583
9781248922590
9781248922606
9781248922613
9781248922620
9781248922637
9781248922644
9781248922651
9781248922668
9781248922675
9781248922682
9781248922699
9781248922705
9781248922712
9781248922729
9781248922736
9781248922743
9781248922750
9781248922767
9781248922774
9781248922781
9781248922798
9781248922804
9781248922811
9781248922828
9781248922835
9781248922842
9781248922859
9781248922866
9781248922873
9781248922880
9781248922897
9781248922903
9781248922910
9781248922927
9781248922934
9781248922941
9781248922958
9781248922965
9781248922972
9781248922989
9781248922996
9781248923009
9781248923016
9781248923023
9781248923030
9781248923047
9781248923054
9781248923061
9781248923078
9781248923085
9781248923092
9781248923108
9781248923115
9781248923122
9781248923139
9781248923146
9781248923153
9781248923160
9781248923177
9781248923184
9781248923191
9781248923207
9781248923214
9781248923221
9781248923238
9781248923245
9781248923252
9781248923269
9781248923276
9781248923283
9781248923290
9781248923306
9781248923313
9781248923320
9781248923337
9781248923344
9781248923351
9781248923368
9781248923375
9781248923382
9781248923399
9781248923405
9781248923412
9781248923429
9781248923436
9781248923443
9781248923450
9781248923467
9781248923474
9781248923481
9781248923498
9781248923504
9781248923511
9781248923528
9781248923535
9781248923542
9781248923559
9781248923566
9781248923573
9781248923580
9781248923597
9781248923603
9781248923610
9781248923627
9781248923634
9781248923641
9781248923658
9781248923665
9781248923672
9781248923689
9781248923696
9781248923702
9781248923719
9781248923726
9781248923733
9781248923740
9781248923757
9781248923764
9781248923771
9781248923788
9781248923795
9781248923801
9781248923818
9781248923825
9781248923832
9781248923849
9781248923856
9781248923863
9781248923870
9781248923887
9781248923894
9781248923900
9781248923917
9781248923924
9781248923931
9781248923948
9781248923955
9781248923962
9781248923979
9781248923986
9781248923993
9781248924006
9781248924013
9781248924020
9781248924037
9781248924044
9781248924051
9781248924068
9781248924075
9781248924082
9781248924099
9781248924105
9781248924112
9781248924129
9781248924136
9781248924143
9781248924150
9781248924167
9781248924174
9781248924181
9781248924198
9781248924204
9781248924211
9781248924228
9781248924235
9781248924242
9781248924259
9781248924266
9781248924273
9781248924280
9781248924297
9781248924303
9781248924310
9781248924327
9781248924334
9781248924341
9781248924358
9781248924365
9781248924372
9781248924389
9781248924396
9781248924402
9781248924419
9781248924426
9781248924433
9781248924440
9781248924457
9781248924464
9781248924471
9781248924488
9781248924495
9781248924501
9781248924518
9781248924525
9781248924532
9781248924549
9781248924556
9781248924563
9781248924570
9781248924587
9781248924594
9781248924600
9781248924617
9781248924624
9781248924631
9781248924648
9781248924655
9781248924662
9781248924679
9781248924686
9781248924693
9781248924709
9781248924716
9781248924723
9781248924730
9781248924747
9781248924754
9781248924761
9781248924778
9781248924785
9781248924792
9781248924808
9781248924815
9781248924822
9781248924839
9781248924846
9781248924853
9781248924860
9781248924877
9781248924884
9781248924891
9781248924907
9781248924914
9781248924921
9781248924938
9781248924945
9781248924952
9781248924969
9781248924976
9781248924983
9781248924990
9781248925003
9781248925010
9781248925027
9781248925034
9781248925041
9781248925058
9781248925065
9781248925072
9781248925089
9781248925096
9781248925102
9781248925119
9781248925126
9781248925133
9781248925140
9781248925157
9781248925164
9781248925171
9781248925188
9781248925195
9781248925201
9781248925218
9781248925225
9781248925232
9781248925249
9781248925256
9781248925263
9781248925270
9781248925287
9781248925294
9781248925300
9781248925317
9781248925324
9781248925331
9781248925348
9781248925355
9781248925362
9781248925379
9781248925386
9781248925393
9781248925409
9781248925416
9781248925423
9781248925430
9781248925447
9781248925454
9781248925461
9781248925478
9781248925485
9781248925492
9781248925508
9781248925515
9781248925522
9781248925539
9781248925546
9781248925553
9781248925560
9781248925577
9781248925584
9781248925591
9781248925607
9781248925614
9781248925621
9781248925638
9781248925645
9781248925652
9781248925669
9781248925676
9781248925683
9781248925690
9781248925706
9781248925713
9781248925720
9781248925737
9781248925744
9781248925751
9781248925768
9781248925775
9781248925782
9781248925799
9781248925805
9781248925812
9781248925829
9781248925836
9781248925843
9781248925850
9781248925867
9781248925874
9781248925881
9781248925898
9781248925904
9781248925911
9781248925928
9781248925935
9781248925942
9781248925959
9781248925966
9781248925973
9781248925980
9781248925997
9781248926000
9781248926017
9781248926024
9781248926031
9781248926048
9781248926055
9781248926062
9781248926079
9781248926086
9781248926093
9781248926109
9781248926116
9781248926123
9781248926130
9781248926147
9781248926154
9781248926161
9781248926178
9781248926185
9781248926192
9781248926208
9781248926215
9781248926222
9781248926239
9781248926246
9781248926253
9781248926260
9781248926277
9781248926284
9781248926291
9781248926307
9781248926314
9781248926321
9781248926338
9781248926345
9781248926352
9781248926369
9781248926376
9781248926383
9781248926390
9781248926406
9781248926413
9781248926420
9781248926437
9781248926444
9781248926451
9781248926468
9781248926475
9781248926482
9781248926499
9781248926505
9781248926512
9781248926529
9781248926536
9781248926543
9781248926550
9781248926567
9781248926574
9781248926581
9781248926598
9781248926604
9781248926611
9781248926628
9781248926635
9781248926642
9781248926659
9781248926666
9781248926673
9781248926680
9781248926697
9781248926703
9781248926710
9781248926727
9781248926734
9781248926741
9781248926758
9781248926765
9781248926772
9781248926789
9781248926796
9781248926802
9781248926819
9781248926826
9781248926833
9781248926840
9781248926857
9781248926864
9781248926888
9781248926895
9781248926901
9781248926918
9781248926925
9781248926932
9781248926949
9781248926956
9781248926963
9781248926970
9781248926987
9781248926994
9781248927007
9781248927014
9781248927021
9781248927038
9781248927045
9781248927052
9781248927069
9781248927076
9781248927083
9781248927090
9781248927106
9781248927113
9781248927120
9781248927137
9781248927144
9781248927151
9781248927168
9781248927175
9781248927182
9781248927199
9781248927205
9781248927212
9781248927229
9781248927236
9781248927243
9781248927250
9781248927267
9781248927274
9781248927281
9781248927298
9781248927304
9781248927311
9781248927328
9781248927335
9781248927342
9781248927359
9781248927366
9781248927373
9781248927380
9781248927397
9781248927403
9781248927410
9781248927427
9781248927434
9781248927441
9781248927458
9781248927465
9781248927472
9781248927489
9781248927496
9781248927502
9781248927519
9781248927526
9781248927533
9781248927540
9781248927557
9781248927564
9781248927571
9781248927588
9781248927595
9781248927601
9781248927618
9781248927625
9781248927632
9781248927649
9781248927656
9781248927663
9781248927670
9781248927687
9781248927694
9781248927700
9781248927717
9781248927724
9781248927731
9781248927748
9781248927755
9781248927762
9781248927779
9781248927786
9781248927793
9781248927809
9781248927816
9781248927823
9781248927847
9781248927854
9781248927861
9781248927878
9781248927885
9781248927892
9781248927908
9781248927915
9781248927922
9781248927939
9781248927946
9781248927953
9781248927960
9781248927977
9781248927984
9781248927991
9781248928004
9781248928011
9781248928028
9781248928035
9781248928042
9781248928059
9781248928066
9781248928073
9781248928080
9781248928097
9781248928103
9781248928110
9781248928127
9781248928134
9781248928141
9781248928158
9781248928165
9781248928172
9781248928189
9781248928196
9781248928202
9781248928219
9781248928226
9781248928233
9781248928240
9781248928257
9781248928264
9781248928271
9781248928288
9781248928295
9781248928301
9781248928318
9781248928325
9781248928332
9781248928349
9781248928356
9781248928363
9781248928370
9781248928387
9781248928394
9781248928400
9781248928417
9781248928424
9781248928431
9781248928448
9781248928455
9781248928462
9781248928479
9781248928486
9781248928493
9781248928509
9781248928516
9781248928523
9781248928530
9781248928547
9781248928554
9781248928561
9781248928578
9781248928585
9781248928592
9781248928608
9781248928615
9781248928622
9781248928639
9781248928646
9781248928653
9781248928660
9781248928677
9781248928684
9781248928691
9781248928707
9781248928714
9781248928721
9781248928738
9781248928745
9781248928752
9781248928769
9781248928776
9781248928783
9781248928790
9781248928806
9781248928813
9781248928820
9781248928837
9781248928844
9781248928851
9781248928868
9781248928875
9781248928882
9781248928899
9781248928905
9781248928912
9781248928929
9781248928936
9781248928943
9781248928950
9781248928967
9781248928974
9781248928981
9781248928998
9781248929001
9781248929018
9781248929025
9781248929032
9781248929049
9781248929056
9781248929063
9781248929070
9781248929087
9781248929094
9781248929100
9781248929117
9781248929124
9781248929131
9781248929148
9781248929155
9781248929162
9781248929179
9781248929186
9781248929193
9781248929209
9781248929216
9781248929223
9781248929230
9781248929247
9781248929254
9781248929261
9781248929278
9781248929285
9781248929292
9781248929308
9781248929315
9781248929322
9781248929339
9781248929346
9781248929353
9781248929360
9781248929377
9781248929384
9781248929391
9781248929407
9781248929414
9781248929421
9781248929438
9781248929445
9781248929452
9781248929469
9781248929476
9781248929483
9781248929490
9781248929506
9781248929513
9781248929520
9781248929537
9781248929544
9781248929551
9781248929568
9781248929575
9781248929582
9781248929599
9781248929605
9781248929612
9781248929629
9781248929636
9781248929643
9781248929650
9781248929667
9781248929674
9781248929681
9781248929698
9781248929704
9781248929711
9781248929728
9781248929735
9781248929742
9781248929759
9781248929766
9781248929773
9781248929780
9781248929797
9781248929803
9781248929810
9781248929827
9781248929834
9781248929841
9781248929858
9781248929865
9781248929872
9781248929889
9781248929896
9781248929902
9781248929919
9781248929933
9781248929940
9781248929957
9781248929964
9781248929971
9781248929988
9781248929995
9781248930007
9781248930014
9781248930021
9781248930038
9781248930045
9781248930052
9781248930069
9781248930076
9781248930083
9781248930090
9781248930106
9781248930113
9781248930120
9781248930137
9781248930144
9781248930151
9781248930168
9781248930175
9781248930182
9781248930199
9781248930205
9781248930212
9781248930229
9781248930236
9781248930243
9781248930250
9781248930267
9781248930274
9781248930281
9781248930298
9781248930304
9781248930311
9781248930328
9781248930335
9781248930342
9781248930359
9781248930366
9781248930373
9781248930380
9781248930397
9781248930403
9781248930410
9781248930427
9781248930434
9781248930441
9781248930458
9781248930465
9781248930472
9781248930489
9781248930496
9781248930502
9781248930519
9781248930526
9781248930533
9781248930540
9781248930557
9781248930564
9781248930571
9781248930588
9781248930595
9781248930618
9781248930625
9781248930632
9781248930649
9781248930656
9781248930663
9781248930670
9781248930687
9781248930694
9781248930700
9781248930717
9781248930724
9781248930731
9781248930748
9781248930755
9781248930762
9781248930779
9781248930786
9781248930793
9781248930809
9781248930816
9781248930823
9781248930830
9781248930847
9781248930854
9781248930861
9781248930878
9781248930885
9781248930892
9781248930908
9781248930915
9781248930922
9781248930939
9781248930946
9781248930953
9781248930960
9781248930977
9781248930984
9781248930991
9781248931004
9781248931011
9781248931028
9781248931035
9781248931042
9781248931059
9781248931066
9781248931073
9781248931080
9781248931097
9781248931103
9781248931110
9781248931127
9781248931134
9781248931141
9781248931158
9781248931165
9781248931172
9781248931189
9781248931196
9781248931202
9781248931219
9781248931226
9781248931233
9781248931240
9781248931257
9781248931264
9781248931271
9781248931288
9781248931295
9781248931301
9781248931318
9781248931325
9781248931332
9781248931349
9781248931356
9781248931363
9781248931370
9781248931387
9781248931394
9781248931400
9781248931417
9781248931424
9781248931431
9781248931448
9781248931455
9781248931462
9781248931479
9781248931486
9781248931493
9781248931509
9781248931516
9781248931523
9781248931530
9781248931547
9781248931554
9781248931561
9781248931578
9781248931585
9781248931592
9781248931608
9781248931615
9781248931622
9781248931639
9781248931646
9781248931653
9781248931660
9781248931677
9781248931684
9781248931691
9781248931707
9781248931714
9781248931721
9781248931738
9781248931745
9781248931752
9781248931769
9781248931776
9781248931783
9781248931790
9781248931806
9781248931813
9781248931820
9781248931837
9781248931844
9781248931851
9781248931868
9781248931875
9781248931882
9781248931899
9781248931905
9781248931912
9781248931929
9781248931936
9781248931943
9781248931950
9781248931967
9781248931974
9781248931981
9781248931998
9781248932001
9781248932018
9781248932025
9781248932032
9781248932049
9781248932056
9781248932063
9781248932070
9781248932087
9781248932094
9781248932100
9781248932117
9781248932124
9781248932131
9781248932148
9781248932155
9781248932162
9781248932179
9781248932186
9781248932193
9781248932209
9781248932216
9781248932223
9781248932230
9781248932247
9781248932254
9781248932261
9781248932278
9781248932285
9781248932292
9781248932308
9781248932315
9781248932322
9781248932339
9781248932346
9781248932353
9781248932360
9781248932377
9781248932384
9781248932391
9781248932407
9781248932414
9781248932421
9781248932438
9781248932445
9781248932452
9781248932469
9781248932476
9781248932483
9781248932490
9781248932506
9781248932513
9781248932520
9781248932537
9781248932544
9781248932551
9781248932568
9781248932575
9781248932582
9781248932599
9781248932605
9781248932612
9781248932629
9781248932636
9781248932643
9781248932650
9781248932667
9781248932674
9781248932681
9781248932698
9781248932704
9781248932711
9781248932728
9781248932735
9781248932742
9781248932759
9781248932766
9781248932773
9781248932780
9781248932797
9781248932803
9781248932810
9781248932827
9781248932834
9781248932841
9781248932858
9781248932865
9781248932872
9781248932889
9781248932896
9781248932902
9781248932919
9781248932926
9781248932933
9781248932940
9781248932957
9781248932964
9781248932971
9781248932988
9781248932995
9781248933008
9781248933015
9781248933022
9781248933039
9781248933046
9781248933053
9781248933060
9781248933077
9781248933084
9781248933091
9781248933107
9781248933114
9781248933121
9781248933138
9781248933145
9781248933152
9781248933169
9781248933176
9781248933183
9781248933190
9781248933206
9781248933213
9781248933220
9781248933237
9781248933244
9781248933251
9781248933268
9781248933275
9781248933282
9781248933299
9781248933305
9781248933312
9781248933329
9781248933336
9781248933343
9781248933350
9781248933367
9781248933374
9781248933381
9781248933398
9781248933404
9781248933411
9781248933428
9781248933435
9781248933442
9781248933459
9781248933466
9781248933473
9781248933480
9781248933497
9781248933503
9781248933510
9781248933527
9781248933534
9781248933541
9781248933558
9781248933565
9781248933572
9781248933589
9781248933596
9781248933602
9781248933619
9781248933626
9781248933633
9781248933640
9781248933657
9781248933664
9781248933671
9781248933688
9781248933695
9781248933701
9781248933718
9781248933725
9781248933732
9781248933749
9781248933756
9781248933763
9781248933770
9781248933787
9781248933794
9781248933800
9781248933817
9781248933824
9781248933831
9781248933848
9781248933855
9781248933862
9781248933879
9781248933886
9781248933893
9781248933909
9781248933916
9781248933923
9781248933930
9781248933947
9781248933954
9781248933961
9781248933978
9781248933985
9781248933992
9781248934005
9781248934012
9781248934029
9781248934036
9781248934043
9781248934050
9781248934067
9781248934074
9781248934081
9781248934098
9781248934104
9781248934111
9781248934128
9781248934135
9781248934142
9781248934159
9781248934166
9781248934173
9781248934180
9781248934197
9781248934203
9781248934210
9781248934227
9781248934241
9781248934258
9781248934265
9781248934272
9781248934289
9781248934296
9781248934302
9781248934319
9781248934326
9781248934333
9781248934340
9781248934357
9781248934364
9781248934371
9781248934388
9781248934395
9781248934401
9781248934418
9781248934425
9781248934432
9781248934449
9781248934456
9781248934463
9781248934470
9781248934487
9781248934494
9781248934500
9781248934517
9781248934524
9781248934531
9781248934548
9781248934555
9781248934562
9781248934579
9781248934586
9781248934593
9781248934609
9781248934616
9781248934623
9781248934630
9781248934647
9781248934654
9781248934661
9781248934678
9781248934685
9781248934692
9781248934708
9781248934715
9781248934722
9781248934739
9781248934746
9781248934753
9781248934760
9781248934777
9781248934784
9781248934791
9781248934807
9781248934814
9781248934821
9781248934838
9781248934845
9781248934852
9781248934869
9781248934876
9781248934883
9781248934890
9781248934906
9781248934913
9781248934920
9781248934937
9781248934944
9781248934951
9781248934968
9781248934975
9781248934982
9781248934999
9781248935002
9781248935019
9781248935026
9781248935033
9781248935040
9781248935057
9781248935064
9781248935071
9781248935088
9781248935095
9781248935101
9781248935118
9781248935125
9781248935132
9781248935149
9781248935156
9781248935163
9781248935170
9781248935187
9781248935194
9781248935200
9781248935217
9781248935224
9781248935231
9781248935248
9781248935255
9781248935262
9781248935279
9781248935286
9781248935293
9781248935309
9781248935316
9781248935323
9781248935330
9781248935347
9781248935354
9781248935361
9781248935378
9781248935385
9781248935392
9781248935408
9781248935415
9781248935422
9781248935439
9781248935446
9781248935453
9781248935460
9781248935477
9781248935484
9781248935491
9781248935507
9781248935514
9781248935521
9781248935538
9781248935545
9781248935552
9781248935569
9781248935576
9781248935583
9781248935590
9781248935606
9781248935613
9781248935620
9781248935637
9781248935644
9781248935651
9781248935668
9781248935675
9781248935682
9781248935699
9781248935705
9781248935712
9781248935729
9781248935736
9781248935743
9781248935750
9781248935767
9781248935774
9781248935781
9781248935798
9781248935804
9781248935811
9781248935828
9781248935835
9781248935842
9781248935859
9781248935866
9781248935873
9781248935880
9781248935897
9781248935903
9781248935910
9781248935927
9781248935934
9781248935941
9781248935958
9781248935965
9781248935972
9781248935989
9781248935996
9781248936009
9781248936016
9781248936023
9781248936030
9781248936047
9781248936054
9781248936061
9781248936078
9781248936085
9781248936092
9781248936108
9781248936115
9781248936122
9781248936139
9781248936146
9781248936153
9781248936160
9781248936177
9781248936184
9781248936191
9781248936207
9781248936214
9781248936221
9781248936238
9781248936245
9781248936252
9781248936269
9781248936276
9781248936283
9781248936290
9781248936306
9781248936313
9781248936320
9781248936337
9781248936344
9781248936351
9781248936368
9781248936375
9781248936382
9781248936399
9781248936405
9781248936412
9781248936429
9781248936436
9781248936443
9781248936450
9781248936467
9781248936474
9781248936481
9781248936498
9781248936504
9781248936511
9781248936528
9781248936535
9781248936542
9781248936559
9781248936566
9781248936573
9781248936580
9781248936597
9781248936603
9781248936610
9781248936627
9781248936634
9781248936641
9781248936658
9781248936665
9781248936672
9781248936689
9781248936696
9781248936702
9781248936719
9781248936726
9781248936733
9781248936740
9781248936757
9781248936764
9781248936771
9781248936788
9781248936795
9781248936801
9781248936818
9781248936825
9781248936832
9781248936849
9781248936856
9781248936863
9781248936870
9781248936887
9781248936894
9781248936900
9781248936917
9781248936924
9781248936931
9781248936948
9781248936955
9781248936962
9781248936979
9781248936986
9781248936993
9781248937006
9781248937013
9781248937020
9781248937037
9781248937044
9781248937051
9781248937068
9781248937075
9781248937082
9781248937099
9781248937105
9781248937112
9781248937129
9781248937136
9781248937143
9781248937150
9781248937167
9781248937174
9781248937181
9781248937198
9781248937204
9781248937211
9781248937228
9781248937235
9781248937242
9781248937259
9781248937266
9781248937273
9781248937280
9781248937297
9781248937303
9781248937310
9781248937327
9781248937334
9781248937341
9781248937358
9781248937365
9781248937372
9781248937389
9781248937396
9781248937402
9781248937419
9781248937426
9781248937433
9781248937440
9781248937457
9781248937464
9781248937471
9781248937488
9781248937495
9781248937501
9781248937518
9781248937525
9781248937532
9781248937549
9781248937556
9781248937563
9781248937570
9781248937587
9781248937594
9781248937600
9781248937617
9781248937624
9781248937631
9781248937648
9781248937655
9781248937662
9781248937679
9781248937686
9781248937693
9781248937709
9781248937716
9781248937723
9781248937730
9781248937747
9781248937754
9781248937761
9781248937778
9781248937785
9781248937792
9781248937808
9781248937815
9781248937822
9781248937839
9781248937846
9781248937853
9781248937860
9781248937877
9781248937884
9781248937891
9781248937907
9781248937914
9781248937921
9781248937938
9781248937945
9781248937952
9781248937969
9781248937976
9781248937983
9781248937990
9781248938003
9781248938010
9781248938027
9781248938034
9781248938041
9781248938058
9781248938065
9781248938072
9781248938089
9781248938096
9781248938102
9781248938119
9781248938126
9781248938133
9781248938140
9781248938157
9781248938164
9781248938171
9781248938188
9781248938195
9781248938201
9781248938218
9781248938225
9781248938232
9781248938249
9781248938256
9781248938263
9781248938270
9781248938287
9781248938294
9781248938300
9781248938317
9781248938324
9781248938331
9781248938348
9781248938355
9781248938362
9781248938379
9781248938386
9781248938393
9781248938409
9781248938416
9781248938423
9781248938430
9781248938447
9781248938454
9781248938461
9781248938478
9781248938485
9781248938492
9781248938508
9781248938515
9781248938522
9781248938539
9781248938546
9781248938553
9781248938560
9781248938577
9781248938584
9781248938591
9781248938607
9781248938614
9781248938621
9781248938638
9781248938645
9781248938652
9781248938669
9781248938676
9781248938683
9781248938690
9781248938706
9781248938713
9781248938720
9781248938737
9781248938744
9781248938751
9781248938768
9781248938775
9781248938782
9781248938799
9781248938805
9781248938812
9781248938829
9781248938836
9781248938843
9781248938850
9781248938867
9781248938874
9781248938881
9781248938898
9781248938904
9781248938911
9781248938928
9781248938935
9781248938942
9781248938959
9781248938966
9781248938973
9781248938980
9781248938997
9781248939000
9781248939017
9781248939024
9781248939031
9781248939048
9781248939055
9781248939062
9781248939079
9781248939086
9781248939093
9781248939109
9781248939116
9781248939123
9781248939130
9781248939147
9781248939154
9781248939161
9781248939178
9781248939185
9781248939192
9781248939208
9781248939215
9781248939222
9781248939239
9781248939246
9781248939253
9781248939260
9781248939277
9781248939284
9781248939291
9781248939307
9781248939314
9781248939321
9781248939338
9781248939345
9781248939352
9781248939369
9781248939376
9781248939383
9781248939390
9781248939406
9781248939413
9781248939420
9781248939437
9781248939444
9781248939451
9781248939468
9781248939475
9781248939482
9781248939499
9781248939505
9781248939512
9781248939529
9781248939536
9781248939543
9781248939550
9781248939567
9781248939574
9781248939581
9781248939598
9781248939604
9781248939611
9781248939628
9781248939635
9781248939642
9781248939659
9781248939666
9781248939673
9781248939680
9781248939697
9781248939703
9781248939710
9781248939727
9781248939734
9781248939741
9781248939758
9781248939765
9781248939772
9781248939789
9781248939796
9781248939802
9781248939819
9781248939826
9781248939833
9781248939840
9781248939857
9781248939864
9781248939871
9781248939888
9781248939895
9781248939901
9781248939918
9781248939925
9781248939932
9781248939949
9781248939956
9781248939963
9781248939970
9781248939987
9781248939994
9781248940006
9781248940013
9781248940020
9781248940037
9781248940044
9781248940051
9781248940068
9781248940075
9781248940082
9781248940099
9781248940105
9781248940112
9781248940129
9781248940136
9781248940143
9781248940150
9781248940167
9781248940174
9781248940181
9781248940198
9781248940204
9781248940211
9781248940228
9781248940235
9781248940242
9781248940259
9781248940266
9781248940273
9781248940280
9781248940297
9781248940303
9781248940310
9781248940327
9781248940334
9781248940341
9781248940358
9781248940365
9781248940372
9781248940389
9781248940396
9781248940402
9781248940419
9781248940426
9781248940433
9781248940440
9781248940457
9781248940464
9781248940471
9781248940488
9781248940495
9781248940501
9781248940518
9781248940525
9781248940532
9781248940549
9781248940556
9781248940563
9781248940570
9781248940587
9781248940594
9781248940600
9781248940617
9781248940624
9781248940631
9781248940648
9781248940655
9781248940662
9781248940679
9781248940686
9781248940693
9781248940709
9781248940716
9781248940723
9781248940730
9781248940747
9781248940754
9781248940761
9781248940778
9781248940785
9781248940792
9781248940808
9781248940815
9781248940822
9781248940839
9781248940846
9781248940853
9781248940860
9781248940877
9781248940884
9781248940891
9781248940907
9781248940914
9781248940921
9781248940938
9781248940945
9781248940952
9781248940969
9781248940976
9781248940983
9781248940990
9781248941003
9781248941010
9781248941027
9781248941034
9781248941041
9781248941058
9781248941065
9781248941072
9781248941089
9781248941096
9781248941102
9781248941119
9781248941126
9781248941133
9781248941140
9781248941157
9781248941164
9781248941171
9781248941188
9781248941195
9781248941201
9781248941218
9781248941225
9781248941232
9781248941249
9781248941256
9781248941263
9781248941270
9781248941287
9781248941294
9781248941300
9781248941317
9781248941324
9781248941331
9781248941348
9781248941355
9781248941362
9781248941379
9781248941386
9781248941393
9781248941409
9781248941416
9781248941423
9781248941430
9781248941447
9781248941454
9781248941461
9781248941478
9781248941485
9781248941492
9781248941508
9781248941515
9781248941522
9781248941539
9781248941546
9781248941553
9781248941560
9781248941577
9781248941584
9781248941591
9781248941607
9781248941614
9781248941621
9781248941638
9781248941645
9781248941652
9781248941669
9781248941676
9781248941683
9781248941690
9781248941706
9781248941713
9781248941720
9781248941737
9781248941744
9781248941751
9781248941768
9781248941775
9781248941782
9781248941799
9781248941805
9781248941812
9781248941829
9781248941836
9781248941843
9781248941850
9781248941867
9781248941874
9781248941881
9781248941898
9781248941904
9781248941911
9781248941928
9781248941935
9781248941942
9781248941959
9781248941966
9781248941973
9781248941980
9781248941997
9781248942000
9781248942017
9781248942024
9781248942031
9781248942048
9781248942055
9781248942062
9781248942079
9781248942086
9781248942093
9781248942109
9781248942116
9781248942123
9781248942130
9781248942147
9781248942154
9781248942161
9781248942178
9781248942185
9781248942192
9781248942208
9781248942215
9781248942222
9781248942239
9781248942246
9781248942253
9781248942260
9781248942277
9781248942284
9781248942291
9781248942307
9781248942314
9781248942321
9781248942338
9781248942345
9781248942352
9781248942369
9781248942376
9781248942383
9781248942390
9781248942406
9781248942413
9781248942420
9781248942437
9781248942444
9781248942451
9781248942468
9781248942475
9781248942482
9781248942499
9781248942505
9781248942512
9781248942529
9781248942536
9781248942543
9781248951897
9781248959169
9781248959329
9781248959916
9781248959930
9781248960509
9781248960776
9781248960882
9781248961087
9781248961438
9781248961575
9781248961681
9781248961872
9781248961889
9781248962305
9781248962374
9781248962466
9781248962671
9781248962923
9781248963241
9781248963579
9781248963807
9781248963821
9781248963913
9781248963944
9781248964231
9781248964675
9781248964712
9781248964996
9781248965085
9781248965290
9781248966013
9781248966266
9781248966303
9781248966396
9781248966457
9781248966747
9781248967607
9781248967638
9781248967812
9781248967959
9781248968161
9781248968598
9781248968611
9781248968642
9781248968819
9781248969076
9781248969731
9781248970430
9781248970942
9781248971017
9781248971208
9781248971390
9781248971482
9781248972120
9781248972144
9781248972274
9781248972298
9781248972311
9781248972335
9781248972458
9781248973998
9781248975190
9781248975640
9781248975756
9781248975787
9781248975862
9781248976043
9781248976135
9781248976241
9781248976456
9781248977521
9781248979501
9781248980354
9781248981122
9781248981771
9781248982006
9781248982341
9781248982648
9781248982914
9781248983614
9781248984710
9781248985878
9781248986691
9781248986714
9781248986752
9781248987445
9781248987483
9781248987575
9781248987834
9781248988039
9781248988220
9781248988565
9781248988626
9781248988855
9781248990681
9781248991718
9781248992043
9781248992135
9781248992142
9781248992746
9781248992821
9781248993668
9781248993774
9781248993880
9781248994047
9781248994320
9781248994337
9781248994368
9781248994597
9781248994634
9781248994740
9781248995075
9781248995259
9781248996041
9781248996140
9781248996409
9781248996638
9781248996850
9781248997086
9781248997185
9781248997215
9781248997222
9781248997758
9781248997819
9781248998113
9781248998120
9781248998144
9781248998151
9781248998182
9781248998199
9781248998205
9781248998229
9781248998243
9781248998250
9781248998267
9781248998274
9781248998281
9781248998298
9781248998304
9781248998311
9781248998328
9781248998342
9781248998359
9781248998366
9781248998380
9781248998397
9781248998403
9781248998410
9781248998427
9781248998434
9781248998489
9781248998496
9781248998502
9781248998519
9781248998533
9781248998540
9781248998557
9781248998564
9781248998571
9781248998601
9781248998618
9781248998625
9781248998632
9781248998656
9781248998687
9781248998694
9781248998748
9781248998755
9781248998779
9781248998809
9781248998816
9781248998847
9781248998878
9781248998885
9781248998892
9781248998908
9781248998915
9781248998946
9781248998953
9781248998960
9781248998977
9781248998984
9781248998991
9781248999004
9781248999011
9781248999028
9781248999035
9781248999042
9781248999059
9781248999066
9781248999073
9781248999080
9781248999097
9781248999103
9781248999110
9781248999141
9781248999165
9781248999196
9781248999202
9781248999219
9781248999226
9781248999233
9781248999240
9781248999257
9781248999264
9781248999271
9781248999288
9781248999332
9781248999349
9781248999363
9781248999394
9781248999417
9781248999424
9781248999431
9781248999448
9781248999455
9781248999486
9781248999493
9781248999509
9781248999523
9781248999547
9781248999554
9781248999561
9781248999578
9781248999585
9781248999592
9781248999608
9781248999615
9781248999622
9781248999639
9781248999677
9781248999684
9781248999691
9781248999738
9781248999745
9781248999776
9781248999813
9781248999837
9781248999844
9781248999851
9781248999868
9781248999875
9781248999882
9781248999899
9781248999905
9781248999929
9781248999936
9781248999943
9781248999967
9781248999974
9781248999981
9781248999998
9781249000006
9781249000013
9781249000020
9781249000037
9781249000044
9781249000068
9781249000082
9781249000105
9781249000112
9781249000136
9781249000150
9781249000181
9781249000198
9781249000204
9781249000211
9781249000235
9781249000242
9781249000259
9781249000266
9781249000273
9781249000280
9781249000297
9781249000310
9781249000327
9781249000341
9781249000358
9781249000372
9781249000389
9781249000396
9781249000402
9781249000419
9781249000440
9781249000457
9781249000464
9781249000471
9781249000488
9781249000495
9781249000501
9781249000518
9781249000525
9781249000532
9781249000549
9781249000556
9781249000563
9781249000570
9781249000617
9781249000624
9781249000631
9781249000648
9781249000655
9781249000679
9781249000686
9781249000693
9781249000709
9781249000723
9781249000778
9781249000822
9781249000839
9781249000846
9781249000853
9781249001010
9781249001034
9781249001041
9781249001058
9781249001065
9781249001072
9781249001089
9781249001096
9781249001102
9781249001119
9781249001126
9781249001133
9781249001140
9781249001157
9781249001188
9781249001195
9781249001201
9781249001218
9781249001225
9781249001232
9781249001249
9781249001256
9781249001263
9781249001270
9781249001287
9781249001294
9781249001300
9781249001317
9781249001324
9781249001331
9781249001355
9781249001362
9781249001379
9781249001386
9781249001393
9781249001409
9781249001416
9781249001430
9781249001447
9781249001454
9781249001461
9781249001485
9781249001508
9781249001560
9781249001614
9781249001621
9781249001638
9781249001645
9781249001683
9781249001690
9781249001706
9781249001720
9781249001744
9781249001751
9781249001775
9781249001782
9781249001812
9781249001829
9781249001843
9781249001850
9781249001867
9781249001881
9781249001898
9781249001911
9781249001928
9781249001935
9781249001959
9781249001966
9781249001980
9781249001997
9781249002024
9781249002031
9781249002048
9781249002055
9781249002062
9781249002079
9781249002086
9781249002093
9781249002116
9781249002130
9781249002147
9781249002154
9781249002192
9781249002208
9781249002215
9781249002222
9781249002239
9781249002246
9781249002253
9781249002260
9781249002277
9781249002284
9781249002291
9781249002307
9781249002321
9781249002338
9781249002345
9781249002352
9781249002369
9781249002376
9781249002383
9781249002390
9781249002406
9781249002413
9781249002420
9781249002437
9781249002444
9781249002451
9781249002468
9781249002475
9781249002482
9781249002499
9781249002505
9781249002512
9781249002529
9781249002536
9781249002543
9781249002550
9781249002567
9781249002574
9781249002581
9781249002598
9781249002604
9781249002611
9781249002628
9781249002635
9781249002642
9781249002666
9781249002673
9781249002680
9781249002697
9781249002703
9781249002710
9781249002727
9781249002734
9781249002741
9781249002758
9781249002765
9781249002772
9781249002789
9781249002796
9781249002802
9781249002819
9781249002826
9781249002833
9781249002840
9781249002857
9781249002864
9781249002871
9781249002888
9781249002895
9781249002901
9781249002918
9781249002925
9781249002932
9781249002949
9781249002963
9781249002970
9781249002987
9781249002994
9781249003007
9781249003014
9781249003021
9781249003038
9781249003045
9781249003052
9781249003069
9781249003076
9781249003083
9781249003090
9781249003106
9781249003113
9781249003120
9781249003137
9781249003144
9781249003151
9781249003168
9781249003175
9781249003182
9781249003199
9781249003212
9781249003229
9781249003236
9781249003243
9781249003250
9781249003267
9781249003274
9781249003281
9781249003298
9781249003304
9781249003311
9781249003328
9781249003335
9781249003342
9781249003359
9781249003366
9781249003373
9781249003380
9781249003397
9781249003403
9781249003410
9781249003427
9781249003434
9781249003441
9781249003458
9781249003465
9781249003472
9781249003489
9781249003496
9781249003502
9781249003519
9781249003526
9781249003533
9781249003557
9781249003564
9781249003571
9781249003588
9781249003595
9781249003601
9781249003618
9781249003625
9781249003632
9781249003649
9781249003663
9781249003687
9781249003694
9781249003700
9781249003717
9781249003724
9781249003731
9781249003748
9781249003755
9781249003762
9781249003779
9781249003786
9781249003793
9781249003809
9781249003816
9781249003823
9781249003830
9781249003847
9781249003854
9781249003861
9781249003878
9781249003885
9781249003892
9781249003908
9781249003915
9781249003922
9781249003939
9781249003946
9781249003960
9781249003977
9781249003984
9781249003991
9781249004004
9781249004011
9781249004028
9781249004035
9781249004059
9781249004066
9781249004073
9781249004080
9781249004097
9781249004103
9781249004110
9781249004127
9781249004134
9781249004141
9781249004158
9781249004165
9781249004172
9781249004189
9781249004196
9781249004202
9781249004219
9781249004226
9781249004233
9781249004240
9781249004257
9781249004264
9781249004271
9781249004288
9781249004295
9781249004301
9781249004318
9781249004325
9781249004332
9781249004349
9781249004356
9781249004363
9781249004370
9781249004387
9781249004394
9781249004400
9781249004417
9781249004424
9781249004431
9781249004448
9781249004455
9781249004462
9781249004479
9781249004486
9781249004493
9781249004509
9781249004516
9781249004523
9781249004530
9781249004547
9781249004554
9781249004561
9781249004585
9781249004592
9781249004608
9781249004615
9781249004622
9781249004639
9781249004646
9781249004653
9781249004677
9781249004684
9781249004691
9781249004707
9781249004714
9781249004721
9781249004738
9781249004745
9781249004752
9781249004769
9781249004776
9781249004783
9781249004790
9781249004806
9781249004813
9781249004820
9781249004837
9781249004844
9781249004851
9781249004868
9781249004875
9781249004882
9781249004899
9781249004905
9781249004912
9781249004929
9781249004936
9781249004943
9781249004950
9781249004967
9781249004974
9781249004981
9781249004998
9781249005001
9781249005018
9781249005025
9781249005032
9781249005049
9781249005056
9781249005063
9781249005070
9781249005087
9781249005094
9781249005100
9781249005117
9781249005124
9781249005131
9781249005148
9781249005155
9781249005162
9781249005179
9781249005186
9781249005193
9781249005209
9781249005216
9781249005223
9781249005230
9781249005247
9781249005254
9781249005261
9781249005278
9781249005285
9781249005292
9781249005315
9781249005339
9781249005346
9781249005353
9781249005360
9781249005377
9781249005391
9781249005407
9781249005421
9781249005438
9781249005452
9781249005469
9781249005476
9781249005483
9781249005490
9781249005513
9781249005520
9781249005537
9781249005544
9781249005551
9781249005568
9781249005575
9781249005582
9781249005599
9781249005605
9781249005612
9781249005629
9781249005636
9781249005643
9781249005650
9781249005667
9781249005674
9781249005681
9781249005698
9781249005704
9781249005711
9781249005728
9781249005735
9781249005742
9781249005759
9781249005766
9781249005773
9781249005780
9781249005797
9781249005803
9781249005810
9781249005827
9781249005834
9781249005841
9781249005858
9781249005865
9781249005872
9781249005889
9781249005896
9781249005902
9781249005919
9781249005926
9781249005933
9781249005940
9781249005957
9781249005964
9781249005971
9781249005988
9781249005995
9781249006008
9781249006015
9781249006022
9781249006039
9781249006046
9781249006053
9781249006060
9781249006077
9781249006084
9781249006091
9781249006107
9781249006114
9781249006121
9781249006138
9781249006145
9781249006152
9781249006169
9781249006176
9781249006183
9781249006190
9781249006206
9781249006213
9781249006220
9781249006244
9781249006251
9781249006268
9781249006275
9781249006282
9781249006299
9781249006305
9781249006329
9781249006336
9781249006343
9781249006350
9781249006367
9781249006374
9781249006381
9781249006398
9781249006404
9781249006411
9781249006428
9781249006435
9781249006442
9781249006459
9781249006466
9781249006473
9781249006480
9781249006497
9781249006503
9781249006527
9781249006534
9781249006541
9781249006558
9781249006565
9781249006572
9781249006589
9781249006596
9781249006602
9781249006619
9781249006626
9781249006633
9781249006640
9781249006657
9781249006664
9781249006671
9781249006688
9781249006695
9781249006701
9781249006732
9781249006749
9781249006756
9781249006763
9781249006770
9781249006787
9781249006794
9781249006800
9781249006817
9781249006824
9781249006831
9781249006848
9781249006855
9781249006862
9781249006879
9781249006886
9781249006893
9781249006916
9781249006923
9781249006947
9781249006954
9781249006961
9781249006985
9781249006992
9781249007005
9781249007012
9781249007029
9781249007036
9781249007043
9781249007050
9781249007067
9781249007074
9781249007098
9781249007104
9781249007111
9781249007128
9781249007135
9781249007142
9781249007159
9781249007166
9781249007173
9781249007180
9781249007197
9781249007203
9781249007210
9781249007227
9781249007234
9781249007241
9781249007258
9781249007265
9781249007272
9781249007289
9781249007296
9781249007302
9781249007319
9781249007357
9781249007371
9781249007388
9781249007395
9781249007401
9781249007418
9781249007425
9781249007432
9781249007449
9781249007456
9781249007463
9781249007470
9781249007487
9781249007494
9781249007500
9781249007517
9781249007524
9781249007531
9781249007548
9781249007555
9781249007562
9781249007579
9781249007586
9781249007593
9781249007609
9781249007616
9781249007623
9781249007630
9781249007647
9781249007654
9781249007661
9781249007678
9781249007685
9781249007692
9781249007715
9781249007722
9781249007746
9781249007753
9781249007760
9781249007777
9781249007784
9781249007807
9781249007814
9781249007821
9781249007838
9781249007845
9781249007852
9781249007869
9781249007876
9781249007883
9781249007890
9781249007906
9781249007913
9781249007920
9781249007937
9781249007944
9781249007951
9781249007968
9781249007975
9781249007982
9781249007999
9781249008002
9781249008019
9781249008026
9781249008033
9781249008040
9781249008057
9781249008064
9781249008071
9781249008088
9781249008095
9781249008101
9781249008118
9781249008125
9781249008132
9781249008149
9781249008156
9781249008163
9781249008170
9781249008187
9781249008194
9781249008200
9781249008217
9781249008224
9781249008231
9781249008248
9781249008255
9781249008262
9781249008279
9781249008286
9781249008293
9781249008309
9781249008316
9781249008323
9781249008330
9781249008347
9781249008354
9781249008361
9781249008378
9781249008385
9781249008392
9781249008408
9781249008415
9781249008422
9781249008439
9781249008446
9781249008453
9781249008460
9781249008477
9781249008491
9781249008507
9781249008514
9781249008521
9781249008538
9781249008545
9781249008552
9781249008569
9781249008576
9781249008583
9781249008590
9781249008606
9781249008613
9781249008620
9781249008637
9781249008644
9781249008651
9781249008668
9781249008675
9781249008682
9781249008699
9781249008705
9781249008712
9781249008729
9781249008736
9781249008743
9781249008750
9781249008767
9781249008774
9781249008781
9781249008798
9781249008804
9781249008811
9781249008828
9781249008835
9781249008842
9781249008859
9781249008866
9781249008873
9781249008880
9781249008897
9781249008903
9781249008910
9781249008927
9781249008934
9781249008941
9781249008958
9781249008972
9781249008989
9781249008996
9781249009009
9781249009016
9781249009023
9781249009030
9781249009047
9781249009054
9781249009061
9781249009078
9781249009085
9781249009092
9781249009108
9781249009115
9781249009122
9781249009139
9781249009146
9781249009153
9781249009160
9781249009177
9781249009184
9781249009191
9781249009207
9781249009214
9781249009221
9781249009238
9781249009245
9781249009252
9781249009269
9781249009276
9781249009283
9781249009290
9781249009306
9781249009313
9781249009320
9781249009337
9781249009344
9781249009351
9781249009368
9781249009375
9781249009382
9781249009399
9781249009405
9781249009412
9781249009429
9781249009436
9781249009443
9781249009450
9781249009467
9781249009474
9781249009481
9781249009498
9781249009504
9781249009511
9781249009528
9781249009535
9781249009542
9781249009559
9781249009566
9781249009573
9781249009580
9781249009597
9781249009603
9781249009610
9781249009627
9781249009634
9781249009641
9781249009658
9781249009665
9781249009672
9781249009689
9781249009696
9781249009702
9781249009719
9781249009726
9781249009733
9781249009740
9781249009757
9781249009764
9781249009771
9781249009788
9781249009818
9781249009825
9781249009832
9781249009849
9781249009856
9781249009863
9781249009870
9781249009887
9781249009894
9781249009900
9781249009924
9781249009931
9781249009948
9781249009955
9781249009962
9781249009979
9781249009986
9781249009993
9781249010005
9781249010012
9781249010029
9781249010036
9781249010043
9781249010050
9781249010067
9781249010074
9781249010098
9781249010104
9781249010111
9781249010128
9781249010135
9781249010159
9781249010166
9781249010173
9781249010180
9781249010197
9781249010203
9781249010210
9781249010227
9781249010234
9781249010241
9781249010258
9781249010265
9781249010272
9781249010289
9781249010296
9781249010302
9781249010319
9781249010326
9781249010333
9781249010340
9781249010357
9781249010364
9781249010371
9781249010388
9781249010395
9781249010401
9781249010418
9781249010425
9781249010432
9781249010456
9781249010463
9781249010470
9781249010487
9781249010494
9781249010500
9781249010524
9781249010531
9781249010548
9781249010555
9781249010562
9781249010579
9781249010586
9781249010593
9781249010616
9781249010623
9781249010630
9781249010647
9781249010654
9781249010661
9781249010678
9781249010685
9781249010692
9781249010708
9781249010715
9781249010722
9781249010739
9781249010746
9781249010753
9781249010760
9781249010777
9781249010784
9781249010791
9781249010807
9781249010814
9781249010821
9781249010838
9781249010845
9781249010852
9781249010869
9781249010876
9781249010883
9781249010890
9781249010906
9781249010913
9781249010920
9781249010937
9781249010944
9781249010951
9781249010968
9781249010975
9781249010982
9781249010999
9781249011002
9781249011019
9781249011026
9781249011033
9781249011040
9781249011057
9781249011064
9781249011071
9781249011088
9781249011095
9781249011101
9781249011118
9781249011125
9781249011132
9781249011149
9781249011156
9781249011163
9781249011170
9781249011187
9781249011194
9781249011200
9781249011217
9781249011224
9781249011231
9781249011255
9781249011262
9781249011279
9781249011286
9781249011293
9781249011309
9781249011316
9781249011323
9781249011330
9781249011347
9781249011354
9781249011378
9781249011385
9781249011392
9781249011408
9781249011415
9781249011422
9781249011439
9781249011446
9781249011453
9781249011460
9781249011477
9781249011484
9781249011491
9781249011507
9781249011514
9781249011521
9781249011538
9781249011545
9781249011552
9781249011569
9781249011576
9781249011583
9781249011590
9781249011606
9781249011613
9781249011620
9781249011637
9781249011644
9781249011651
9781249011668
9781249011675
9781249011682
9781249011699
9781249011705
9781249011712
9781249011729
9781249011736
9781249011743
9781249011750
9781249011767
9781249011774
9781249011781
9781249011798
9781249011804
9781249011811
9781249011828
9781249011835
9781249011842
9781249011859
9781249011866
9781249011873
9781249011880
9781249011897
9781249011903
9781249011910
9781249011927
9781249011934
9781249011941
9781249011958
9781249011965
9781249011972
9781249011989
9781249011996
9781249012009
9781249012016
9781249012023
9781249012030
9781249012047
9781249012054
9781249012061
9781249012078
9781249012085
9781249012092
9781249012108
9781249012115
9781249012122
9781249012139
9781249012146
9781249012153
9781249012160
9781249012177
9781249012191
9781249012207
9781249012214
9781249012221
9781249012238
9781249012245
9781249012252
9781249012269
9781249012276
9781249012283
9781249012290
9781249012306
9781249012313
9781249012320
9781249012337
9781249012344
9781249012351
9781249012368
9781249012375
9781249012399
9781249012405
9781249012412
9781249012429
9781249012436
9781249012443
9781249012450
9781249012467
9781249012474
9781249012481
9781249012498
9781249012504
9781249012535
9781249012542
9781249012559
9781249012566
9781249012573
9781249012580
9781249012597
9781249012603
9781249012610
9781249012627
9781249012634
9781249012641
9781249012658
9781249012665
9781249012672
9781249012689
9781249012696
9781249012702
9781249012719
9781249012726
9781249012733
9781249012740
9781249012757
9781249012764
9781249012771
9781249012788
9781249012795
9781249012801
9781249012818
9781249012825
9781249012832
9781249012849
9781249012856
9781249012863
9781249012870
9781249012887
9781249012894
9781249012900
9781249012917
9781249012924
9781249012931
9781249012948
9781249012955
9781249012962
9781249012979
9781249012986
9781249012993
9781249013006
9781249013013
9781249013020
9781249013037
9781249013044
9781249013051
9781249013068
9781249013075
9781249013082
9781249013099
9781249013105
9781249013112
9781249013129
9781249013143
9781249013150
9781249013167
9781249013174
9781249013181
9781249013198
9781249013204
9781249013211
9781249013228
9781249013235
9781249013242
9781249013259
9781249013266
9781249013273
9781249013280
9781249013297
9781249013303
9781249013310
9781249013327
9781249013334
9781249013341
9781249013358
9781249013365
9781249013372
9781249013389
9781249013396
9781249013402
9781249013419
9781249013426
9781249013433
9781249013440
9781249013457
9781249013464
9781249013471
9781249013488
9781249013495
9781249013501
9781249013518
9781249013525
9781249013532
9781249013549
9781249013556
9781249013563
9781249013570
9781249013587
9781249013594
9781249013600
9781249013617
9781249013624
9781249013631
9781249013648
9781249013655
9781249013662
9781249013679
9781249013686
9781249013693
9781249013709
9781249013716
9781249013723
9781249013730
9781249013747
9781249013754
9781249013761
9781249013778
9781249013785
9781249013792
9781249013808
9781249013815
9781249013822
9781249013839
9781249013846
9781249013853
9781249013860
9781249013877
9781249013891
9781249013907
9781249013914
9781249013921
9781249013938
9781249013945
9781249013952
9781249013969
9781249013976
9781249013983
9781249013990
9781249014003
9781249014010
9781249014027
9781249014034
9781249014041
9781249014058
9781249014065
9781249014072
9781249014089
9781249014096
9781249014102
9781249014119
9781249014126
9781249014133
9781249014140
9781249014157
9781249014164
9781249014171
9781249014188
9781249014195
9781249014201
9781249014218
9781249014225
9781249014232
9781249014249
9781249014256
9781249014263
9781249014270
9781249014287
9781249014294
9781249014300
9781249014317
9781249014324
9781249014331
9781249014348
9781249014355
9781249014362
9781249014379
9781249014386
9781249014393
9781249014409
9781249014430
9781249014447
9781249014454
9781249014461
9781249014478
9781249014485
9781249014492
9781249014515
9781249014522
9781249014539
9781249014546
9781249014553
9781249014560
9781249014577
9781249014584
9781249014591
9781249014621
9781249014638
9781249014645
9781249014652
9781249014669
9781249014676
9781249014683
9781249014690
9781249014706
9781249014713
9781249014720
9781249014737
9781249014744
9781249014768
9781249014775
9781249014782
9781249014799
9781249014805
9781249014812
9781249014829
9781249014836
9781249014843
9781249014850
9781249014867
9781249014874
9781249014881
9781249014898
9781249014904
9781249014911
9781249014928
9781249014935
9781249014942
9781249014959
9781249014966
9781249014973
9781249014980
9781249014997
9781249015000
9781249015017
9781249015024
9781249015031
9781249015048
9781249015055
9781249015062
9781249015079
9781249015086
9781249015093
9781249015109
9781249015116
9781249015123
9781249015130
9781249015147
9781249015154
9781249015161
9781249015178
9781249015185
9781249015192
9781249015208
9781249015215
9781249015222
9781249015239
9781249015246
9781249015253
9781249015260
9781249015277
9781249015284
9781249015291
9781249015307
9781249015314
9781249015321
9781249015338
9781249015345
9781249015352
9781249015369
9781249015376
9781249015383
9781249015390
9781249015406
9781249015413
9781249015420
9781249015437
9781249015444
9781249015451
9781249015468
9781249015475
9781249015482
9781249015499
9781249015505
9781249015512
9781249015529
9781249015536
9781249015543
9781249015550
9781249015567
9781249015574
9781249015581
9781249015598
9781249015604
9781249015611
9781249015628
9781249015635
9781249015642
9781249015659
9781249015666
9781249015673
9781249015680
9781249015697
9781249015703
9781249015710
9781249015727
9781249015734
9781249015741
9781249015758
9781249015765
9781249015772
9781249015789
9781249015796
9781249015802
9781249015819
9781249015826
9781249015833
9781249015840
9781249015857
9781249015864
9781249015871
9781249015888
9781249015895
9781249015901
9781249015918
9781249015925
9781249015932
9781249015949
9781249015956
9781249015963
9781249015970
9781249015987
9781249015994
9781249016007
9781249016014
9781249016021
9781249016038
9781249016045
9781249016052
9781249016069
9781249016076
9781249016083
9781249016090
9781249016106
9781249016113
9781249016120
9781249016137
9781249016144
9781249016151
9781249016168
9781249016182
9781249016199
9781249016205
9781249016212
9781249016229
9781249016236
9781249016243
9781249016250
9781249016267
9781249016274
9781249016281
9781249016298
9781249016304
9781249016311
9781249016328
9781249016335
9781249016342
9781249016359
9781249016366
9781249016373
9781249016380
9781249016397
9781249016403
9781249016410
9781249016427
9781249016434
9781249016441
9781249016458
9781249016465
9781249016472
9781249016489
9781249016496
9781249016502
9781249016519
9781249016526
9781249016533
9781249016540
9781249016557
9781249016564
9781249016571
9781249016588
9781249016595
9781249016601
9781249016618
9781249016625
9781249016632
9781249016649
9781249016656
9781249016663
9781249016670
9781249016687
9781249016694
9781249016700
9781249016717
9781249016724
9781249016731
9781249016748
9781249016755
9781249016762
9781249016779
9781249016786
9781249016793
9781249016809
9781249016816
9781249016823
9781249016830
9781249016847
9781249016854
9781249016861
9781249016885
9781249016892
9781249016908
9781249016915
9781249016922
9781249016939
9781249016946
9781249016953
9781249016960
9781249016977
9781249016984
9781249016991
9781249017004
9781249017011
9781249017028
9781249017035
9781249017042
9781249017059
9781249017066
9781249017073
9781249017080
9781249017097
9781249017103
9781249017110
9781249017127
9781249017134
9781249017141
9781249017158
9781249017165
9781249017172
9781249017189
9781249017196
9781249017202
9781249017219
9781249017226
9781249017233
9781249017240
9781249017257
9781249017264
9781249017271
9781249017288
9781249017295
9781249017301
9781249017318
9781249017325
9781249017332
9781249017349
9781249017356
9781249017363
9781249017370
9781249017387
9781249017394
9781249017400
9781249017417
9781249017424
9781249017431
9781249017448
9781249017455
9781249017462
9781249017479
9781249017486
9781249017493
9781249017509
9781249017516
9781249017523
9781249017530
9781249017547
9781249017554
9781249017561
9781249017578
9781249017585
9781249017592
9781249017608
9781249017615
9781249017622
9781249017639
9781249017646
9781249017653
9781249017660
9781249017677
9781249017684
9781249017691
9781249017707
9781249017714
9781249017721
9781249017738
9781249017745
9781249017752
9781249017776
9781249017783
9781249017790
9781249017806
9781249017813
9781249017820
9781249017837
9781249017851
9781249017868
9781249017875
9781249017882
9781249017899
9781249017905
9781249017912
9781249017929
9781249017936
9781249017943
9781249017950
9781249017967
9781249017974
9781249017981
9781249017998
9781249018001
9781249018018
9781249018025
9781249018032
9781249018049
9781249018056
9781249018063
9781249018070
9781249018087
9781249018094
9781249018100
9781249018124
9781249018131
9781249018148
9781249018155
9781249018162
9781249018179
9781249018186
9781249018193
9781249018216
9781249018223
9781249018230
9781249018247
9781249018254
9781249018261
9781249018285
9781249018292
9781249018308
9781249018315
9781249018346
9781249018353
9781249018360
9781249018377
9781249018384
9781249018407
9781249018414
9781249018421
9781249018438
9781249018445
9781249018452
9781249018469
9781249018476
9781249018483
9781249018490
9781249018506
9781249018513
9781249018520
9781249018537
9781249018544
9781249018551
9781249018568
9781249018575
9781249018582
9781249018599
9781249018605
9781249018612
9781249018629
9781249018636
9781249018643
9781249018650
9781249018667
9781249018674
9781249018681
9781249018698
9781249018704
9781249018742
9781249018759
9781249018773
9781249018780
9781249018797
9781249018803
9781249018810
9781249018841
9781249018858
9781249018865
9781249018872
9781249018889
9781249018896
9781249018902
9781249018919
9781249018926
9781249018933
9781249018940
9781249018957
9781249018964
9781249018971
9781249018988
9781249018995
9781249019008
9781249019015
9781249019039
9781249019046
9781249019053
9781249019060
9781249019077
9781249019084
9781249019091
9781249019107
9781249019114
9781249019121
9781249019138
9781249019145
9781249019152
9781249019169
9781249019176
9781249019183
9781249019190
9781249019206
9781249019213
9781249019220
9781249019237
9781249019244
9781249019268
9781249019275
9781249019299
9781249019305
9781249019312
9781249019329
9781249019336
9781249019343
9781249019350
9781249019367
9781249019374
9781249019381
9781249019398
9781249019404
9781249019411
9781249019428
9781249019435
9781249019459
9781249019473
9781249019480
9781249019497
9781249019503
9781249019510
9781249019527
9781249019534
9781249019541
9781249019558
9781249019565
9781249019572
9781249019589
9781249019596
9781249019602
9781249019619
9781249019626
9781249019633
9781249019640
9781249019657
9781249019664
9781249019671
9781249019688
9781249019695
9781249019701
9781249019718
9781249019725
9781249019732
9781249019749
9781249019756
9781249019763
9781249019770
9781249019787
9781249019794
9781249019800
9781249019817
9781249019824
9781249019831
9781249019848
9781249019855
9781249019862
9781249019879
9781249019886
9781249019893
9781249019909
9781249019916
9781249019923
9781249019930
9781249019947
9781249019954
9781249019961
9781249019978
9781249019985
9781249019992
9781249020004
9781249020011
9781249020059
9781249020073
9781249020080
9781249020097
9781249020103
9781249020110
9781249020127
9781249020134
9781249020141
9781249020158
9781249020165
9781249020172
9781249020189
9781249020202
9781249020219
9781249020226
9781249020233
9781249020240
9781249020257
9781249020271
9781249020288
9781249020295
9781249020301
9781249020325
9781249020332
9781249020349
9781249020356
9781249020363
9781249020370
9781249020387
9781249020394
9781249020400
9781249020417
9781249020424
9781249020431
9781249020448
9781249020455
9781249020462
9781249020479
9781249020486
9781249020493
9781249020509
9781249020516
9781249020523
9781249020530
9781249020547
9781249020554
9781249020561
9781249020578
9781249020585
9781249020592
9781249020608
9781249020615
9781249020622
9781249020639
9781249020646
9781249020653
9781249020660
9781249020677
9781249020684
9781249020691
9781249020707
9781249020714
9781249020721
9781249020738
9781249020745
9781249020752
9781249020769
9781249020776
9781249020783
9781249020790
9781249020806
9781249020813
9781249020820
9781249020844
9781249020868
9781249020875
9781249020882
9781249020899
9781249020905
9781249020912
9781249020929
9781249020936
9781249020943
9781249020950
9781249020967
9781249020981
9781249020998
9781249021001
9781249021018
9781249021025
9781249021032
9781249021049
9781249021056
9781249021063
9781249021070
9781249021087
9781249021094
9781249021100
9781249021117
9781249021124
9781249021131
9781249021148
9781249021155
9781249021162
9781249021179
9781249021186
9781249021193
9781249021209
9781249021216
9781249021223
9781249021230
9781249021247
9781249021254
9781249021261
9781249021278
9781249021285
9781249021292
9781249021308
9781249021315
9781249021322
9781249021339
9781249021346
9781249021353
9781249021360
9781249021377
9781249021384
9781249021391
9781249021407
9781249021414
9781249021421
9781249021438
9781249021445
9781249021452
9781249021476
9781249021490
9781249021506
9781249021513
9781249021520
9781249021537
9781249021544
9781249021551
9781249021568
9781249021575
9781249021582
9781249021599
9781249021605
9781249021612
9781249021629
9781249021636
9781249021643
9781249021650
9781249021667
9781249021674
9781249021681
9781249021698
9781249021704
9781249021711
9781249021728
9781249021735
9781249021742
9781249021759
9781249021766
9781249021773
9781249021780
9781249021803
9781249021810
9781249021827
9781249021834
9781249021841
9781249021858
9781249021865
9781249021872
9781249021889
9781249021896
9781249021902
9781249021926
9781249021933
9781249021940
9781249021957
9781249021964
9781249021971
9781249021988
9781249021995
9781249022008
9781249022015
9781249022022
9781249022039
9781249022046
9781249022053
9781249022060
9781249022077
9781249022084
9781249022091
9781249022107
9781249022114
9781249022121
9781249022138
9781249022145
9781249022152
9781249022169
9781249022176
9781249022183
9781249022190
9781249022206
9781249022213
9781249022220
9781249022237
9781249022244
9781249022251
9781249022268
9781249022275
9781249022282
9781249022299
9781249022305
9781249022312
9781249022329
9781249022336
9781249022350
9781249022367
9781249022374
9781249022381
9781249022398
9781249022411
9781249022428
9781249022435
9781249022442
9781249022459
9781249022466
9781249022473
9781249022480
9781249022497
9781249022503
9781249022510
9781249022527
9781249022534
9781249022541
9781249022558
9781249022565
9781249022572
9781249022589
9781249022596
9781249022602
9781249022619
9781249022626
9781249022633
9781249022640
9781249022657
9781249022671
9781249022688
9781249022695
9781249022701
9781249022718
9781249022725
9781249022732
9781249022749
9781249022756
9781249022763
9781249022770
9781249022787
9781249022794
9781249022800
9781249022817
9781249022824
9781249022831
9781249022848
9781249022862
9781249022879
9781249022886
9781249022893
9781249022909
9781249022916
9781249022923
9781249022930
9781249022947
9781249022954
9781249022961
9781249022978
9781249022985
9781249022992
9781249023005
9781249023012
9781249023029
9781249023036
9781249023043
9781249023050
9781249023067
9781249023074
9781249023081
9781249023098
9781249023104
9781249023111
9781249023128
9781249023135
9781249023159
9781249023166
9781249023173
9781249023180
9781249023197
9781249023203
9781249023210
9781249023227
9781249023234
9781249023241
9781249023258
9781249023265
9781249023272
9781249023289
9781249023296
9781249023302
9781249023326
9781249023333
9781249023340
9781249023357
9781249023364
9781249023371
9781249023388
9781249023395
9781249023401
9781249023418
9781249023425
9781249023432
9781249023449
9781249023456
9781249023463
9781249023470
9781249023487
9781249023494
9781249023500
9781249023517
9781249023524
9781249023531
9781249023548
9781249023555
9781249023562
9781249023579
9781249023586
9781249023593
9781249023609
9781249023616
9781249023623
9781249023630
9781249023647
9781249023654
9781249023661
9781249023678
9781249023685
9781249023692
9781249023708
9781249023715
9781249023722
9781249023739
9781249023746
9781249023760
9781249023777
9781249023784
9781249023791
9781249023807
9781249023814
9781249023821
9781249023838
9781249023845
9781249023852
9781249023869
9781249023876
9781249023883
9781249023890
9781249023906
9781249023913
9781249023920
9781249023937
9781249023944
9781249023968
9781249023975
9781249023982
9781249023999
9781249024002
9781249024019
9781249024026
9781249024033
9781249024040
9781249024057
9781249024064
9781249024071
9781249024088
9781249024095
9781249024101
9781249024118
9781249024125
9781249024132
9781249024149
9781249024156
9781249024163
9781249024170
9781249024187
9781249024194
9781249024200
9781249024217
9781249024224
9781249024231
9781249024248
9781249024255
9781249024262
9781249024279
9781249024286
9781249024293
9781249024309
9781249024316
9781249024323
9781249024330
9781249024347
9781249024354
9781249024361
9781249024378
9781249024385
9781249024392
9781249024408
9781249024415
9781249024422
9781249024439
9781249024446
9781249024453
9781249024460
9781249024477
9781249024484
9781249024491
9781249024507
9781249024514
9781249024521
9781249024538
9781249024545
9781249024552
9781249024569
9781249024576
9781249024583
9781249024590
9781249024606
9781249024613
9781249024620
9781249024637
9781249024644
9781249024651
9781249024668
9781249024675
9781249024682
9781249024699
9781249024705
9781249024712
9781249024729
9781249024736
9781249024743
9781249024750
9781249024767
9781249024774
9781249024781
9781249024798
9781249024804
9781249024811
9781249024828
9781249024835
9781249024842
9781249024859
9781249024866
9781249024873
9781249024897
9781249024903
9781249024910
9781249024927
9781249024934
9781249024941
9781249024958
9781249024965
9781249024972
9781249024989
9781249024996
9781249025009
9781249025016
9781249025023
9781249025030
9781249025047
9781249025054
9781249025061
9781249025085
9781249025092
9781249025108
9781249025115
9781249025122
9781249025139
9781249025146
9781249025153
9781249025160
9781249025177
9781249025184
9781249025191
9781249025207
9781249025214
9781249025221
9781249025238
9781249025245
9781249025252
9781249025269
9781249025276
9781249025283
9781249025290
9781249025306
9781249025313
9781249025320
9781249025337
9781249025344
9781249025351
9781249025368
9781249025375
9781249025382
9781249025399
9781249025405
9781249025412
9781249025429
9781249025436
9781249025443
9781249025450
9781249025467
9781249025474
9781249025481
9781249025498
9781249025504
9781249025528
9781249025535
9781249025542
9781249025566
9781249025573
9781249025580
9781249025597
9781249025603
9781249025610
9781249025627
9781249025634
9781249025658
9781249025665
9781249025672
9781249025689
9781249025696
9781249025702
9781249025719
9781249025726
9781249025733
9781249025740
9781249025757
9781249025764
9781249025771
9781249025788
9781249025795
9781249025801
9781249025818
9781249025825
9781249025832
9781249025849
9781249025856
9781249025863
9781249025887
9781249025917
9781249025931
9781249025948
9781249025955
9781249025962
9781249025979
9781249025986
9781249025993
9781249026006
9781249026013
9781249026020
9781249026044
9781249026051
9781249026068
9781249026075
9781249026082
9781249026099
9781249026105
9781249026112
9781249026129
9781249026143
9781249026150
9781249026167
9781249026174
9781249026181
9781249026198
9781249026204
9781249026211
9781249026228
9781249026235
9781249026242
9781249026259
9781249026266
9781249026273
9781249026297
9781249026303
9781249026310
9781249026327
9781249026334
9781249026341
9781249026358
9781249026365
9781249026372
9781249026389
9781249026396
9781249026402
9781249026419
9781249026426
9781249026440
9781249026457
9781249026464
9781249026471
9781249026488
9781249026495
9781249026501
9781249026518
9781249026525
9781249026532
9781249026549
9781249026563
9781249026570
9781249026587
9781249026594
9781249026600
9781249026624
9781249026631
9781249026648
9781249026662
9781249026679
9781249026686
9781249026693
9781249026709
9781249026716
9781249026723
9781249026730
9781249026747
9781249026754
9781249026761
9781249026778
9781249026785
9781249026792
9781249026808
9781249026815
9781249026822
9781249026839
9781249026846
9781249026853
9781249026860
9781249026877
9781249026884
9781249026891
9781249026907
9781249026914
9781249026921
9781249026938
9781249026945
9781249026969
9781249026976
9781249026990
9781249027003
9781249027010
9781249027027
9781249027034
9781249027041
9781249027058
9781249027065
9781249027072
9781249027089
9781249027096
9781249027102
9781249027119
9781249027126
9781249027133
9781249027140
9781249027164
9781249027171
9781249027188
9781249027201
9781249027218
9781249027249
9781249027256
9781249027263
9781249027287
9781249027294
9781249027300
9781249027317
9781249027324
9781249027331
9781249027348
9781249027362
9781249027386
9781249027393
9781249027546
9781249027553
9781249027560
9781249027577
9781249027584
9781249027591
9781249027607
9781249027614
9781249027621
9781249027638
9781249027645
9781249027652
9781249027669
9781249027676
9781249027690
9781249027706
9781249027713
9781249027720
9781249027737
9781249027744
9781249027751
9781249027768
9781249027775
9781249027782
9781249027799
9781249027805
9781249027812
9781249027829
9781249027836
9781249027843
9781249027850
9781249027867
9781249027874
9781249027881
9781249027898
9781249027904
9781249027911
9781249027928
9781249027935
9781249027942
9781249027959
9781249027966
9781249027973
9781249027980
9781249027997
9781249028000
9781249028017
9781249028024
9781249028031
9781249028048
9781249028055
9781249028062
9781249028079
9781249028086
9781249028093
9781249028109
9781249028161
9781249028192
9781249028208
9781249028222
9781249028239
9781249028246
9781249028260
9781249028277
9781249028284
9781249028291
9781249028314
9781249028321
9781249028338
9781249028345
9781249028369
9781249028376
9781249028383
9781249028390
9781249028406
9781249028413
9781249028420
9781249028444
9781249028468
9781249028482
9781249028499
9781249028505
9781249028512
9781249028529
9781249028536
9781249028543
9781249028550
9781249028567
9781249028574
9781249028581
9781249028598
9781249028604
9781249028611
9781249028635
9781249028642
9781249028666
9781249028680
9781249028703
9781249028710
9781249028734
9781249028741
9781249028758
9781249028765
9781249028772
9781249028789
9781249028802
9781249028826
9781249028833
9781249028840
9781249028857
9781249028864
9781249028871
9781249028901
9781249028918
9781249028925
9781249028932
9781249028987
9781249028994
9781249029007
9781249029014
9781249029021
9781249029038
9781249029045
9781249029052
9781249029106
9781249029137
9781249029168
9781249029175
9781249029229
9781249029243
9781249029250
9781249029267
9781249029274
9781249029281
9781249029298
9781249029304
9781249029311
9781249029328
9781249029335
9781249029373
9781249029397
9781249029403
9781249029434
9781249029540
9781249029557
9781249029564
9781249029588
9781249029601
9781249029625
9781249029632
9781249029649
9781249029656
9781249029663
9781249029670
9781249029694
9781249029731
9781249029755
9781249029779
9781249029786
9781249029793
9781249029809
9781249029830
9781249029847
9781249029861
9781249029878
9781249029915
9781249029946
9781249029953
9781249029960
9781249030010
9781249030027
9781249030041
9781249030058
9781249030065
9781249030096
9781249030102
9781249030140
9781249030164
9781249030171
9781249030195
9781249030225
9781249030249
9781249030256
9781249030263
9781249030287
9781249030294
9781249030300
9781249030317
9781249030348
9781249030355
9781249030362
9781249030386
9781249030393
9781249030416
9781249030423
9781249030430
9781249030447
9781249030454
9781249030461
9781249030478
9781249030485
9781249030492
9781249030508
9781249030515
9781249030539
9781249030546
9781249030553
9781249041177
9781249047704
9781249066316
9781249102144
9781249102151
9781249102168
9781249102175
9781249102182
9781249102199
9781249102205
9781249102212
9781249102472
9781249102489
9781249102496
9781249102502
9781249102519
9781249102526
9781249102533
9781249102540
9781249102557
9781249102564
9781249102571
9781249102595
9781249102601
9781249102618
9781249102625
9781249102632
9781249102649
9781249102656
9781249102663
9781249102670
9781249102687
9781249102946
9781249102953
9781249102960
9781249102977
9781249102984
9781249102991
9781249103004
9781249103011
9781249103028
9781249103035
9781249103042
9781249103059
9781249103066
9781249103073
9781249103080
9781249103097
9781249103103
9781249103110
9781249103127
9781249103134
9781249103165
9781249103196
9781249103479
9781249103486
9781249103493
9781249103509
9781249103516
9781249103523
9781249103530
9781249103547
9781249103554
9781249103561
9781249103820
9781249103837
9781249103844
9781249103851
9781249103868
9781249103875
9781249103882
9781249103899
9781249103905
9781249103912
9781249103936
9781249103943
9781249103950
9781249103967
9781249103974
9781249104025
9781249104049
9781249104056
9781249104063
9781249105466
9781249105473
9781249105480
9781249105503
9781249105510
9781249105527
9781249105800
9781249105817
9781249105824
9781249105831
9781249105848
9781249106142
9781249106159
9781249106166
9781249106210
9781249106265
9781249106449
9781249106456
9781249106463
9781249106470
9781249106487
9781249106739
9781249106746
9781249106777
9781249106791
9781249106821
9781249106876
9781249106920
9781249106937
9781249106944
9781249106951
9781249107439
9781249107583
9781249107606
9781249107613
9781249107620
9781249107637
9781249107859
9781249108177
9781249108184
9781249108191
9781249108207
9781249108474
9781249108498
9781249108504
9781249108528
9781249108535
9781249108542
9781249108559
9781249108573
9781249108658
9781249108689
9781249108856
9781249108863
9781249110309
9781249110606
9781249110620
9781249110668
9781249110682
9781249110712
9781249110729
9781249110736
9781249110743
9781249110750
9781249110767
9781249110774
9781249110781
9781249110798
9781249110804
9781249110811
9781249110828
9781249110835
9781249110842
9781249110859
9781249110866
9781249110897
9781249110903
9781249110910
9781249110927
9781249110934
9781249110941
9781249110965
9781249110972
9781249110989
9781249113478
9781249113485
9781249113492
9781249113508
9781249113515
9781249113522
9781249113539
9781249113546
9781249113553
9781249113560
9781249113577
9781249113584
9781249113591
9781249113607
9781249113614
9781249113621
9781249113638
9781249113645
9781249113652
9781249113669
9781249113676
9781249113683
9781249113690
9781249113706
9781249113713
9781249113720
9781249113737
9781249113744
9781249113751
9781249113768
9781249113775
9781249113782
9781249113799
9781249113805
9781249113812
9781249113829
9781249113836
9781249113843
9781249113850
9781249113867
9781249113874
9781249113881
9781249113898
9781249113904
9781249113911
9781249113928
9781249113935
9781249113942
9781249113959
9781249113966
9781249113973
9781249113980
9781249113997
9781249114000
9781249114017
9781249114024
9781249114031
9781249114048
9781249114055
9781249114062
9781249114079
9781249114086
9781249114093
9781249114109
9781249114116
9781249114123
9781249114130
9781249114147
9781249114154
9781249114161
9781249114178
9781249114185
9781249114192
9781249114208
9781249114215
9781249114239
9781249114246
9781249114253
9781249114260
9781249114277
9781249114291
9781249114314
9781249114321
9781249114345
9781249114352
9781249114369
9781249114376
9781249114383
9781249114390
9781249114406
9781249114413
9781249114420
9781249114437
9781249114444
9781249114451
9781249114468
9781249114475
9781249114482
9781249114499
9781249114512
9781249114543
9781249114567
9781249114574
9781249114581
9781249114598
9781249114604
9781249114611
9781249114628
9781249114635
9781249114642
9781249114659
9781249114666
9781249114673
9781249114680
9781249114697
9781249114703
9781249114710
9781249114727
9781249114734
9781249114741
9781249114758
9781249114765
9781249114772
9781249114789
9781249114796
9781249114802
9781249114826
9781249114833
9781249114840
9781249114857
9781249114864
9781249114871
9781249114888
9781249114895
9781249114901
9781249114918
9781249114925
9781249114932
9781249114949
9781249114956
9781249114963
9781249114970
9781249114987
9781249114994
9781249115007
9781249115014
9781249115021
9781249115038
9781249115045
9781249115052
9781249115069
9781249115076
9781249115083
9781249115090
9781249115106
9781249115113
9781249115120
9781249115137
9781249115144
9781249115151
9781249115168
9781249115175
9781249115182
9781249115199
9781249115205
9781249115212
9781249115229
9781249115236
9781249115243
9781249115250
9781249115267
9781249115274
9781249115281
9781249115298
9781249115304
9781249115311
9781249115328
9781249115335
9781249115342
9781249115359
9781249115366
9781249115373
9781249115380
9781249115397
9781249115403
9781249115410
9781249115427
9781249115434
9781249115441
9781249115458
9781249115465
9781249115472
9781249115489
9781249115496
9781249115502
9781249115519
9781249115526
9781249115533
9781249115540
9781249115557
9781249115564
9781249115571
9781249115588
9781249115595
9781249115601
9781249115618
9781249115625
9781249115632
9781249115649
9781249115656
9781249115663
9781249115670
9781249115687
9781249115694
9781249115700
9781249115717
9781249115724
9781249115731
9781249115748
9781249115755
9781249115762
9781249115779
9781249115786
9781249115793
9781249115816
9781249115823
9781249115830
9781249115847
9781249115854
9781249115861
9781249115878
9781249115885
9781249115892
9781249115908
9781249115915
9781249115922
9781249115939
9781249115946
9781249115953
9781249115960
9781249115977
9781249115984
9781249115991
9781249116004
9781249116011
9781249116028
9781249116035
9781249116042
9781249116059
9781249116066
9781249116073
9781249116080
9781249116097
9781249116103
9781249116110
9781249116127
9781249116134
9781249116141
9781249116158
9781249116165
9781249116172
9781249116196
9781249116226
9781249116257
9781249116264
9781249116271
9781249116295
9781249116301
9781249116332
9781249116349
9781249116356
9781249116363
9781249116455
9781249116462
9781249116479
9781249116486
9781249116516
9781249116547
9781249116554
9781249116561
9781249116578
9781249116585
9781249116592
9781249116608
9781249116622
9781249116660
9781249117360
9781249117377
9781249117384
9781249117391
9781249117407
9781249117414
9781249117421
9781249117438
9781249117445
9781249117452
9781249117469
9781249117476
9781249117483
9781249117490
9781249117506
9781249117568
9781249117575
9781249117599
9781249117612
9781249117650
9781249117711
9781249117742
9781249117766
9781249117780
9781249117797
9781249117803
9781249117834
9781249117841
9781249117896
9781249117902
9781249117919
9781249117926
9781249117933
9781249117940
9781249117964
9781249117995
9781249118008
9781249118046
9781249118077
9781249118084
9781249118091
9781249118107
9781249118114
9781249118138
9781249118169
9781249118176
9781249118183
9781249118190
9781249118206
9781249118213
9781249118220
9781249118244
9781249118268
9781249118275
9781249118305
9781249118312
9781249118329
9781249118336
9781249118343
9781249118367
9781249118381
9781249118480
9781249118565
9781249118572
9781249118589
9781249118602
9781249118619
9781249118633
9781249118640
9781249118657
9781249118664
9781249118671
9781249118688
9781249118695
9781249118701
9781249118718
9781249118725
9781249118732
9781249118749
9781249118756
9781249118763
9781249118770
9781249118787
9781249118794
9781249118800
9781249118817
9781249118824
9781249118831
9781249118848
9781249118855
9781249118862
9781249118879
9781249118886
9781249118893
9781249118909
9781249118916
9781249118923
9781249118930
9781249118947
9781249118954
9781249118961
9781249118978
9781249119142
9781249119166
9781249119173
9781249119180
9781249119197
9781249119227
9781249119241
9781249119265
9781249119289
9781249119296
9781249119302
9781249119326
9781249119401
9781249119432
9781249119449
9781249119456
9781249119470
9781249119487
9781249119494
9781249119500
9781249119524
9781249119531
9781249119548
9781249119579
9781249119616
9781249119647
9781249119661
9781249119760
9781249119777
9781249119784
9781249119791
9781249119807
9781249119814
9781249119821
9781249119838
9781249119845
9781249119852
9781249119869
9781249119876
9781249119883
9781249119890
9781249119906
9781249119913
9781249119920
9781249119937
9781249119944
9781249119951
9781249119968
9781249119975
9781249119982
9781249119999
9781249120209
9781249120261
9781249120278
9781249120285
9781249120292
9781249120308
9781249120315
9781249120322
9781249120339
9781249120346
9781249120353
9781249120360
9781249120377
9781249120384
9781249120391
9781249120407
9781249120414
9781249120421
9781249120438
9781249120445
9781249120469
9781249120476
9781249120483
9781249120490
9781249120506
9781249120513
9781249120520
9781249120568
9781249120575
9781249120582
9781249121244
9781249121251
9781249121268
9781249121282
9781249121305
9781249121312
9781249121329
9781249121336
9781249121343
9781249121350
9781249121374
9781249121381
9781249121398
9781249121404
9781249121411
9781249121428
9781249121442
9781249121459
9781249121466
9781249121480
9781249121497
9781249121503
9781249121510
9781249121527
9781249121534
9781249121541
9781249121558
9781249121565
9781249121572
9781249121589
9781249121596
9781249121602
9781249121619
9781249121626
9781249121633
9781249121657
9781249121664
9781249121688
9781249121695
9781249121701
9781249121732
9781249121749
9781249121756
9781249121763
9781249121770
9781249121787
9781249121794
9781249121800
9781249121817
9781249121824
9781249121831
9781249121848
9781249121855
9781249121862
9781249121886
9781249121893
9781249121909
9781249121916
9781249121923
9781249121930
9781249121947
9781249121954
9781249121961
9781249121985
9781249121992
9781249122012
9781249122036
9781249122043
9781249122067
9781249122074
9781249122081
9781249122098
9781249122104
9781249122111
9781249122128
9781249122135
9781249122142
9781249122159
9781249122166
9781249122173
9781249122180
9781249122197
9781249122203
9781249122210
9781249122227
9781249122234
9781249122258
9781249122265
9781249122272
9781249122289
9781249122296
9781249122326
9781249122340
9781249122357
9781249122388
9781249122395
9781249122401
9781249122418
9781249122425
9781249122449
9781249122456
9781249122470
9781249122487
9781249122494
9781249122517
9781249122531
9781249122548
9781249122555
9781249122562
9781249122586
9781249122593
9781249122609
9781249122616
9781249122623
9781249122630
9781249122647
9781249122654
9781249122661
9781249122678
9781249122692
9781249122708
9781249122715
9781249122722
9781249122739
9781249122746
9781249122753
9781249122760
9781249122777
9781249122784
9781249122791
9781249122807
9781249122814
9781249122821
9781249122838
9781249122845
9781249122852
9781249122869
9781249122876
9781249122883
9781249122890
9781249122906
9781249122913
9781249122920
9781249122937
9781249122944
9781249122951
9781249122968
9781249122975
9781249122982
9781249122999
9781249123002
9781249123019
9781249123026
9781249123033
9781249123040
9781249123064
9781249123071
9781249123088
9781249123101
9781249123118
9781249123125
9781249123132
9781249123149
9781249123156
9781249123163
9781249123170
9781249123187
9781249123194
9781249123200
9781249123217
9781249123224
9781249123231
9781249123248
9781249123255
9781249123262
9781249123279
9781249123286
9781249123293
9781249123309
9781249123316
9781249123323
9781249123330
9781249123347
9781249123354
9781249123361
9781249123378
9781249123385
9781249123392
9781249123408
9781249123415
9781249123422
9781249123439
9781249123446
9781249123453
9781249123460
9781249123477
9781249123484
9781249123491
9781249123507
9781249123514
9781249123521
9781249123538
9781249123545
9781249123552
9781249123569
9781249123576
9781249123583
9781249123590
9781249123606
9781249123613
9781249123620
9781249123637
9781249123644
9781249123651
9781249123668
9781249123675
9781249123682
9781249123699
9781249123705
9781249123712
9781249123729
9781249123736
9781249123743
9781249123798
9781249123804
9781249123811
9781249123828
9781249123835
9781249123859
9781249123866
9781249123873
9781249123897
9781249123927
9781249123934
9781249123941
9781249123958
9781249123965
9781249123972
9781249123989
9781249123996
9781249124009
9781249124023
9781249124030
9781249124047
9781249124061
9781249124078
9781249124085
9781249124092
9781249124108
9781249124115
9781249124146
9781249124153
9781249124184
9781249124214
9781249124221
9781249124238
9781249124245
9781249124252
9781249124269
9781249124276
9781249124283
9781249124290
9781249124306
9781249124313
9781249124320
9781249124337
9781249124344
9781249124351
9781249124368
9781249124375
9781249124382
9781249124399
9781249124405
9781249124412
9781249124429
9781249124436
9781249124443
9781249124450
9781249124467
9781249124474
9781249124481
9781249124498
9781249124504
9781249124511
9781249124528
9781249124535
9781249124542
9781249124559
9781249124566
9781249124573
9781249124580
9781249124597
9781249124603
9781249124610
9781249124627
9781249124634
9781249124641
9781249124658
9781249124665
9781249124672
9781249124689
9781249124696
9781249124702
9781249124719
9781249124726
9781249124733
9781249124740
9781249124757
9781249124764
9781249124771
9781249124788
9781249124795
9781249124801
9781249124818
9781249124825
9781249124832
9781249124849
9781249124856
9781249124863
9781249124870
9781249124887
9781249124894
9781249124900
9781249124917
9781249124924
9781249124931
9781249124948
9781249124955
9781249124962
9781249124979
9781249124986
9781249124993
9781249125006
9781249125013
9781249125020
9781249125037
9781249125044
9781249125051
9781249125068
9781249125075
9781249125082
9781249125099
9781249125105
9781249125112
9781249125129
9781249125136
9781249125143
9781249125150
9781249125167
9781249125174
9781249125181
9781249125198
9781249125204
9781249125211
9781249125228
9781249125235
9781249125242
9781249125259
9781249125266
9781249125273
9781249125280
9781249125297
9781249125303
9781249125310
9781249125327
9781249125334
9781249125341
9781249125358
9781249125365
9781249125372
9781249125389
9781249125396
9781249125402
9781249125419
9781249125426
9781249125433
9781249125440
9781249125457
9781249125464
9781249125471
9781249125488
9781249125495
9781249125501
9781249125518
9781249125525
9781249125532
9781249125549
9781249125556
9781249125563
9781249125570
9781249125587
9781249125594
9781249125600
9781249125617
9781249125624
9781249125631
9781249125648
9781249125655
9781249125662
9781249125679
9781249125686
9781249125693
9781249125709
9781249125716
9781249125723
9781249125730
9781249125747
9781249125754
9781249125761
9781249125778
9781249125785
9781249125792
9781249125808
9781249125815
9781249125822
9781249125839
9781249125846
9781249125853
9781249125860
9781249125877
9781249125884
9781249125891
9781249125907
9781249125914
9781249125921
9781249125938
9781249125945
9781249125952
9781249125969
9781249125976
9781249125983
9781249125990
9781249126003
9781249126010
9781249126027
9781249126034
9781249126041
9781249126058
9781249126065
9781249126072
9781249126089
9781249126096
9781249126102
9781249126119
9781249126126
9781249126133
9781249126140
9781249126157
9781249126164
9781249126171
9781249126188
9781249126195
9781249126201
9781249126218
9781249126225
9781249126232
9781249126249
9781249126256
9781249126263
9781249126270
9781249126287
9781249126294
9781249126300
9781249126317
9781249126324
9781249126331
9781249126348
9781249126355
9781249126362
9781249126379
9781249126386
9781249126393
9781249126409
9781249126416
9781249126423
9781249126430
9781249126447
9781249126454
9781249126461
9781249126478
9781249126485
9781249126492
9781249126508
9781249126515
9781249126522
9781249126539
9781249126546
9781249126553
9781249126560
9781249126577
9781249126584
9781249126591
9781249126607
9781249126614
9781249126621
9781249126638
9781249126645
9781249126652
9781249126669
9781249126676
9781249126683
9781249126690
9781249126706
9781249126713
9781249126720
9781249126737
9781249126744
9781249126751
9781249126768
9781249126775
9781249126782
9781249126799
9781249126805
9781249126812
9781249126829
9781249126836
9781249126843
9781249126850
9781249126867
9781249126874
9781249126881
9781249126898
9781249126904
9781249126911
9781249126928
9781249126935
9781249126942
9781249126959
9781249126966
9781249126973
9781249126980
9781249126997
9781249127000
9781249127017
9781249127024
9781249127031
9781249127048
9781249127055
9781249127062
9781249127079
9781249127086
9781249127093
9781249127109
9781249127116
9781249127123
9781249127130
9781249127147
9781249127154
9781249127161
9781249127185
9781249127192
9781249127208
9781249127215
9781249127222
9781249127239
9781249127246
9781249127253
9781249127260
9781249127277
9781249127284
9781249127291
9781249127307
9781249127314
9781249127321
9781249127338
9781249127345
9781249127352
9781249127369
9781249127376
9781249127383
9781249127390
9781249127406
9781249127413
9781249127420
9781249127437
9781249127444
9781249127451
9781249127468
9781249127475
9781249127482
9781249127499
9781249127505
9781249127512
9781249127529
9781249127536
9781249127543
9781249127550
9781249127567
9781249127574
9781249127581
9781249127598
9781249127604
9781249127611
9781249127628
9781249127635
9781249127642
9781249127659
9781249127666
9781249127673
9781249127680
9781249127697
9781249127703
9781249127710
9781249127727
9781249127734
9781249127741
9781249127758
9781249127765
9781249127772
9781249127789
9781249127796
9781249127802
9781249127819
9781249127826
9781249127833
9781249127840
9781249127857
9781249127864
9781249127871
9781249127888
9781249127895
9781249127901
9781249127918
9781249127925
9781249127932
9781249127949
9781249127956
9781249127963
9781249127970
9781249127987
9781249127994
9781249128007
9781249128014
9781249128021
9781249128038
9781249128045
9781249128052
9781249128069
9781249128076
9781249128083
9781249128090
9781249128151
9781249128175
9781249128182
9781249128199
9781249128205
9781249128212
9781249128229
9781249128236
9781249128243
9781249128250
9781249128267
9781249128274
9781249128281
9781249128298
9781249128304
9781249128311
9781249128328
9781249128335
9781249128342
9781249128359
9781249128366
9781249128373
9781249128380
9781249128397
9781249128403
9781249128410
9781249128427
9781249128434
9781249128441
9781249128472
9781249128496
9781249128557
9781249128571
9781249128601
9781249128618
9781249128649
9781249128687
9781249128724
9781249128830
9781249128847
9781249128953
9781249128960
9781249129004
9781249129028
9781249129059
9781249129066
9781249129073
9781249129080
9781249129097
9781249129134
9781249129141
9781249129165
9781249129189
9781249129202
9781249129240
9781249129264
9781249129288
9781249129295
9781249129301
9781249129325
9781249129332
9781249129349
9781249129363
9781249129400
9781249129424
9781249129448
9781249129462
9781249129486
9781249129493
9781249129509
9781249129516
9781249129523
9781249129530
9781249129547
9781249129554
9781249129561
9781249129578
9781249129585
9781249129592
9781249129608
9781249129615
9781249129622
9781249129639
9781249129646
9781249129653
9781249129660
9781249129677
9781249129684
9781249129691
9781249129714
9781249129721
9781249129745
9781249129752
9781249129776
9781249129783
9781249129790
9781249129806
9781249129837
9781249129844
9781249129882
9781249129936
9781249129943
9781249129950
9781249129967
9781249129974
9781249129981
9781249129998
9781249130000
9781249130017
9781249130024
9781249130031
9781249130048
9781249130055
9781249130062
9781249130079
9781249130086
9781249130093
9781249130109
9781249130116
9781249130123
9781249130130
9781249130147
9781249130154
9781249130161
9781249130178
9781249130185
9781249130192
9781249130208
9781249130215
9781249130222
9781249130239
9781249130246
9781249130253
9781249130260
9781249130277
9781249130284
9781249130291
9781249130307
9781249130314
9781249130321
9781249130338
9781249130345
9781249130352
9781249130369
9781249130383
9781249130390
9781249130406
9781249130413
9781249130420
9781249130437
9781249130444
9781249130451
9781249130468
9781249130482
9781249130505
9781249130512
9781249130529
9781249130536
9781249130543
9781249130550
9781249130567
9781249130574
9781249130581
9781249130598
9781249130611
9781249130628
9781249130635
9781249130642
9781249130659
9781249130666
9781249130673
9781249130680
9781249130697
9781249130703
9781249130710
9781249130727
9781249130734
9781249130758
9781249130765
9781249130772
9781249130789
9781249130796
9781249130802
9781249130819
9781249130826
9781249130833
9781249130840
9781249130857
9781249130871
9781249130888
9781249130895
9781249130901
9781249130918
9781249130932
9781249130949
9781249130956
9781249130994
9781249131007
9781249131014
9781249131021
9781249131038
9781249131113
9781249131144
9781249131212
9781249131229
9781249131236
9781249131243
9781249131304
9781249131328
9781249131397
9781249131458
9781249131465
9781249131472
9781249131489
9781249131496
9781249131502
9781249131519
9781249131526
9781249131540
9781249131557
9781249131571
9781249131588
9781249131618
9781249131625
9781249131632
9781249131649
9781249131656
9781249131663
9781249131670
9781249131687
9781249131694
9781249131700
9781249131717
9781249131724
9781249131731
9781249131748
9781249131755
9781249131762
9781249131779
9781249131786
9781249131793
9781249131809
9781249131816
9781249131823
9781249131830
9781249131847
9781249131854
9781249131861
9781249131878
9781249131885
9781249131892
9781249131908
9781249131915
9781249131922
9781249131939
9781249131946
9781249131953
9781249131960
9781249131977
9781249131984
9781249131991
9781249132004
9781249132011
9781249132028
9781249132035
9781249132042
9781249132059
9781249132066
9781249132073
9781249132080
9781249132097
9781249132103
9781249132110
9781249132127
9781249132134
9781249132158
9781249132165
9781249132172
9781249132189
9781249132196
9781249132202
9781249132219
9781249132226
9781249132233
9781249132240
9781249132257
9781249132264
9781249132271
9781249132288
9781249132370
9781249132387
9781249132400
9781249132417
9781249132424
9781249132431
9781249132448
9781249132455
9781249132462
9781249132479
9781249132493
9781249132509
9781249132516
9781249132523
9781249132530
9781249132547
9781249132554
9781249132561
9781249132578
9781249132585
9781249132592
9781249132608
9781249132615
9781249132622
9781249132639
9781249132646
9781249132653
9781249132660
9781249132677
9781249132684
9781249132707
9781249132714
9781249132721
9781249132745
9781249132752
9781249132769
9781249132776
9781249132783
9781249132790
9781249132806
9781249132813
9781249132820
9781249132837
9781249132844
9781249132851
9781249132868
9781249132875
9781249132882
9781249132899
9781249132905
9781249132912
9781249132929
9781249132936
9781249132943
9781249132950
9781249132967
9781249132974
9781249132981
9781249132998
9781249133001
9781249133018
9781249133032
9781249133049
9781249133056
9781249133063
9781249133070
9781249133087
9781249133100
9781249133117
9781249133124
9781249133131
9781249133148
9781249133155
9781249133162
9781249133179
9781249133186
9781249133193
9781249133209
9781249133216
9781249133223
9781249133230
9781249133247
9781249133254
9781249133278
9781249133285
9781249133308
9781249133315
9781249133322
9781249133339
9781249133346
9781249133353
9781249133360
9781249133377
9781249133384
9781249133391
9781249133407
9781249133414
9781249133421
9781249133438
9781249133445
9781249133452
9781249133469
9781249133476
9781249133483
9781249133490
9781249133506
9781249133513
9781249133520
9781249133537
9781249133544
9781249133551
9781249133568
9781249133575
9781249133582
9781249133605
9781249133612
9781249133629
9781249133636
9781249133650
9781249133667
9781249133674
9781249133698
9781249133704
9781249133711
9781249133728
9781249133735
9781249133742
9781249133759
9781249133773
9781249133780
9781249133797
9781249133803
9781249133810
9781249133827
9781249133834
9781249133841
9781249133858
9781249133865
9781249133872
9781249133889
9781249133896
9781249133902
9781249133919
9781249133926
9781249133933
9781249133940
9781249133957
9781249133964
9781249133988
9781249133995
9781249134008
9781249134015
9781249134022
9781249134039
9781249134046
9781249134053
9781249134060
9781249134077
9781249134084
9781249134091
9781249134107
9781249134114
9781249134121
9781249134138
9781249134145
9781249134152
9781249134169
9781249134176
9781249134183
9781249134190
9781249134206
9781249134213
9781249134220
9781249134237
9781249134244
9781249134251
9781249134268
9781249134275
9781249134282
9781249134299
9781249134312
9781249134329
9781249134336
9781249134343
9781249134350
9781249134374
9781249134398
9781249134404
9781249134411
9781249134428
9781249134435
9781249134442
9781249134459
9781249134466
9781249134473
9781249134480
9781249134497
9781249134503
9781249134510
9781249134527
9781249134534
9781249134541
9781249134558
9781249134565
9781249134572
9781249134596
9781249134602
9781249134619
9781249134626
9781249134633
9781249134640
9781249134657
9781249134664
9781249134671
9781249134688
9781249134701
9781249134718
9781249134725
9781249134732
9781249134756
9781249134763
9781249134770
9781249134794
9781249134800
9781249134824
9781249134855
9781249134879
9781249134886
9781249134893
9781249134909
9781249134916
9781249134923
9781249134930
9781249134961
9781249134985
9781249135012
9781249135029
9781249135036
9781249135043
9781249135067
9781249135074
9781249135081
9781249135098
9781249135104
9781249135128
9781249135135
9781249135142
9781249135159
9781249135166
9781249135173
9781249135203
9781249135210
9781249135227
9781249135234
9781249135241
9781249135258
9781249135265
9781249135272
9781249135289
9781249135296
9781249135302
9781249135319
9781249135326
9781249135333
9781249135340
9781249135357
9781249135371
9781249135388
9781249135395
9781249135401
9781249135418
9781249135425
9781249135432
9781249135449
9781249135456
9781249135463
9781249135470
9781249135487
9781249135494
9781249135500
9781249135517
9781249135524
9781249135531
9781249135548
9781249135555
9781249135562
9781249135579
9781249135586
9781249135593
9781249135609
9781249135616
9781249135623
9781249135630
9781249135647
9781249135654
9781249135661
9781249135678
9781249135715
9781249135739
9781249135746
9781249135753
9781249135760
9781249135777
9781249135784
9781249135791
9781249135807
9781249135814
9781249135821
9781249135838
9781249135845
9781249135852
9781249135869
9781249135876
9781249135883
9781249135890
9781249135906
9781249135913
9781249135920
9781249135937
9781249135944
9781249135951
9781249135968
9781249135975
9781249135982
9781249136002
9781249136033
9781249136040
9781249136118
9781249136156
9781249136293
9781249136378
9781249136392
9781249136439
9781249136484
9781249136507
9781249136514
9781249136569
9781249136576
9781249136620
9781249136651
9781249136699
9781249136705
9781249136712
9781249136729
9781249136743
9781249136750
9781249136767
9781249136774
9781249136835
9781249136873
9781249136941
9781249136989
9781249137009
9781249137085
9781249137115
9781249137191
9781249137238
9781249137313
9781249137337
9781249137351
9781249137382
9781249137436
9781249137443
9781249137450
9781249137467
9781249137474
9781249137481
9781249137498
9781249137504
9781249137511
9781249137528
9781249137542
9781249137559
9781249137566
9781249137573
9781249137580
9781249137597
9781249137603
9781249137610
9781249137627
9781249137641
9781249137665
9781249137672
9781249137696
9781249137702
9781249137719
9781249137733
9781249137764
9781249137818
9781249137825
9781249137832
9781249137849
9781249137856
9781249137863
9781249137870
9781249137887
9781249137894
9781249137917
9781249137924
9781249137931
9781249137955
9781249137979
9781249138013
9781249138020
9781249138037
9781249138068
9781249138075
9781249138105
9781249138129
9781249138136
9781249138150
9781249138167
9781249138228
9781249138242
9781249138297
9781249138310
9781249138334
9781249138358
9781249138365
9781249138389
9781249138396
9781249138402
9781249138419
9781249138426
9781249138440
9781249138457
9781249138464
9781249138471
9781249138488
9781249138525
9781249138556
9781249138563
9781249138570
9781249138587
9781249138594
9781249138617
9781249138631
9781249138655
9781249138662
9781249138693
9781249138709
9781249138716
9781249138754
9781249138839
9781249138846
9781249138853
9781249138877
9781249138884
9781249138914
9781249138938
9781249138945
9781249138952
9781249138969
9781249138976
9781249138983
9781249138990
9781249139003
9781249139010
9781249139027
9781249139041
9781249139065
9781249139072
9781249139089
9781249139096
9781249139133
9781249139157
9781249139195
9781249139201
9781249139218
9781249139225
9781249139232
9781249139256
9781249139324
9781249139362
9781249139379
9781249139386
9781249139409
9781249139416
9781249139423
9781249139430
9781249139447
9781249139461
9781249139485
9781249139492
9781249139508
9781249139515
9781249139522
9781249139539
9781249139553
9781249139577
9781249139584
9781249139591
9781249139607
9781249139614
9781249139621
9781249139645
9781249139652
9781249139669
9781249139683
9781249139713
9781249139737
9781249139775
9781249139782
9781249139799
9781249139812
9781249139829
9781249139836
9781249139850
9781249139874
9781249139881
9781249139911
9781249139935
9781249139942
9781249139959
9781249139966
9781249139973
9781249139980
9781249140009
9781249140016
9781249140023
9781249140030
9781249140047
9781249140054
9781249140078
9781249140085
9781249140092
9781249140108
9781249140115
9781249140122
9781249140139
9781249140146
9781249140153
9781249140177
9781249140191
9781249140207
9781249140214
9781249140221
9781249140238
9781249140245
9781249140252
9781249140276
9781249140283
9781249140337
9781249140344
9781249140351
9781249140368
9781249140382
9781249140399
9781249140412
9781249140443
9781249140467
9781249140474
9781249140481
9781249140504
9781249140528
9781249140535
9781249140597
9781249140603
9781249140610
9781249140627
9781249140641
9781249140658
9781249140665
9781249140672
9781249140696
9781249140702
9781249140726
9781249140733
9781249140740
9781249140757
9781249140764
9781249140771
9781249140795
9781249140801
9781249140818
9781249140825
9781249140832
9781249140856
9781249140863
9781249140870
9781249140887
9781249140894
9781249140900
9781249140917
9781249140924
9781249140931
9781249140948
9781249140962
9781249140979
9781249140986
9781249140993
9781249141006
9781249141013
9781249141020
9781249141037
9781249141044
9781249141051
9781249141068
9781249141075
9781249141082
9781249141099
9781249141105
9781249141112
9781249141129
9781249141136
9781249141143
9781249141150
9781249141167
9781249141174
9781249141181
9781249141198
9781249141204
9781249141211
9781249141228
9781249141242
9781249141266
9781249141273
9781249141280
9781249141297
9781249141303
9781249141310
9781249141327
9781249141334
9781249141341
9781249141358
9781249141365
9781249141372
9781249141389
9781249141402
9781249141426
9781249141433
9781249141440
9781249141457
9781249141464
9781249141532
9781249141600
9781249141624
9781249141679
9781249141686
9781249141693
9781249141730
9781249141747
9781249141754
9781249141808
9781249141815
9781249141877
9781249141921
9781249141938
9781249141945
9781249141990
9781249142027
9781249142065
9781249142218
9781249142225
9781249142393
9781249142409
9781249142416
9781249142423
9781249142430
9781249142447
9781249142454
9781249142461
9781249142478
9781249142485
9781249142515
9781249142539
9781249142546
9781249142577
9781249142621
9781249142690
9781249142706
9781249142720
9781249142751
9781249142836
9781249142843
9781249142850
9781249142867
9781249142874
9781249142881
9781249142898
9781249142935
9781249142942
9781249142959
9781249142966
9781249142973
9781249142997
9781249143000
9781249143017
9781249143024
9781249143031
9781249143048
9781249143055
9781249143062
9781249143079
9781249143086
9781249143093
9781249143109
9781249143116
9781249143123
9781249143130
9781249143147
9781249143154
9781249143178
9781249143185
9781249143192
9781249143208
9781249143215
9781249143246
9781249143253
9781249143260
9781249143277
9781249143284
9781249143291
9781249143307
9781249143314
9781249143321
9781249143338
9781249143345
9781249143352
9781249143376
9781249143383
9781249143390
9781249143406
9781249143413
9781249143420
9781249143437
9781249143444
9781249143451
9781249143468
9781249143475
9781249143482
9781249143499
9781249143505
9781249143512
9781249143529
9781249143536
9781249143543
9781249143550
9781249143567
9781249143574
9781249143581
9781249143598
9781249143604
9781249143611
9781249143628
9781249143635
9781249143697
9781249143703
9781249143710
9781249143796
9781249143802
9781249143819
9781249143826
9781249143840
9781249143857
9781249143871
9781249143901
9781249143918
9781249143925
9781249143932
9781249143956
9781249143963
9781249143987
9781249143994
9781249144021
9781249144038
9781249144090
9781249144120
9781249144137
9781249144144
9781249144168
9781249144182
9781249144199
9781249144205
9781249144212
9781249144236
9781249144274
9781249144281
9781249144311
9781249144328
9781249144335
9781249144359
9781249144380
9781249144427
9781249144434
9781249144441
9781249144496
9781249144502
9781249144526
9781249144533
9781249144540
9781249144557
9781249144564
9781249144571
9781249144588
9781249144601
9781249144625
9781249144632
9781249144649
9781249144656
9781249144670
9781249144694
9781249144700
9781249144717
9781249144724
9781249144731
9781249144748
9781249144755
9781249144779
9781249144809
9781249144823
9781249144830
9781249144847
9781249144854
9781249144878
9781249144885
9781249144892
9781249144908
9781249144922
9781249144939
9781249144946
9781249144953
9781249144960
9781249144977
9781249144984
9781249144991
9781249145011
9781249145028
9781249145035
9781249145059
9781249145073
9781249145097
9781249145110
9781249145127
9781249145134
9781249145158
9781249145165
9781249145172
9781249145189
9781249145196
9781249145202
9781249145219
9781249145233
9781249145240
9781249145264
9781249145271
9781249145295
9781249145301
9781249145318
9781249145332
9781249145349
9781249145356
9781249145370
9781249145387
9781249145400
9781249145417
9781249145424
9781249145448
9781249145455
9781249145462
9781249145479
9781249145486
9781249145493
9781249145516
9781249145530
9781249145547
9781249145578
9781249145585
9781249145592
9781249145615
9781249145622
9781249145639
9781249145646
9781249145653
9781249145660
9781249145677
9781249145684
9781249145691
9781249145707
9781249145714
9781249145721
9781249145738
9781249145745
9781249145752
9781249145769
9781249145783
9781249145790
9781249145806
9781249145820
9781249145837
9781249145844
9781249145851
9781249145868
9781249145875
9781249145882
9781249145905
9781249145912
9781249145929
9781249145943
9781249145950
9781249145974
9781249145981
9781249145998
9781249146001
9781249146025
9781249146032
9781249146049
9781249146056
9781249146063
9781249146094
9781249146124
9781249146131
9781249146148
9781249146155
9781249146162
9781249146193
9781249146216
9781249146223
9781249146230
9781249146254
9781249146261
9781249146278
9781249146285
9781249146308
9781249146315
9781249146322
9781249146346
9781249146407
9781249146414
9781249146452
9781249146483
9781249146490
9781249146544
9781249146551
9781249146568
9781249146575
9781249146582
9781249146599
9781249146605
9781249146636
9781249146643
9781249146674
9781249146681
9781249146704
9781249146759
9781249146780
9781249146797
9781249146803
9781249146827
9781249146834
9781249146841
9781249146872
9781249146889
9781249146896
9781249146919
9781249146957
9781249146964
9781249146971
9781249146988
9781249147022
9781249147039
9781249147046
9781249147053
9781249147077
9781249147091
9781249147114
9781249147152
9781249147183
9781249147206
9781249147237
9781249147268
9781249147282
9781249147299
9781249147305
9781249147312
9781249147336
9781249147343
9781249147350
9781249147367
9781249147381
9781249147398
9781249147404
9781249147411
9781249147428
9781249147442
9781249147459
9781249147473
9781249147480
9781249147497
9781249147510
9781249147527
9781249147534
9781249147541
9781249147558
9781249147565
9781249147589
9781249147596
9781249147619
9781249147633
9781249147640
9781249147657
9781249147664
9781249147671
9781249147688
9781249147695
9781249147718
9781249147749
9781249147756
9781249147800
9781249147817
9781249147824
9781249147862
9781249147879
9781249147909
9781249147916
9781249147954
9781249147961
9781249148074
9781249148081
9781249148111
9781249148128
9781249148135
9781249148142
9781249148166
9781249148197
9781249148210
9781249148227
9781249148234
9781249148241
9781249148258
9781249148265
9781249148272
9781249148289
9781249148326
9781249148333
9781249148340
9781249148364
9781249148371
9781249148388
9781249148470
9781249148487
9781249148494
9781249148500
9781249148517
9781249148524
9781249148562
9781249148579
9781249148586
9781249148593
9781249148623
9781249148647
9781249148654
9781249148678
9781249148685
9781249148715
9781249148722
9781249148753
9781249148784
9781249148814
9781249148821
9781249148838
9781249148869
9781249148890
9781249148906
9781249148920
9781249148951
9781249148968
9781249148975
9781249148982
9781249149002
9781249149026
9781249149064
9781249149071
9781249149088
9781249149101
9781249149156
9781249149163
9781249149170
9781249149286
9781249149293
9781249149330
9781249149347
9781249149354
9781249149361
9781249149385
9781249149446
9781249149491
9781249149507
9781249149545
9781249149569
9781249149576
9781249149583
9781249149590
9781249149606
9781249149620
9781249149644
9781249149651
9781249149668
9781249149675
9781249149699
9781249149705
9781249149712
9781249149729
9781249149736
9781249149743
9781249149750
9781249149767
9781249149774
9781249149781
9781249149798
9781249149804
9781249149811
9781249149828
9781249149835
9781249149842
9781249149859
9781249149873
9781249149880
9781249149897
9781249149927
9781249149965
9781249149972
9781249149989
9781249149996
9781249150008
9781249150039
9781249150046
9781249150053
9781249150060
9781249150084
9781249150091
9781249150107
9781249150152
9781249150190
9781249150206
9781249150220
9781249150251
9781249150268
9781249150282
9781249150312
9781249150329
9781249150336
9781249150343
9781249150350
9781249150367
9781249150374
9781249150381
9781249150398
9781249150404
9781249150411
9781249150428
9781249150435
9781249150442
9781249150459
9781249150466
9781249150473
9781249150480
9781249150497
9781249150503
9781249150510
9781249150534
9781249150541
9781249150565
9781249150572
9781249150589
9781249150602
9781249150619
9781249150626
9781249150640
9781249150657
9781249150671
9781249150701
9781249150718
9781249150763
9781249150770
9781249150787
9781249150794
9781249150800
9781249150824
9781249150831
9781249150848
9781249150855
9781249150862
9781249150886
9781249150909
9781249150923
9781249150930
9781249150947
9781249150961
9781249150992
9781249151005
9781249151012
9781249151029
9781249151036
9781249151043
9781249151067
9781249151074
9781249151081
9781249151098
9781249151104
9781249151111
9781249151142
9781249151166
9781249151203
9781249151227
9781249151234
9781249151241
9781249151258
9781249151265
9781249151272
9781249151289
9781249151296
9781249151319
9781249151326
9781249151357
9781249151371
9781249151388
9781249151395
9781249151418
9781249151449
9781249151463
9781249151470
9781249151487
9781249151500
9781249151517
9781249151524
9781249151531
9781249151555
9781249151579
9781249151586
9781249151593
9781249151609
9781249151616
9781249151623
9781249151630
9781249151661
9781249151678
9781249151685
9781249151715
9781249151722
9781249151739
9781249151753
9781249151760
9781249151777
9781249151784
9781249151791
9781249151807
9781249151852
9781249151869
9781249151883
9781249151890
9781249151944
9781249151951
9781249151968
9781249151999
9781249152002
9781249152019
9781249152026
9781249152033
9781249152040
9781249152064
9781249152071
9781249152088
9781249152095
9781249152101
9781249152125
9781249152149
9781249152156
9781249152170
9781249152194
9781249152200
9781249152217
9781249152224
9781249152231
9781249152248
9781249152255
9781249152262
9781249152293
9781249152347
9781249152408
9781249152422
9781249152460
9781249152569
9781249152644
9781249152774
9781249152804
9781249152897
9781249152910
9781249152972
9781249152989
9781249153016
9781249153108
9781249153122
9781249153139
9781249153146
9781249153153
9781249153160
9781249153177
9781249153184
9781249153207
9781249153214
9781249153221
9781249153238
9781249153252
9781249153269
9781249153276
9781249153283
9781249153290
9781249153306
9781249153313
9781249153320
9781249153375
9781249153399
9781249153405
9781249153412
9781249153429
9781249153436
9781249153443
9781249153450
9781249153467
9781249153481
9781249153504
9781249153511
9781249153528
9781249153535
9781249153559
9781249153566
9781249153573
9781249153610
9781249153627
9781249153634
9781249153641
9781249153658
9781249153665
9781249153689
9781249153696
9781249153702
9781249153719
9781249153726
9781249153733
9781249153740
9781249153757
9781249153771
9781249153801
9781249153832
9781249153849
9781249153856
9781249153863
9781249153887
9781249153894
9781249153917
9781249153924
9781249153979
9781249153993
9781249154013
9781249154044
9781249154051
9781249154068
9781249154105
9781249154129
9781249154181
9781249154228
9781249154235
9781249154273
9781249154280
9781249154310
9781249154327
9781249154334
9781249154341
9781249154358
9781249154365
9781249154372
9781249154389
9781249154396
9781249154402
9781249154419
9781249154426
9781249154464
9781249154471
9781249154495
9781249154501
9781249154518
9781249154532
9781249154549
9781249154556
9781249154563
9781249154587
9781249154631
9781249154648
9781249154686
9781249154693
9781249154709
9781249154723
9781249154730
9781249154747
9781249154754
9781249154761
9781249154778
9781249154785
9781249154792
9781249154808
9781249154815
9781249154822
9781249154839
9781249154846
9781249154853
9781249154860
9781249154877
9781249154884
9781249154891
9781249154907
9781249154921
9781249154938
9781249154945
9781249154952
9781249154969
9781249154976
9781249154983
9781249154990
9781249155027
9781249155034
9781249155041
9781249155058
9781249155065
9781249155072
9781249155089
9781249155096
9781249155102
9781249155119
9781249155126
9781249155133
9781249155140
9781249155157
9781249155164
9781249155171
9781249155188
9781249155195
9781249155201
9781249155218
9781249155225
9781249155232
9781249155249
9781249155256
9781249155263
9781249155270
9781249155287
9781249155294
9781249155300
9781249155317
9781249155324
9781249155331
9781249155348
9781249155355
9781249155362
9781249155379
9781249155386
9781249155393
9781249155409
9781249155416
9781249155423
9781249155430
9781249155447
9781249155454
9781249155461
9781249155478
9781249155485
9781249155492
9781249155508
9781249155515
9781249155522
9781249155539
9781249155546
9781249155553
9781249155560
9781249155577
9781249155591
9781249155607
9781249155614
9781249155621
9781249155638
9781249155645
9781249155652
9781249155669
9781249155676
9781249155683
9781249155690
9781249155706
9781249155713
9781249155720
9781249155737
9781249155744
9781249155751
9781249155768
9781249155775
9781249155782
9781249155799
9781249155805
9781249155812
9781249155829
9781249155836
9781249155843
9781249155850
9781249155867
9781249155874
9781249155881
9781249155898
9781249155904
9781249155911
9781249155928
9781249155935
9781249155942
9781249155959
9781249155966
9781249155973
9781249155980
9781249155997
9781249156000
9781249156017
9781249156024
9781249156031
9781249156055
9781249156062
9781249156079
9781249156086
9781249156093
9781249156109
9781249156116
9781249156123
9781249156161
9781249156178
9781249156185
9781249156192
9781249156208
9781249156215
9781249156222
9781249156239
9781249156246
9781249156253
9781249156260
9781249156277
9781249156284
9781249156291
9781249156307
9781249156314
9781249156321
9781249156338
9781249156345
9781249156352
9781249156369
9781249156376
9781249156383
9781249156406
9781249156413
9781249156420
9781249156437
9781249156444
9781249156451
9781249156468
9781249156475
9781249156482
9781249156499
9781249156505
9781249156512
9781249156529
9781249156536
9781249156543
9781249156550
9781249156567
9781249156574
9781249156581
9781249156598
9781249156604
9781249156611
9781249156628
9781249156635
9781249156642
9781249156659
9781249156666
9781249156673
9781249156680
9781249156697
9781249156703
9781249156710
9781249156734
9781249156741
9781249156758
9781249156765
9781249156772
9781249156789
9781249156796
9781249156802
9781249156819
9781249156826
9781249156833
9781249156840
9781249156857
9781249156864
9781249156871
9781249156888
9781249156895
9781249156901
9781249156918
9781249156925
9781249156932
9781249156949
9781249156956
9781249156963
9781249156970
9781249156987
9781249156994
9781249157007
9781249157014
9781249157021
9781249157038
9781249157045
9781249157052
9781249157069
9781249157076
9781249157083
9781249157090
9781249157106
9781249157113
9781249157120
9781249157137
9781249157144
9781249157151
9781249157168
9781249157175
9781249157182
9781249157199
9781249157205
9781249157212
9781249157229
9781249157236
9781249157243
9781249157250
9781249157267
9781249157274
9781249157281
9781249157298
9781249157311
9781249157328
9781249157335
9781249157342
9781249157359
9781249157366
9781249157373
9781249157380
9781249157397
9781249157403
9781249157410
9781249157427
9781249157434
9781249157441
9781249157458
9781249157465
9781249157472
9781249157489
9781249157496
9781249157502
9781249157519
9781249157526
9781249157533
9781249157557
9781249157595
9781249157601
9781249157618
9781249157625
9781249157632
9781249157649
9781249157656
9781249157663
9781249157670
9781249157687
9781249157694
9781249157700
9781249157717
9781249157724
9781249157731
9781249157748
9781249157755
9781249157762
9781249157779
9781249157786
9781249157793
9781249157809
9781249157816
9781249157823
9781249157830
9781249157847
9781249157854
9781249157861
9781249157878
9781249157885
9781249157908
9781249157915
9781249157922
9781249157939
9781249157946
9781249157953
9781249157960
9781249157984
9781249157991
9781249158004
9781249158011
9781249158028
9781249158042
9781249158073
9781249158080
9781249158097
9781249158103
9781249158110
9781249158127
9781249158158
9781249158165
9781249158189
9781249158219
9781249158226
9781249158257
9781249158264
9781249158271
9781249158288
9781249158295
9781249158301
9781249158318
9781249158325
9781249158332
9781249158349
9781249158370
9781249158394
9781249158400
9781249158417
9781249158462
9781249158479
9781249158486
9781249158493
9781249158509
9781249158516
9781249158523
9781249158530
9781249158547
9781249158554
9781249158561
9781249158578
9781249158585
9781249158608
9781249158615
9781249158622
9781249158639
9781249158646
9781249158653
9781249158677
9781249158684
9781249158691
9781249158707
9781249158714
9781249158721
9781249158738
9781249158745
9781249158752
9781249158769
9781249158776
9781249158783
9781249158790
9781249158806
9781249158813
9781249158820
9781249158837
9781249158844
9781249158851
9781249158868
9781249158875
9781249158882
9781249158899
9781249158905
9781249158912
9781249158929
9781249158936
9781249158943
9781249158950
9781249158967
9781249158981
9781249158998
9781249159001
9781249159018
9781249159025
9781249159032
9781249159049
9781249159056
9781249159063
9781249159070
9781249159087
9781249159094
9781249159100
9781249159117
9781249159124
9781249159131
9781249159148
9781249159155
9781249159162
9781249159179
9781249159186
9781249159193
9781249159209
9781249159216
9781249159223
9781249159230
9781249159247
9781249159254
9781249159261
9781249159278
9781249159285
9781249159292
9781249159308
9781249159315
9781249159322
9781249159339
9781249159346
9781249159353
9781249159360
9781249159377
9781249159384
9781249159391
9781249159407
9781249159414
9781249159421
9781249159438
9781249159445
9781249159452
9781249159469
9781249159483
9781249159490
9781249159506
9781249159513
9781249159520
9781249159537
9781249159544
9781249159551
9781249159599
9781249159605
9781249159612
9781249159629
9781249159636
9781249159643
9781249159650
9781249159681
9781249159698
9781249159704
9781249159711
9781249159728
9781249159735
9781249159742
9781249159759
9781249159766
9781249159773
9781249159780
9781249159797
9781249159803
9781249159810
9781249159827
9781249159858
9781249159865
9781249159940
9781249159957
9781249159964
9781249159995
9781249160021
9781249160038
9781249160045
9781249160052
9781249160069
9781249160076
9781249160083
9781249160120
9781249160137
9781249160168
9781249160175
9781249160182
9781249160229
9781249160267
9781249160274
9781249160281
9781249160304
9781249160335
9781249160342
9781249160359
9781249160366
9781249160373
9781249160380
9781249160397
9781249160410
9781249160427
9781249160434
9781249160458
9781249160465
9781249160472
9781249160489
9781249160526
9781249160533
9781249160540
9781249160557
9781249160564
9781249160588
9781249160595
9781249160625
9781249160632
9781249160656
9781249160670
9781249160694
9781249160700
9781249160717
9781249160724
9781249160748
9781249160755
9781249160762
9781249160793
9781249160816
9781249160823
9781249160847
9781249160878
9781249160908
9781249160922
9781249160939
9781249160946
9781249160953
9781249160960
9781249161004
9781249161028
9781249161035
9781249161042
9781249161059
9781249161066
9781249161073
9781249161097
9781249161103
9781249161110
9781249161134
9781249161172
9781249161189
9781249161196
9781249161219
9781249161226
9781249161257
9781249161264
9781249161271
9781249161288
9781249161301
9781249161318
9781249161325
9781249161387
9781249161394
9781249161417
9781249161424
9781249161431
9781249161448
9781249161455
9781249161462
9781249161479
9781249161486
9781249161493
9781249161509
9781249161516
9781249161523
9781249161530
9781249161554
9781249161561
9781249161585
9781249161592
9781249161608
9781249161615
9781249161622
9781249161639
9781249161653
9781249161677
9781249161707
9781249161714
9781249161721
9781249161738
9781249161745
9781249161752
9781249161769
9781249161776
9781249161783
9781249161790
9781249161806
9781249161813
9781249161820
9781249161837
9781249161844
9781249161851
9781249161868
9781249161875
9781249161882
9781249161899
9781249161905
9781249161912
9781249161929
9781249161936
9781249161967
9781249161974
9781249161981
9781249162001
9781249162025
9781249162032
9781249162049
9781249162056
9781249162063
9781249162070
9781249162087
9781249162094
9781249162100
9781249162117
9781249162131
9781249162148
9781249162179
9781249162186
9781249162193
9781249162216
9781249162223
9781249162230
9781249162254
9781249162261
9781249162285
9781249162292
9781249162315
9781249162322
9781249162339
9781249162346
9781249162377
9781249162384
9781249162391
9781249162407
9781249162438
9781249162452
9781249162469
9781249162483
9781249162490
9781249162506
9781249162520
9781249162537
9781249162544
9781249162551
9781249162568
9781249162575
9781249162582
9781249162599
9781249162605
9781249162612
9781249162629
9781249162636
9781249162643
9781249162650
9781249162667
9781249162674
9781249162698
9781249162704
9781249162711
9781249162728
9781249162735
9781249162742
9781249162759
9781249162773
9781249162780
9781249162797
9781249162803
9781249162810
9781249162827
9781249162834
9781249162841
9781249162865
9781249162872
9781249162889
9781249162896
9781249162902
9781249162926
9781249162933
9781249162940
9781249162957
9781249162964
9781249162971
9781249162988
9781249162995
9781249163008
9781249163015
9781249163022
9781249163039
9781249163046
9781249163060
9781249163077
9781249163084
9781249163091
9781249163107
9781249163114
9781249163121
9781249163138
9781249163145
9781249163152
9781249163169
9781249163176
9781249163183
9781249163190
9781249163213
9781249163220
9781249163237
9781249163244
9781249163299
9781249163305
9781249163312
9781249163329
9781249163343
9781249163350
9781249163374
9781249163381
9781249163398
9781249163404
9781249163411
9781249163428
9781249163435
9781249163442
9781249163480
9781249163497
9781249163503
9781249163510
9781249163527
9781249163534
9781249163541
9781249163565
9781249163572
9781249163589
9781249163596
9781249163602
9781249163619
9781249163626
9781249163633
9781249163640
9781249163671
9781249163688
9781249163718
9781249163725
9781249163749
9781249163756
9781249163770
9781249163787
9781249163817
9781249163824
9781249163848
9781249163855
9781249163862
9781249163879
9781249163893
9781249163909
9781249163954
9781249163978
9781249163992
9781249164050
9781249164067
9781249164074
9781249164098
9781249164111
9781249164128
9781249164135
9781249164142
9781249164159
9781249164166
9781249164173
9781249164180
9781249164197
9781249164210
9781249164227
9781249164234
9781249164258
9781249164265
9781249164289
9781249164296
9781249164302
9781249164319
9781249164326
9781249164333
9781249164340
9781249164357
9781249164371
9781249164395
9781249164401
9781249164418
9781249164432
9781249164487
9781249164517
9781249164524
9781249164531
9781249164548
9781249164555
9781249164562
9781249164579
9781249164586
9781249164593
9781249164609
9781249164616
9781249164623
9781249164630
9781249164647
9781249164654
9781249164678
9781249164685
9781249164692
9781249164708
9781249164715
9781249164722
9781249164739
9781249164746
9781249164753
9781249164760
9781249164777
9781249164784
9781249164791
9781249164807
9781249164814
9781249164821
9781249164838
9781249164845
9781249164869
9781249164876
9781249164890
9781249164906
9781249164913
9781249164920
9781249164937
9781249164944
9781249164951
9781249164968
9781249164975
9781249164982
9781249164999
9781249165002
9781249165019
9781249165026
9781249165033
9781249165040
9781249165057
9781249165064
9781249165071
9781249165088
9781249165095
9781249165101
9781249165118
9781249165125
9781249165149
9781249165156
9781249165163
9781249165170
9781249165187
9781249165194
9781249165200
9781249165217
9781249165224
9781249165231
9781249165248
9781249165255
9781249165279
9781249165286
9781249165293
9781249165309
9781249165316
9781249165323
9781249165330
9781249165347
9781249165361
9781249165378
9781249165408
9781249165415
9781249165422
9781249165439
9781249165446
9781249165453
9781249165460
9781249165477
9781249165484
9781249165491
9781249165507
9781249165514
9781249165521
9781249165538
9781249165545
9781249165552
9781249165569
9781249165576
9781249165583
9781249165590
9781249165613
9781249165620
9781249165637
9781249165644
9781249165651
9781249165668
9781249165675
9781249165682
9781249165699
9781249165705
9781249165729
9781249165736
9781249165767
9781249165774
9781249165781
9781249165798
9781249165804
9781249165828
9781249165835
9781249165859
9781249165873
9781249165880
9781249165903
9781249165910
9781249165941
9781249165958
9781249165965
9781249165972
9781249165996
9781249166009
9781249166016
9781249166023
9781249166030
9781249166078
9781249166092
9781249166108
9781249166122
9781249166139
9781249166160
9781249166207
9781249166221
9781249166238
9781249166269
9781249166276
9781249166283
9781249166290
9781249166313
9781249166337
9781249166344
9781249166375
9781249166382
9781249166399
9781249166412
9781249166436
9781249166443
9781249166450
9781249166474
9781249166481
9781249166498
9781249166504
9781249166511
9781249166528
9781249166535
9781249166559
9781249166566
9781249166573
9781249166580
9781249166597
9781249166603
9781249166610
9781249166627
9781249166634
9781249166641
9781249166658
9781249166665
9781249166672
9781249166689
9781249166702
9781249166719
9781249166733
9781249166740
9781249166757
9781249166764
9781249166771
9781249166788
9781249166801
9781249166818
9781249166849
9781249166856
9781249166863
9781249166887
9781249166894
9781249166900
9781249166931
9781249166948
9781249166955
9781249166962
9781249166979
9781249166986
9781249166993
9781249167006
9781249167013
9781249167020
9781249167037
9781249167044
9781249167051
9781249167068
9781249167075
9781249167082
9781249167105
9781249167112
9781249167129
9781249167136
9781249167143
9781249167167
9781249167174
9781249167181
9781249167198
9781249167204
9781249167211
9781249167228
9781249167235
9781249167242
9781249167259
9781249167266
9781249167273
9781249167280
9781249167297
9781249167303
9781249167310
9781249167327
9781249167334
9781249167341
9781249167358
9781249167365
9781249167372
9781249167389
9781249167396
9781249167402
9781249167419
9781249167426
9781249167433
9781249167440
9781249167464
9781249167471
9781249167488
9781249167495
9781249167501
9781249167525
9781249167532
9781249167549
9781249167556
9781249167563
9781249167570
9781249167587
9781249167600
9781249167617
9781249167624
9781249167631
9781249167648
9781249167655
9781249167662
9781249167679
9781249167686
9781249167693
9781249167709
9781249167716
9781249167723
9781249167730
9781249167747
9781249167754
9781249167761
9781249167778
9781249167785
9781249167792
9781249167808
9781249167822
9781249167846
9781249167853
9781249167860
9781249167907
9781249167914
9781249167938
9781249167945
9781249167969
9781249168010
9781249168027
9781249168034
9781249168058
9781249168102
9781249168157
9781249168188
9781249168249
9781249168263
9781249168270
9781249168294
9781249168300
9781249168317
9781249168324
9781249168331
9781249168348
9781249168393
9781249168409
9781249168416
9781249168423
9781249168430
9781249168447
9781249168478
9781249168485
9781249168508
9781249168515
9781249168553
9781249168560
9781249168577
9781249168584
9781249168607
9781249168614
9781249168621
9781249168645
9781249168652
9781249168676
9781249168683
9781249168690
9781249168706
9781249168737
9781249168744
9781249168751
9781249168768
9781249168775
9781249168799
9781249168805
9781249168812
9781249168843
9781249168850
9781249168867
9781249168874
9781249168881
9781249168898
9781249168904
9781249168911
9781249168928
9781249168935
9781249168942
9781249168959
9781249168973
9781249168980
9781249168997
9781249169000
9781249169024
9781249169031
9781249169055
9781249169062
9781249169079
9781249169086
9781249169093
9781249169116
9781249169123
9781249169130
9781249169147
9781249169161
9781249169178
9781249169185
9781249169192
9781249169208
9781249169215
9781249169222
9781249169239
9781249169253
9781249169260
9781249169277
9781249169291
9781249169307
9781249169314
9781249169321
9781249169338
9781249169345
9781249169352
9781249169369
9781249169376
9781249169383
9781249169390
9781249169406
9781249169420
9781249169437
9781249169444
9781249169451
9781249169468
9781249169499
9781249169512
9781249169529
9781249169536
9781249169543
9781249169550
9781249169567
9781249169574
9781249169581
9781249169598
9781249169604
9781249169611
9781249169628
9781249169642
9781249169659
9781249169666
9781249169673
9781249169680
9781249169697
9781249169703
9781249169710
9781249169727
9781249169734
9781249169741
9781249169758
9781249169765
9781249169772
9781249169789
9781249169796
9781249169802
9781249169819
9781249169826
9781249169833
9781249169857
9781249169864
9781249169871
9781249169888
9781249169895
9781249169901
9781249169918
9781249169925
9781249169932
9781249169949
9781249169956
9781249169963
9781249169970
9781249169987
9781249169994
9781249170006
9781249170013
9781249170020
9781249170044
9781249170051
9781249170068
9781249170075
9781249170099
9781249170105
9781249170112
9781249170129
9781249170136
9781249170174
9781249170181
9781249170198
9781249170228
9781249170235
9781249170242
9781249170259
9781249170266
9781249170310
9781249170396
9781249170419
9781249170440
9781249170457
9781249170464
9781249170471
9781249170488
9781249170501
9781249170518
9781249170525
9781249170532
9781249170563
9781249170570
9781249170648
9781249170655
9781249170662
9781249170679
9781249170693
9781249170709
9781249170716
9781249170723
9781249170754
9781249170761
9781249170785
9781249170792
9781249170822
9781249170839
9781249170860
9781249170877
9781249170891
9781249170952
9781249171041
9781249171065
9781249171072
9781249171096
9781249171102
9781249171119
9781249171164
9781249171188
9781249171195
9781249171201
9781249171232
9781249171263
9781249171270
9781249171300
9781249171324
9781249171348
9781249171355
9781249171454
9781249171461
9781249171478
9781249171485
9781249171508
9781249171515
9781249171522
9781249171539
9781249171546
9781249171560
9781249171577
9781249171584
9781249171614
9781249171638
9781249171645
9781249171652
9781249171669
9781249171683
9781249171690
9781249171713
9781249171737
9781249171744
9781249171751
9781249171768
9781249171782
9781249171799
9781249171805
9781249171812
9781249171836
9781249171843
9781249171850
9781249171867
9781249171874
9781249171881
9781249171911
9781249171942
9781249171959
9781249171966
9781249171973
9781249172000
9781249172031
9781249172048
9781249172055
9781249172062
9781249172079
9781249172086
9781249172093
9781249172109
9781249172116
9781249172123
9781249172130
9781249172147
9781249172154
9781249172161
9781249172178
9781249172185
9781249172192
9781249172208
9781249172215
9781249172222
9781249172239
9781249172246
9781249172253
9781249172260
9781249172284
9781249172345
9781249172352
9781249172369
9781249172376
9781249172390
9781249172406
9781249172413
9781249172420
9781249172437
9781249172444
9781249172468
9781249172475
9781249172482
9781249172499
9781249172529
9781249172536
9781249172543
9781249172550
9781249172567
9781249172574
9781249172581
9781249172598
9781249172604
9781249172611
9781249172628
9781249172635
9781249172642
9781249172659
9781249172666
9781249172673
9781249172680
9781249172697
9781249172703
9781249172710
9781249172727
9781249172734
9781249172741
9781249172758
9781249172772
9781249172789
9781249172796
9781249172802
9781249172819
9781249172826
9781249172833
9781249172857
9781249172871
9781249172888
9781249172895
9781249172901
9781249172932
9781249172949
9781249172956
9781249172963
9781249172970
9781249172987
9781249172994
9781249173007
9781249173014
9781249173021
9781249173038
9781249173045
9781249173052
9781249173069
9781249173076
9781249173083
9781249173106
9781249173113
9781249173120
9781249173137
9781249173144
9781249173151
9781249173168
9781249173175
9781249173182
9781249173199
9781249173205
9781249173212
9781249173229
9781249173236
9781249173243
9781249173250
9781249173298
9781249173304
9781249173335
9781249173342
9781249173397
9781249173403
9781249173410
9781249173441
9781249173458
9781249173465
9781249173472
9781249173496
9781249173502
9781249173519
9781249173526
9781249173540
9781249173564
9781249173571
9781249173588
9781249173595
9781249173601
9781249173632
9781249173649
9781249173656
9781249173663
9781249173670
9781249173687
9781249173694
9781249173717
9781249173724
9781249173731
9781249173748
9781249173755
9781249173762
9781249173779
9781249173786
9781249173793
9781249173809
9781249173816
9781249173823
9781249173830
9781249173847
9781249173854
9781249173861
9781249173878
9781249173885
9781249173892
9781249173908
9781249173915
9781249173922
9781249173939
9781249173946
9781249173953
9781249173960
9781249173977
9781249173984
9781249173991
9781249174004
9781249174028
9781249174035
9781249174042
9781249174066
9781249174073
9781249174080
9781249174103
9781249174110
9781249174134
9781249174141
9781249174158
9781249174165
9781249174172
9781249174189
9781249174196
9781249174202
9781249174219
9781249174226
9781249174233
9781249174240
9781249174264
9781249174271
9781249174288
9781249174295
9781249174301
9781249174318
9781249174332
9781249174349
9781249174356
9781249174363
9781249174370
9781249174394
9781249174400
9781249174417
9781249174424
9781249174431
9781249174448
9781249174455
9781249174462
9781249174479
9781249174486
9781249174493
9781249174509
9781249174516
9781249174523
9781249174530
9781249174554
9781249174561
9781249174578
9781249174585
9781249174608
9781249174622
9781249174639
9781249174646
9781249174653
9781249174660
9781249174806
9781249174813
9781249174844
9781249174851
9781249174875
9781249174882
9781249174905
9781249174929
9781249174943
9781249174950
9781249174967
9781249174998
9781249175001
9781249175018
9781249175049
9781249175056
9781249175124
9781249175131
9781249175162
9781249175179
9781249175186
9781249175193
9781249175223
9781249175254
9781249175261
9781249175292
9781249175315
9781249175353
9781249175360
9781249175391
9781249175407
9781249175421
9781249175438
9781249175445
9781249175469
9781249175483
9781249175490
9781249175513
9781249175520
9781249175537
9781249175544
9781249175551
9781249175568
9781249175582
9781249175599
9781249175605
9781249175612
9781249175629
9781249175636
9781249175643
9781249175650
9781249175667
9781249175674
9781249175681
9781249175698
9781249175704
9781249175711
9781249175728
9781249175735
9781249175742
9781249175759
9781249175766
9781249175773
9781249175797
9781249175803
9781249175810
9781249175827
9781249175834
9781249175858
9781249175865
9781249175872
9781249175889
9781249175896
9781249175902
9781249175919
9781249175926
9781249175933
9781249175940
9781249175957
9781249175964
9781249175971
9781249175988
9781249175995
9781249176008
9781249176015
9781249176022
9781249176046
9781249176053
9781249176060
9781249176077
9781249176084
9781249176091
9781249176107
9781249176114
9781249176121
9781249176138
9781249176145
9781249176152
9781249176169
9781249176176
9781249176183
9781249176213
9781249176220
9781249176268
9781249176299
9781249176305
9781249176312
9781249176336
9781249176350
9781249176374
9781249176398
9781249176411
9781249176435
9781249176442
9781249176459
9781249176466
9781249176473
9781249176480
9781249176497
9781249176503
9781249176510
9781249176527
9781249176534
9781249176541
9781249176558
9781249176572
9781249176589
9781249176596
9781249176602
9781249176626
9781249176633
9781249176640
9781249176657
9781249176664
9781249176671
9781249176688
9781249176695
9781249176701
9781249176718
9781249176725
9781249176732
9781249176749
9781249176756
9781249176770
9781249176787
9781249176794
9781249176800
9781249176817
9781249176831
9781249176848
9781249176855
9781249176862
9781249176879
9781249176886
9781249176893
9781249176909
9781249176916
9781249176923
9781249176930
9781249176947
9781249176954
9781249176961
9781249176978
9781249176985
9781249176992
9781249177012
9781249177029
9781249177036
9781249177043
9781249177050
9781249177067
9781249177081
9781249177098
9781249177104
9781249177111
9781249177128
9781249177135
9781249177142
9781249177159
9781249177166
9781249177173
9781249177180
9781249177197
9781249177203
9781249177210
9781249177227
9781249177234
9781249177241
9781249177258
9781249177265
9781249177272
9781249177296
9781249177302
9781249177319
9781249177326
9781249177333
9781249177357
9781249177364
9781249177388
9781249177395
9781249177401
9781249177418
9781249177425
9781249177463
9781249177470
9781249177494
9781249177500
9781249177517
9781249177524
9781249177531
9781249177548
9781249177555
9781249177562
9781249177579
9781249177586
9781249177593
9781249177609
9781249177616
9781249177623
9781249177630
9781249177647
9781249177654
9781249177678
9781249177685
9781249177708
9781249177722
9781249177869
9781249177876
9781249177906
9781249177951
9781249177968
9781249177982
9781249177999
9781249178019
9781249178026
9781249178033
9781249178040
9781249178064
9781249178071
9781249178088
9781249178095
9781249178101
9781249178118
9781249178125
9781249178132
9781249178149
9781249178156
9781249178163
9781249178170
9781249178187
9781249178194
9781249178217
9781249178224
9781249178231
9781249178248
9781249178255
9781249178279
9781249178286
9781249178309
9781249178316
9781249178323
9781249178354
9781249178361
9781249178378
9781249178385
9781249178392
9781249178415
9781249178422
9781249178439
9781249178446
9781249178453
9781249178477
9781249178484
9781249178507
9781249178514
9781249178521
9781249178538
9781249178545
9781249178552
9781249178569
9781249178576
9781249178583
9781249178613
9781249178620
9781249178637
9781249178644
9781249178651
9781249178668
9781249178675
9781249178682
9781249178699
9781249178705
9781249178712
9781249178729
9781249178736
9781249178743
9781249178750
9781249178767
9781249178774
9781249178781
9781249178798
9781249178828
9781249178835
9781249178859
9781249178866
9781249178873
9781249178880
9781249178897
9781249178903
9781249178927
9781249178934
9781249179023
9781249179030
9781249179047
9781249179092
9781249179177
9781249179184
9781249179191
9781249179214
9781249179221
9781249179245
9781249179252
9781249179269
9781249179276
9781249179283
9781249179290
9781249179306
9781249179313
9781249179320
9781249179337
9781249179344
9781249179351
9781249179368
9781249179375
9781249179382
9781249179399
9781249179405
9781249179412
9781249179429
9781249179436
9781249179443
9781249179467
9781249179474
9781249179481
9781249179498
9781249179504
9781249179511
9781249179528
9781249179535
9781249179542
9781249179559
9781249179566
9781249179573
9781249179580
9781249179597
9781249179603
9781249179610
9781249179627
9781249179634
9781249179641
9781249179658
9781249179665
9781249179672
9781249179689
9781249179696
9781249179719
9781249179740
9781249179795
9781249179801
9781249179818
9781249179825
9781249179832
9781249179849
9781249179856
9781249179863
9781249179870
9781249179917
9781249179948
9781249179955
9781249179962
9781249179986
9781249179993
9781249180005
9781249180043
9781249180050
9781249180081
9781249180104
9781249180135
9781249180142
9781249180166
9781249180173
9781249180203
9781249180210
9781249180227
9781249180234
9781249180241
9781249180258
9781249180265
9781249180272
9781249180289
9781249180296
9781249180302
9781249180333
9781249180395
9781249180418
9781249180449
9781249180456
9781249180463
9781249180470
9781249180487
9781249180500
9781249180517
9781249180524
9781249180531
9781249180548
9781249180555
9781249180562
9781249180579
9781249180586
9781249180593
9781249180616
9781249180623
9781249180630
9781249180647
9781249180654
9781249180661
9781249180678
9781249180685
9781249180715
9781249180739
9781249180746
9781249180760
9781249180784
9781249180791
9781249180814
9781249180838
9781249180845
9781249180852
9781249180869
9781249180876
9781249180883
9781249180890
9781249180906
9781249180913
9781249180920
9781249180937
9781249180944
9781249180951
9781249180968
9781249180975
9781249180982
9781249180999
9781249181002
9781249181019
9781249181026
9781249181033
9781249181040
9781249181057
9781249181071
9781249181095
9781249181101
9781249181118
9781249181125
9781249181132
9781249181149
9781249181156
9781249181163
9781249181279
9781249181316
9781249181323
9781249181330
9781249181347
9781249181354
9781249181361
9781249181392
9781249181439
9781249181477
9781249181484
9781249181491
9781249181514
9781249181521
9781249181545
9781249181682
9781249181699
9781249181705
9781249181712
9781249181736
9781249181743
9781249181750
9781249181767
9781249181774
9781249181781
9781249181798
9781249181804
9781249181811
9781249181828
9781249181835
9781249181842
9781249181859
9781249181866
9781249181873
9781249181880
9781249181897
9781249181903
9781249181910
9781249181927
9781249181934
9781249181941
9781249181958
9781249181989
9781249181996
9781249182009
9781249182030
9781249182047
9781249182054
9781249182061
9781249182078
9781249182085
9781249182092
9781249182108
9781249182122
9781249182139
9781249182146
9781249182153
9781249182160
9781249182177
9781249182184
9781249182191
9781249182207
9781249182214
9781249182221
9781249182238
9781249182245
9781249182252
9781249182276
9781249182290
9781249182306
9781249182313
9781249182320
9781249182337
9781249182344
9781249182351
9781249182368
9781249182375
9781249182382
9781249182399
9781249182405
9781249182412
9781249182429
9781249182436
9781249182443
9781249182450
9781249182498
9781249182511
9781249182528
9781249182535
9781249182542
9781249182559
9781249182566
9781249182573
9781249182580
9781249182597
9781249182603
9781249182610
9781249182627
9781249182634
9781249182641
9781249182658
9781249182665
9781249182672
9781249182689
9781249182696
9781249182702
9781249182719
9781249182726
9781249182733
9781249182740
9781249182757
9781249182764
9781249182771
9781249182788
9781249182795
9781249182801
9781249182818
9781249182825
9781249182832
9781249182856
9781249182863
9781249182870
9781249182887
9781249182894
9781249182900
9781249182917
9781249182924
9781249182931
9781249182948
9781249182955
9781249182962
9781249182979
9781249182986
9781249182993
9781249183006
9781249183013
9781249183020
9781249183037
9781249183044
9781249183051
9781249183068
9781249183075
9781249183082
9781249183099
9781249183105
9781249183112
9781249183129
9781249183136
9781249183143
9781249183150
9781249183174
9781249183181
9781249183198
9781249183204
9781249183211
9781249183228
9781249183235
9781249183242
9781249183259
9781249183266
9781249183273
9781249183280
9781249183297
9781249183303
9781249183310
9781249183327
9781249183334
9781249183341
9781249183358
9781249183365
9781249183372
9781249183389
9781249183396
9781249183402
9781249183419
9781249183426
9781249183433
9781249183440
9781249183457
9781249183464
9781249183471
9781249183488
9781249183495
9781249183501
9781249183518
9781249183525
9781249183532
9781249183549
9781249183556
9781249183563
9781249183570
9781249183587
9781249183594
9781249183600
9781249183617
9781249183624
9781249183631
9781249183648
9781249183655
9781249183662
9781249183679
9781249183686
9781249183693
9781249183709
9781249183723
9781249183730
9781249183747
9781249183754
9781249183761
9781249183778
9781249183785
9781249183792
9781249183808
9781249183815
9781249183822
9781249183839
9781249183846
9781249183853
9781249183860
9781249184072
9781249184089
9781249184096
9781249184102
9781249184119
9781249184126
9781249184133
9781249184140
9781249184157
9781249184164
9781249184171
9781249184188
9781249184195
9781249184201
9781249184218
9781249184225
9781249184232
9781249184249
9781249184256
9781249184263
9781249184270
9781249184287
9781249184294
9781249184300
9781249184317
9781249184324
9781249184331
9781249184348
9781249184355
9781249184362
9781249184379
9781249184386
9781249184393
9781249184409
9781249184416
9781249184423
9781249184430
9781249184447
9781249184454
9781249184461
9781249184478
9781249184492
9781249184508
9781249184515
9781249184522
9781249184539
9781249184546
9781249184553
9781249184560
9781249184577
9781249184584
9781249184591
9781249184607
9781249184614
9781249184621
9781249184638
9781249184645
9781249184652
9781249184669
9781249184676
9781249184683
9781249184690
9781249184706
9781249184713
9781249184720
9781249184737
9781249184751
9781249184768
9781249184775
9781249184782
9781249184799
9781249184805
9781249184812
9781249184829
9781249184836
9781249184843
9781249184850
9781249184867
9781249184874
9781249184881
9781249184898
9781249184904
9781249184911
9781249184928
9781249184935
9781249184942
9781249184959
9781249184966
9781249184973
9781249184980
9781249184997
9781249185000
9781249185024
9781249185031
9781249185048
9781249185055
9781249185062
9781249185079
9781249185086
9781249185109
9781249185116
9781249185123
9781249185130
9781249185147
9781249185154
9781249185161
9781249185178
9781249185185
9781249185192
9781249185246
9781249185260
9781249185321
9781249185413
9781249185451
9781249185475
9781249185482
9781249185512
9781249185529
9781249185536
9781249185574
9781249185581
9781249185598
9781249185604
9781249185611
9781249185642
9781249185703
9781249185734
9781249185758
9781249185772
9781249185789
9781249185796
9781249185802
9781249185819
9781249185826
9781249185833
9781249185840
9781249185857
9781249185864
9781249185871
9781249185888
9781249185901
9781249185925
9781249185949
9781249185956
9781249185963
9781249185970
9781249185987
9781249185994
9781249186007
9781249186014
9781249186021
9781249186038
9781249186052
9781249186069
9781249186076
9781249186083
9781249186090
9781249186106
9781249186113
9781249186120
9781249186137
9781249186144
9781249186151
9781249186168
9781249186175
9781249186182
9781249186199
9781249186212
9781249186229
9781249186236
9781249186250
9781249186267
9781249186274
9781249186281
9781249186304
9781249186311
9781249186328
9781249186335
9781249186359
9781249186366
9781249186373
9781249186380
9781249186397
9781249186403
9781249186410
9781249186427
9781249186458
9781249186465
9781249186496
9781249186502
9781249186526
9781249186557
9781249186571
9781249186588
9781249186595
9781249186601
9781249186625
9781249186632
9781249186649
9781249186656
9781249186663
9781249186670
9781249186687
9781249186694
9781249186700
9781249186724
9781249186731
9781249186748
9781249186755
9781249186762
9781249186793
9781249186809
9781249186816
9781249186823
9781249186830
9781249186847
9781249186854
9781249186861
9781249186878
9781249186885
9781249186892
9781249186908
9781249186922
9781249186939
9781249186946
9781249186984
9781249187004
9781249187011
9781249187028
9781249187035
9781249187042
9781249187066
9781249187134
9781249187165
9781249187189
9781249187196
9781249187202
9781249187219
9781249187226
9781249187233
9781249187240
9781249187257
9781249187264
9781249187271
9781249187288
9781249187295
9781249187301
9781249187318
9781249187325
9781249187332
9781249187349
9781249187356
9781249187363
9781249187370
9781249187387
9781249187394
9781249187400
9781249187417
9781249187424
9781249187431
9781249187448
9781249187455
9781249187462
9781249187479
9781249187509
9781249187516
9781249187523
9781249187530
9781249187547
9781249187561
9781249187578
9781249187592
9781249187608
9781249187615
9781249187622
9781249187653
9781249187677
9781249187684
9781249187691
9781249187707
9781249187714
9781249187721
9781249187738
9781249187752
9781249187769
9781249187776
9781249187783
9781249187790
9781249187806
9781249187813
9781249187820
9781249187837
9781249187844
9781249187851
9781249187875
9781249187899
9781249187905
9781249187912
9781249187929
9781249187936
9781249187943
9781249187950
9781249187967
9781249187974
9781249187981
9781249187998
9781249188001
9781249188018
9781249188025
9781249188032
9781249188049
9781249188056
9781249188063
9781249188070
9781249188087
9781249188094
9781249188100
9781249188117
9781249188124
9781249188131
9781249188148
9781249188155
9781249188162
9781249188186
9781249188193
9781249188209
9781249188216
9781249188223
9781249188230
9781249188247
9781249188254
9781249188278
9781249188285
9781249188292
9781249188308
9781249188315
9781249188322
9781249188346
9781249188360
9781249188391
9781249188490
9781249188513
9781249188520
9781249188537
9781249188544
9781249188551
9781249188568
9781249188575
9781249188599
9781249188605
9781249188612
9781249188629
9781249188636
9781249188643
9781249188650
9781249188667
9781249188674
9781249188711
9781249188766
9781249188797
9781249188889
9781249188919
9781249188940
9781249188964
9781249188995
9781249189008
9781249189015
9781249189039
9781249189046
9781249189053
9781249189060
9781249189121
9781249189145
9781249189152
9781249189169
9781249189220
9781249189268
9781249189282
9781249189299
9781249189305
9781249189329
9781249189336
9781249189343
9781249189367
9781249189374
9781249189381
9781249189398
9781249189404
9781249189411
9781249189435
9781249189442
9781249189459
9781249189466
9781249189473
9781249189497
9781249189503
9781249189510
9781249189534
9781249189589
9781249189596
9781249189602
9781249189633
9781249189664
9781249189688
9781249189718
9781249189725
9781249189749
9781249189756
9781249189787
9781249189916
9781249189923
9781249189930
9781249189978
9781249189985
9781249189992
9781249190004
9781249190028
9781249190035
9781249190042
9781249190059
9781249190066
9781249190073
9781249190097
9781249190110
9781249190127
9781249190134
9781249190141
9781249190158
9781249190219
9781249190226
9781249190240
9781249190257
9781249190264
9781249190288
9781249190295
9781249190301
9781249190318
9781249190325
9781249190332
9781249190349
9781249190356
9781249190363
9781249190370
9781249190387
9781249190394
9781249190400
9781249190929
9781249190936
9781249190943
9781249190950
9781249190967
9781249190974
9781249190981
9781249190998
9781249191001
9781249191018
9781249191025
9781249191032
9781249191049
9781249191056
9781249191063
9781249191070
9781249191087
9781249191094
9781249191100
9781249191117
9781249191124
9781249191131
9781249191148
9781249191155
9781249191162
9781249191186
9781249191193
9781249191216
9781249191223
9781249191230
9781249191247
9781249191254
9781249191261
9781249191285
9781249191308
9781249191315
9781249191322
9781249191346
9781249191353
9781249191377
9781249191483
9781249191490
9781249191513
9781249191520
9781249191537
9781249191544
9781249191551
9781249191568
9781249191575
9781249191599
9781249191605
9781249191636
9781249191650
9781249191698
9781249191780
9781249191803
9781249191810
9781249191827
9781249191834
9781249191858
9781249191865
9781249191872
9781249191889
9781249191896
9781249191902
9781249191933
9781249191940
9781249191957
9781249191964
9781249191971
9781249191988
9781249191995
9781249192008
9781249192015
9781249192022
9781249192039
9781249192046
9781249192053
9781249192060
9781249192077
9781249192084
9781249192091
9781249192114
9781249192121
9781249192138
9781249192152
9781249192169
9781249192176
9781249192183
9781249192190
9781249192206
9781249192213
9781249192220
9781249192237
9781249192244
9781249192251
9781249192268
9781249192275
9781249192282
9781249192305
9781249192312
9781249192329
9781249192336
9781249192343
9781249192350
9781249192367
9781249192374
9781249192381
9781249192398
9781249192404
9781249192411
9781249192428
9781249192435
9781249192442
9781249192459
9781249192466
9781249192473
9781249192480
9781249192497
9781249192503
9781249192510
9781249192527
9781249192534
9781249192541
9781249192558
9781249192565
9781249192572
9781249192589
9781249192596
9781249192602
9781249192619
9781249192626
9781249192633
9781249192640
9781249192657
9781249192664
9781249192671
9781249192688
9781249192695
9781249192701
9781249192718
9781249192725
9781249192732
9781249192749
9781249192756
9781249192763
9781249192770
9781249192787
9781249192794
9781249192800
9781249192817
9781249192824
9781249192831
9781249192848
9781249192862
9781249192879
9781249192886
9781249192893
9781249192909
9781249192916
9781249192923
9781249192930
9781249192947
9781249192954
9781249192961
9781249192978
9781249192985
9781249192992
9781249193005
9781249193012
9781249193029
9781249193036
9781249193043
9781249193050
9781249193067
9781249193074
9781249193081
9781249193098
9781249193104
9781249193111
9781249193128
9781249193135
9781249193142
9781249193159
9781249193166
9781249193173
9781249193197
9781249193203
9781249193210
9781249193227
9781249193234
9781249193241
9781249193258
9781249193265
9781249193272
9781249193289
9781249193296
9781249193302
9781249193319
9781249193326
9781249193340
9781249193357
9781249193364
9781249193371
9781249193388
9781249193395
9781249193401
9781249193418
9781249193425
9781249193432
9781249193449
9781249193456
9781249193463
9781249193470
9781249193487
9781249193494
9781249193500
9781249193517
9781249193524
9781249193531
9781249193548
9781249193555
9781249193562
9781249193579
9781249193586
9781249193593
9781249193609
9781249193616
9781249193623
9781249193630
9781249193647
9781249193654
9781249193661
9781249193678
9781249193685
9781249193692
9781249193708
9781249193722
9781249193739
9781249193753
9781249193760
9781249193784
9781249193791
9781249193807
9781249193814
9781249193821
9781249193838
9781249193845
9781249193852
9781249193869
9781249193876
9781249193883
9781249193890
9781249193906
9781249193913
9781249193920
9781249193937
9781249193944
9781249193968
9781249193975
9781249193982
9781249193999
9781249194002
9781249194019
9781249194026
9781249194033
9781249194040
9781249194057
9781249194064
9781249194071
9781249194088
9781249194095
9781249194101
9781249194118
9781249194125
9781249194132
9781249194149
9781249194156
9781249194163
9781249194170
9781249194187
9781249194194
9781249194200
9781249194217
9781249194224
9781249194231
9781249194248
9781249194255
9781249194262
9781249194279
9781249194286
9781249194293
9781249194309
9781249194316
9781249194323
9781249194330
9781249194347
9781249194354
9781249194361
9781249194378
9781249194385
9781249194392
9781249194408
9781249194415
9781249194422
9781249194439
9781249194446
9781249194453
9781249194460
9781249194477
9781249194484
9781249194491
9781249194507
9781249194514
9781249194521
9781249194538
9781249194545
9781249194552
9781249194569
9781249194576
9781249194583
9781249194590
9781249194606
9781249194613
9781249194637
9781249194644
9781249194651
9781249194668
9781249194675
9781249194682
9781249194699
9781249194705
9781249194712
9781249194729
9781249194736
9781249194743
9781249194750
9781249194767
9781249194774
9781249194798
9781249194804
9781249194828
9781249194835
9781249194842
9781249194859
9781249194866
9781249194873
9781249194880
9781249194897
9781249194903
9781249194910
9781249194927
9781249194934
9781249194941
9781249194958
9781249194965
9781249194972
9781249194989
9781249194996
9781249195009
9781249195016
9781249195023
9781249195030
9781249195047
9781249195054
9781249195061
9781249195078
9781249195085
9781249195092
9781249195108
9781249195115
9781249195122
9781249195139
9781249195146
9781249195153
9781249195177
9781249195184
9781249195191
9781249195207
9781249195214
9781249195221
9781249195238
9781249195245
9781249195252
9781249195276
9781249195283
9781249195290
9781249195306
9781249195313
9781249195320
9781249195337
9781249195344
9781249195368
9781249195375
9781249195382
9781249195399
9781249195405
9781249195412
9781249195429
9781249195436
9781249195443
9781249195450
9781249195467
9781249195474
9781249195481
9781249195504
9781249195511
9781249195528
9781249195542
9781249195559
9781249195566
9781249195573
9781249195597
9781249195603
9781249195610
9781249195627
9781249195634
9781249195641
9781249195658
9781249195665
9781249195672
9781249195689
9781249195696
9781249195702
9781249195719
9781249195726
9781249195733
9781249195740
9781249195757
9781249195764
9781249195771
9781249195788
9781249195795
9781249195801
9781249195818
9781249195825
9781249195832
9781249195849
9781249195856
9781249195863
9781249195870
9781249195887
9781249195894
9781249195900
9781249195917
9781249195924
9781249195931
9781249195948
9781249195955
9781249195962
9781249195979
9781249195986
9781249195993
9781249196006
9781249196013
9781249196020
9781249196037
9781249196044
9781249196068
9781249196075
9781249196082
9781249196099
9781249196105
9781249196112
9781249196129
9781249196136
9781249196143
9781249196150
9781249196167
9781249196181
9781249196198
9781249196204
9781249196211
9781249196228
9781249196235
9781249196259
9781249196273
9781249196280
9781249196297
9781249196303
9781249196310
9781249196327
9781249196334
9781249196341
9781249196358
9781249196396
9781249196402
9781249196419
9781249196426
9781249196433
9781249196440
9781249196457
9781249196464
9781249196471
9781249196488
9781249196495
9781249196501
9781249196532
9781249196549
9781249196570
9781249196617
9781249196624
9781249196655
9781249196662
9781249196679
9781249196686
9781249196709
9781249196716
9781249196723
9781249196730
9781249196754
9781249196778
9781249196785
9781249196792
9781249196822
9781249196839
9781249196846
9781249196860
9781249196891
9781249196921
9781249196945
9781249196976
9781249196983
9781249196990
9781249197027
9781249197065
9781249197126
9781249197133
9781249197188
9781249197218
9781249197225
9781249197232
9781249197249
9781249197256
9781249197263
9781249197270
9781249197287
9781249197317
9781249197331
9781249197355
9781249197430
9781249197454
9781249197478
9781249197485
9781249197492
9781249197508
9781249197539
9781249197546
9781249197553
9781249197560
9781249197577
9781249197584
9781249197621
9781249197638
9781249197645
9781249197669
9781249197676
9781249197683
9781249197690
9781249197713
9781249197720
9781249197768
9781249197805
9781249197829
9781249197874
9781249197881
9781249197904
9781249197928
9781249197935
9781249197959
9781249197966
9781249197973
9781249197980
9781249197997
9781249198000
9781249198017
9781249198031
9781249198048
9781249198055
9781249198086
9781249198093
9781249198130
9781249198154
9781249198161
9781249198215
9781249198239
9781249198246
9781249198260
9781249198277
9781249198284
9781249198307
9781249198314
9781249198321
9781249198338
9781249198383
9781249198413
9781249198451
9781249198475
9781249198482
9781249198512
9781249198529
9781249198536
9781249198543
9781249198550
9781249198567
9781249198574
9781249198581
9781249198598
9781249198604
9781249198611
9781249198628
9781249198635
9781249198642
9781249198659
9781249198666
9781249198673
9781249198680
9781249198697
9781249198710
9781249198727
9781249198734
9781249198765
9781249198802
9781249198819
9781249198826
9781249198833
9781249198857
9781249198864
9781249198871
9781249198888
9781249198895
9781249198901
9781249198918
9781249198925
9781249198970
9781249198994
9781249199007
9781249199014
9781249199021
9781249199052
9781249199069
9781249199076
9781249199106
9781249199113
9781249199120
9781249199137
9781249199144
9781249199168
9781249199182
9781249199205
9781249199236
9781249199250
9781249199267
9781249199274
9781249199281
9781249199298
9781249199304
9781249199311
9781249199328
9781249199335
9781249199359
9781249199366
9781249199373
9781249199380
9781249199397
9781249199403
9781249199434
9781249199458
9781249199465
9781249199472
9781249199489
9781249199519
9781249199533
9781249199540
9781249199564
9781249199571
9781249199601
9781249199625
9781249199632
9781249199649
9781249199656
9781249199663
9781249199670
9781249199687
9781249199694
9781249199700
9781249199724
9781249199731
9781249199748
9781249199755
9781249199779
9781249199847
9781249199854
9781249199861
9781249199878
9781249199892
9781249199908
9781249199939
9781249200000
9781249200024
9781249200048
9781249200147
9781249200161
9781249200208
9781249200215
9781249200222
9781249200246
9781249200253
9781249200260
9781249200277
9781249200291
9781249200352
9781249200376
9781249200475
9781249200505
9781249200512
9781249200536
9781249200574
9781249200581
9781249200598
9781249200604
9781249200611
9781249200635
9781249200642
9781249200659
9781249200666
9781249200673
9781249200680
9781249200697
9781249200710
9781249200727
9781249200734
9781249200741
9781249200758
9781249200772
9781249200802
9781249200833
9781249200840
9781249200871
9781249200895
9781249200925
9781249200932
9781249200949
9781249200970
9781249200987
9781249200994
9781249201007
9781249201014
9781249201021
9781249201076
9781249201083
9781249201120
9781249201137
9781249201151
9781249201168
9781249201205
9781249201229
9781249201267
9781249201274
9781249201281
9781249201298
9781249201304
9781249201311
9781249201366
9781249201410
9781249201434
9781249201441
9781249201472
9781249201489
9781249201519
9781249201526
9781249201533
9781249201557
9781249201564
9781249201588
9781249201601
9781249201618
9781249201625
9781249201632
9781249201649
9781249201656
9781249201663
9781249201670
9781249201687
9781249201694
9781249201700
9781249201717
9781249201724
9781249201731
9781249201748
9781249201755
9781249201762
9781249201779
9781249201786
9781249201793
9781249201809
9781249201816
9781249201823
9781249201830
9781249201847
9781249201854
9781249201861
9781249201878
9781249201885
9781249201892
9781249201908
9781249201915
9781249201922
9781249201939
9781249201946
9781249201953
9781249201960
9781249201977
9781249201984
9781249201991
9781249202004
9781249202011
9781249202028
9781249202035
9781249202042
9781249202059
9781249202066
9781249202073
9781249202080
9781249202097
9781249202103
9781249202110
9781249202127
9781249202134
9781249202141
9781249202158
9781249202165
9781249202172
9781249202189
9781249202196
9781249202202
9781249202219
9781249202226
9781249202233
9781249202240
9781249202257
9781249202264
9781249202288
9781249202295
9781249202301
9781249202318
9781249202325
9781249202332
9781249202349
9781249202356
9781249202363
9781249202370
9781249202387
9781249202394
9781249202400
9781249202417
9781249202424
9781249202431
9781249202448
9781249202462
9781249202479
9781249202486
9781249202493
9781249202509
9781249202516
9781249202523
9781249202530
9781249202547
9781249202554
9781249202578
9781249202585
9781249202592
9781249202622
9781249202639
9781249202646
9781249202653
9781249202660
9781249202677
9781249202684
9781249202691
9781249202707
9781249202714
9781249202721
9781249202738
9781249202745
9781249202752
9781249202769
9781249202776
9781249202783
9781249202790
9781249202806
9781249202813
9781249202820
9781249202837
9781249202844
9781249202851
9781249202868
9781249202875
9781249202882
9781249202899
9781249202905
9781249202912
9781249202929
9781249202943
9781249202950
9781249202967
9781249202974
9781249202981
9781249202998
9781249203001
9781249203018
9781249203025
9781249203032
9781249203049
9781249203056
9781249203063
9781249203070
9781249203087
9781249203094
9781249203100
9781249203117
9781249203124
9781249203131
9781249203148
9781249203155
9781249203162
9781249203179
9781249203186
9781249203193
9781249203209
9781249203216
9781249203223
9781249203230
9781249203247
9781249203254
9781249203261
9781249203278
9781249203285
9781249203292
9781249203308
9781249203322
9781249203339
9781249203353
9781249203360
9781249203377
9781249203407
9781249203414
9781249203421
9781249203438
9781249203445
9781249203452
9781249203469
9781249203476
9781249203483
9781249203490
9781249203506
9781249203513
9781249203537
9781249203544
9781249203551
9781249203568
9781249203575
9781249203582
9781249203599
9781249203605
9781249203612
9781249203629
9781249203636
9781249203643
9781249203650
9781249203667
9781249203674
9781249203681
9781249203698
9781249203704
9781249203711
9781249203728
9781249203735
9781249203742
9781249203759
9781249203766
9781249203773
9781249203780
9781249203797
9781249203810
9781249203827
9781249203834
9781249203841
9781249203858
9781249203865
9781249203872
9781249203889
9781249203896
9781249203902
9781249203919
9781249203926
9781249203933
9781249203940
9781249203957
9781249203964
9781249203971
9781249203988
9781249203995
9781249204008
9781249204015
9781249204022
9781249204039
9781249204046
9781249204053
9781249204060
9781249204077
9781249204084
9781249204091
9781249204107
9781249204114
9781249204121
9781249204138
9781249204145
9781249204152
9781249204169
9781249204183
9781249204190
9781249204206
9781249204213
9781249204220
9781249204237
9781249204244
9781249204251
9781249204268
9781249204282
9781249204299
9781249204305
9781249204312
9781249204329
9781249204336
9781249204343
9781249204350
9781249204367
9781249204374
9781249204381
9781249204398
9781249204404
9781249204411
9781249204428
9781249204435
9781249204442
9781249204459
9781249204466
9781249204473
9781249204480
9781249204497
9781249204503
9781249204534
9781249204541
9781249204558
9781249204565
9781249204572
9781249204589
9781249204596
9781249204602
9781249204619
9781249204633
9781249204640
9781249204657
9781249204664
9781249204671
9781249204688
9781249204695
9781249204701
9781249204718
9781249204725
9781249204732
9781249204749
9781249204756
9781249204763
9781249204770
9781249204787
9781249204794
9781249204800
9781249204824
9781249204831
9781249204848
9781249204855
9781249204862
9781249204879
9781249204886
9781249204893
9781249204909
9781249204916
9781249204923
9781249204930
9781249204947
9781249204954
9781249204961
9781249204978
9781249204985
9781249204992
9781249205005
9781249205012
9781249205029
9781249205043
9781249205050
9781249205067
9781249205074
9781249205081
9781249205098
9781249205104
9781249205111
9781249205128
9781249205135
9781249205142
9781249205159
9781249205166
9781249205173
9781249205180
9781249205197
9781249205203
9781249205210
9781249205227
9781249205234
9781249205241
9781249205258
9781249205265
9781249205272
9781249205289
9781249205296
9781249205302
9781249205319
9781249205326
9781249205333
9781249205340
9781249205357
9781249205364
9781249205371
9781249205388
9781249205395
9781249205401
9781249205418
9781249205425
9781249205432
9781249205449
9781249205456
9781249205463
9781249205470
9781249205487
9781249205494
9781249205500
9781249205517
9781249205524
9781249205531
9781249205548
9781249205555
9781249205562
9781249205579
9781249205586
9781249205593
9781249205609
9781249205616
9781249205623
9781249205630
9781249205647
9781249205692
9781249205722
9781249205746
9781249205753
9781249205760
9781249205777
9781249205784
9781249205814
9781249205845
9781249205852
9781249205869
9781249205883
9781249205906
9781249205913
9781249205920
9781249205937
9781249205944
9781249205951
9781249205968
9781249205975
9781249205982
9781249205999
9781249206002
9781249206019
9781249206026
9781249206033
9781249206040
9781249206057
9781249206064
9781249206071
9781249206088
9781249206095
9781249206101
9781249206118
9781249206125
9781249206132
9781249206149
9781249206156
9781249206170
9781249206187
9781249206194
9781249206200
9781249206217
9781249206224
9781249206231
9781249206248
9781249206255
9781249206262
9781249206279
9781249206286
9781249206293
9781249206309
9781249206316
9781249206323
9781249206330
9781249206347
9781249206354
9781249206361
9781249206378
9781249206385
9781249206392
9781249206408
9781249206415
9781249206422
9781249206439
9781249206446
9781249206453
9781249206460
9781249206477
9781249206484
9781249206491
9781249206507
9781249206514
9781249206521
9781249206538
9781249206545
9781249206552
9781249206569
9781249206576
9781249206583
9781249206590
9781249206606
9781249206613
9781249206620
9781249206637
9781249206644
9781249206651
9781249206668
9781249206675
9781249206682
9781249206699
9781249206705
9781249206712
9781249206729
9781249206736
9781249206743
9781249206750
9781249206767
9781249206774
9781249206781
9781249206798
9781249206804
9781249206811
9781249206828
9781249206835
9781249206842
9781249206859
9781249206866
9781249206873
9781249206880
9781249206897
9781249206903
9781249206910
9781249206934
9781249206941
9781249206958
9781249206965
9781249206972
9781249206989
9781249206996
9781249207009
9781249207016
9781249207023
9781249207030
9781249207047
9781249207061
9781249207085
9781249207139
9781249207146
9781249207153
9781249207160
9781249207177
9781249207184
9781249207191
9781249207207
9781249207214
9781249207221
9781249207238
9781249207245
9781249207269
9781249207276
9781249207283
9781249207290
9781249207306
9781249207313
9781249207337
9781249207368
9781249207375
9781249207399
9781249207405
9781249207429
9781249207436
9781249207450
9781249207498
9781249207504
9781249207511
9781249207528
9781249207535
9781249207542
9781249207559
9781249207566
9781249207573
9781249207580
9781249207597
9781249207610
9781249207627
9781249207634
9781249207641
9781249207658
9781249207665
9781249207689
9781249207696
9781249207702
9781249207726
9781249207733
9781249207740
9781249207757
9781249207764
9781249207771
9781249207788
9781249207818
9781249207825
9781249207832
9781249207849
9781249207856
9781249207863
9781249207870
9781249207887
9781249207894
9781249207900
9781249207955
9781249207962
9781249207979
9781249207993
9781249208006
9781249208013
9781249208020
9781249208037
9781249208044
9781249208068
9781249208136
9781249208143
9781249208150
9781249208167
9781249208174
9781249208181
9781249208198
9781249208204
9781249208211
9781249208228
9781249208235
9781249208242
9781249208259
9781249208266
9781249208273
9781249208280
9781249208297
9781249208303
9781249208310
9781249208327
9781249208334
9781249208341
9781249208358
9781249208372
9781249208396
9781249208419
9781249208433
9781249208440
9781249208457
9781249208464
9781249208471
9781249208488
9781249208495
9781249208501
9781249208518
9781249208525
9781249208532
9781249208549
9781249208556
9781249208563
9781249208570
9781249208587
9781249208594
9781249208617
9781249208624
9781249208648
9781249208655
9781249208662
9781249208679
9781249208686
9781249208693
9781249208709
9781249208716
9781249208723
9781249208747
9781249208754
9781249208761
9781249208778
9781249208785
9781249208792
9781249208808
9781249208815
9781249208822
9781249208839
9781249208846
9781249208853
9781249208860
9781249208877
9781249208884
9781249208891
9781249208914
9781249208952
9781249209003
9781249209034
9781249209065
9781249209072
9781249209089
9781249209096
9781249209119
9781249209126
9781249209133
9781249209140
9781249209157
9781249209164
9781249209171
9781249209188
9781249209195
9781249209201
9781249209225
9781249209232
9781249209249
9781249209256
9781249209270
9781249209317
9781249209348
9781249209379
9781249209386
9781249209393
9781249209409
9781249209416
9781249209430
9781249209447
9781249209454
9781249209461
9781249209478
9781249209485
9781249209492
9781249209508
9781249209515
9781249209522
9781249209539
9781249209546
9781249209553
9781249209560
9781249209577
9781249209584
9781249209591
9781249209607
9781249209614
9781249209638
9781249209645
9781249209669
9781249209676
9781249209683
9781249209706
9781249209737
9781249209744
9781249209751
9781249209768
9781249209782
9781249209799
9781249209805
9781249209812
9781249209829
9781249209836
9781249209843
9781249209850
9781249209867
9781249209874
9781249209881
9781249209898
9781249209904
9781249209911
9781249209928
9781249209935
9781249209942
9781249209966
9781249209973
9781249209980
9781249209997
9781249210009
9781249210016
9781249210023
9781249210030
9781249210047
9781249210054
9781249210061
9781249210078
9781249210085
9781249210092
9781249210108
9781249210115
9781249210122
9781249210139
9781249210146
9781249210153
9781249210160
9781249210177
9781249210184
9781249210191
9781249210207
9781249210214
9781249210221
9781249210238
9781249210245
9781249210252
9781249210269
9781249210276
9781249210283
9781249210290
9781249210306
9781249210313
9781249210320
9781249210337
9781249210344
9781249210351
9781249210368
9781249210375
9781249210382
9781249210399
9781249210405
9781249210412
9781249210429
9781249210436
9781249210443
9781249210450
9781249210467
9781249210474
9781249210481
9781249210498
9781249210504
9781249210511
9781249210528
9781249210535
9781249210542
9781249210559
9781249210566
9781249210573
9781249210580
9781249210597
9781249210603
9781249210610
9781249210627
9781249210634
9781249210641
9781249210658
9781249210665
9781249210672
9781249210689
9781249210696
9781249210702
9781249210719
9781249210726
9781249210733
9781249210740
9781249210757
9781249210764
9781249210948
9781249210955
9781249210962
9781249210979
9781249210986
9781249210993
9781249211006
9781249211013
9781249211020
9781249211037
9781249211044
9781249211051
9781249211068
9781249211075
9781249211082
9781249211099
9781249211105
9781249211112
9781249211129
9781249211136
9781249211143
9781249211150
9781249211167
9781249211174
9781249211181
9781249211198
9781249211204
9781249211211
9781249211228
9781249211235
9781249211242
9781249211259
9781249211266
9781249211273
9781249211280
9781249211297
9781249211303
9781249211310
9781249211327
9781249211334
9781249211341
9781249211358
9781249211365
9781249211372
9781249211389
9781249211396
9781249211402
9781249211419
9781249211426
9781249211433
9781249211440
9781249211457
9781249211464
9781249211471
9781249211488
9781249211495
9781249211518
9781249211525
9781249211532
9781249211549
9781249211556
9781249211563
9781249211716
9781249211723
9781249211730
9781249211747
9781249211754
9781249211778
9781249211785
9781249211792
9781249211808
9781249211815
9781249211822
9781249211839
9781249211846
9781249211853
9781249211860
9781249211877
9781249211884
9781249211891
9781249211907
9781249211914
9781249211921
9781249211938
9781249211945
9781249211952
9781249211969
9781249211976
9781249211983
9781249211990
9781249212003
9781249212010
9781249212027
9781249212034
9781249212041
9781249212058
9781249212065
9781249212072
9781249212089
9781249212096
9781249212102
9781249212119
9781249212195
9781249212201
9781249212218
9781249212225
9781249212232
9781249212249
9781249212256
9781249212263
9781249212270
9781249212287
9781249212294
9781249212300
9781249212317
9781249212324
9781249212331
9781249212348
9781249212355
9781249212362
9781249212379
9781249212386
9781249212393
9781249212409
9781249212416
9781249212423
9781249212430
9781249212447
9781249212454
9781249212461
9781249212478
9781249212485
9781249212492
9781249212508
9781249212515
9781249212522
9781249212539
9781249212546
9781249212553
9781249212560
9781249212577
9781249212584
9781249212591
9781249212607
9781249212614
9781249212621
9781249212645
9781249212652
9781249212669
9781249212676
9781249212683
9781249212690
9781249212706
9781249212713
9781249212720
9781249212737
9781249212744
9781249212751
9781249212768
9781249212775
9781249212782
9781249212805
9781249212812
9781249212829
9781249212836
9781249212843
9781249212850
9781249212867
9781249212874
9781249212881
9781249212911
9781249212928
9781249212935
9781249212942
9781249212959
9781249212966
9781249212973
9781249212980
9781249212997
9781249213000
9781249213017
9781249213024
9781249213031
9781249213048
9781249213055
9781249213062
9781249213079
9781249213086
9781249213093
9781249213109
9781249213116
9781249213123
9781249213130
9781249213147
9781249213154
9781249213161
9781249213178
9781249213185
9781249213192
9781249213208
9781249213222
9781249213239
9781249213253
9781249213260
9781249213277
9781249213284
9781249213291
9781249213307
9781249213321
9781249213338
9781249213345
9781249213352
9781249213369
9781249213376
9781249213383
9781249213390
9781249213406
9781249213413
9781249213420
9781249213437
9781249213444
9781249213451
9781249213468
9781249213475
9781249213482
9781249213499
9781249213505
9781249213512
9781249213529
9781249213536
9781249213543
9781249213550
9781249213567
9781249213574
9781249213581
9781249213598
9781249213604
9781249213611
9781249213628
9781249213635
9781249213642
9781249213659
9781249213666
9781249213673
9781249213680
9781249213697
9781249213703
9781249213710
9781249213727
9781249213734
9781249213741
9781249213758
9781249213765
9781249213772
9781249213796
9781249213826
9781249213833
9781249213840
9781249213857
9781249213864
9781249213871
9781249213888
9781249213895
9781249213901
9781249213918
9781249213925
9781249213932
9781249213956
9781249213963
9781249213970
9781249213987
9781249213994
9781249214007
9781249214014
9781249214021
9781249214038
9781249214045
9781249214052
9781249214069
9781249214076
9781249214083
9781249214090
9781249214106
9781249214113
9781249214120
9781249214137
9781249214144
9781249214151
9781249214168
9781249214175
9781249214182
9781249214199
9781249214212
9781249214229
9781249214236
9781249214243
9781249214250
9781249214267
9781249214274
9781249214281
9781249214298
9781249214304
9781249214335
9781249214342
9781249214359
9781249214366
9781249214373
9781249214380
9781249214397
9781249214410
9781249214427
9781249214434
9781249214441
9781249214458
9781249214465
9781249214472
9781249214489
9781249214496
9781249214502
9781249214519
9781249214526
9781249214533
9781249214540
9781249214557
9781249214564
9781249214571
9781249214588
9781249214595
9781249214601
9781249214618
9781249214625
9781249214632
9781249214649
9781249214656
9781249214663
9781249214670
9781249214687
9781249214694
9781249214700
9781249214717
9781249214724
9781249214731
9781249214748
9781249214755
9781249214762
9781249214779
9781249214786
9781249214793
9781249214809
9781249214816
9781249214823
9781249214830
9781249214847
9781249214854
9781249214861
9781249214878
9781249214885
9781249214892
9781249214908
9781249214915
9781249214922
9781249214939
9781249214946
9781249214953
9781249214960
9781249214977
9781249214984
9781249214991
9781249215004
9781249215011
9781249215028
9781249215035
9781249215042
9781249215059
9781249215066
9781249215073
9781249215080
9781249215097
9781249215103
9781249215110
9781249215127
9781249215134
9781249215141
9781249215158
9781249215165
9781249215172
9781249215189
9781249215196
9781249215202
9781249215219
9781249215226
9781249215233
9781249215240
9781249215257
9781249215264
9781249215271
9781249215288
9781249215295
9781249215318
9781249215332
9781249215356
9781249215363
9781249215370
9781249215387
9781249215394
9781249215400
9781249215417
9781249215424
9781249215455
9781249215462
9781249215479
9781249215486
9781249215493
9781249215509
9781249215516
9781249215523
9781249215530
9781249215554
9781249215561
9781249215578
9781249215585
9781249215592
9781249215608
9781249215615
9781249215622
9781249215639
9781249215646
9781249215653
9781249215660
9781249215677
9781249215684
9781249215691
9781249215714
9781249215721
9781249215745
9781249215752
9781249215776
9781249215783
9781249215790
9781249215806
9781249215813
9781249215851
9781249215875
9781249215882
9781249215899
9781249215905
9781249215912
9781249215929
9781249215936
9781249215943
9781249215967
9781249215981
9781249216001
9781249216018
9781249216025
9781249216032
9781249216049
9781249216056
9781249216063
9781249216070
9781249216094
9781249216100
9781249216117
9781249216124
9781249216131
9781249216148
9781249216155
9781249216162
9781249216179
9781249216186
9781249216193
9781249216209
9781249216216
9781249216223
9781249216230
9781249216247
9781249216254
9781249216261
9781249216278
9781249216285
9781249216292
9781249216308
9781249216315
9781249216322
9781249216339
9781249216346
9781249216353
9781249216360
9781249216377
9781249216384
9781249216391
9781249216407
9781249216414
9781249216421
9781249216452
9781249216469
9781249216476
9781249216483
9781249216490
9781249216506
9781249216513
9781249216520
9781249216544
9781249216551
9781249216568
9781249216575
9781249216582
9781249216599
9781249216605
9781249216612
9781249216629
9781249216636
9781249216643
9781249216650
9781249216667
9781249216674
9781249216681
9781249216698
9781249216704
9781249216711
9781249216728
9781249216735
9781249216742
9781249216759
9781249216766
9781249216773
9781249216780
9781249216797
9781249216810
9781249216827
9781249216834
9781249216841
9781249216858
9781249216865
9781249216872
9781249216889
9781249216896
9781249216902
9781249216919
9781249216926
9781249216933
9781249216940
9781249216957
9781249216964
9781249216971
9781249216988
9781249216995
9781249217008
9781249217015
9781249217022
9781249217039
9781249217046
9781249217053
9781249217060
9781249217077
9781249217084
9781249217091
9781249217107
9781249217121
9781249217138
9781249217145
9781249217152
9781249217169
9781249217176
9781249217183
9781249217190
9781249217206
9781249217213
9781249217220
9781249217237
9781249217244
9781249217251
9781249217268
9781249217275
9781249217282
9781249217299
9781249217305
9781249217312
9781249217329
9781249217336
9781249217343
9781249217350
9781249217367
9781249217374
9781249217381
9781249217398
9781249217404
9781249217411
9781249217428
9781249217442
9781249217466
9781249217473
9781249217480
9781249217497
9781249217503
9781249217510
9781249217527
9781249217534
9781249217541
9781249217558
9781249217565
9781249217572
9781249217589
9781249217596
9781249217602
9781249217619
9781249217626
9781249217633
9781249217640
9781249217657
9781249217664
9781249217671
9781249217688
9781249217695
9781249217701
9781249217718
9781249217725
9781249217732
9781249217749
9781249217756
9781249217763
9781249217770
9781249217787
9781249217794
9781249217800
9781249217824
9781249217831
9781249217848
9781249217855
9781249217862
9781249217879
9781249217886
9781249217893
9781249217909
9781249217916
9781249217923
9781249217930
9781249217947
9781249217954
9781249217961
9781249217978
9781249217985
9781249218005
9781249218012
9781249218029
9781249218036
9781249218043
9781249218050
9781249218067
9781249218074
9781249218081
9781249218098
9781249218104
9781249218111
9781249218128
9781249218142
9781249218159
9781249218166
9781249218173
9781249218180
9781249218197
9781249218203
9781249218210
9781249218227
9781249218234
9781249218241
9781249218258
9781249218265
9781249218272
9781249218289
9781249218296
9781249218302
9781249218319
9781249218326
9781249218333
9781249218340
9781249218357
9781249218364
9781249218371
9781249218388
9781249218395
9781249218401
9781249218418
9781249218425
9781249218432
9781249218449
9781249218456
9781249218463
9781249218470
9781249218487
9781249218494
9781249218500
9781249218517
9781249218524
9781249218531
9781249218548
9781249218555
9781249218562
9781249218579
9781249218586
9781249218593
9781249218609
9781249218616
9781249218623
9781249218630
9781249218647
9781249218654
9781249218661
9781249218678
9781249218685
9781249218708
9781249218715
9781249218739
9781249218784
9781249218807
9781249218814
9781249218852
9781249218869
9781249218876
9781249218913
9781249218920
9781249218944
9781249218951
9781249218968
9781249218975
9781249218982
9781249218999
9781249219002
9781249219019
9781249219026
9781249219033
9781249219040
9781249219057
9781249219064
9781249219071
9781249219088
9781249219101
9781249219118
9781249219125
9781249219132
9781249219149
9781249219156
9781249219163
9781249219170
9781249219187
9781249219194
9781249219200
9781249219217
9781249219224
9781249219231
9781249219248
9781249219255
9781249219262
9781249219279
9781249219286
9781249219293
9781249219309
9781249219316
9781249219323
9781249219330
9781249219347
9781249219354
9781249219361
9781249219378
9781249219385
9781249219392
9781249219408
9781249219415
9781249219422
9781249219439
9781249219446
9781249219460
9781249219477
9781249219484
9781249219491
9781249219507
9781249219514
9781249219521
9781249219538
9781249219545
9781249219552
9781249219569
9781249219576
9781249219583
9781249219590
9781249219606
9781249219613
9781249219620
9781249219637
9781249219644
9781249219651
9781249219668
9781249219675
9781249219682
9781249219699
9781249219705
9781249219712
9781249219729
9781249219736
9781249219743
9781249219750
9781249219767
9781249219774
9781249219781
9781249219798
9781249219804
9781249219811
9781249219828
9781249219835
9781249219842
9781249219859
9781249219866
9781249219873
9781249219880
9781249219897
9781249219903
9781249219927
9781249219934
9781249219941
9781249219958
9781249219965
9781249219972
9781249219989
9781249219996
9781249220008
9781249220015
9781249220022
9781249220039
9781249220046
9781249220053
9781249220060
9781249220077
9781249220084
9781249220091
9781249220107
9781249220114
9781249220121
9781249220138
9781249220145
9781249220152
9781249220169
9781249220176
9781249220183
9781249220190
9781249220206
9781249220213
9781249220220
9781249220237
9781249220244
9781249220251
9781249220268
9781249220275
9781249220282
9781249220299
9781249220305
9781249220312
9781249220329
9781249220336
9781249220343
9781249220350
9781249220367
9781249220374
9781249220381
9781249220404
9781249220411
9781249220428
9781249220435
9781249220442
9781249220459
9781249220466
9781249220473
9781249220480
9781249220497
9781249220503
9781249220510
9781249220527
9781249220534
9781249220541
9781249220558
9781249220565
9781249220572
9781249220589
9781249220596
9781249220602
9781249220619
9781249220626
9781249220633
9781249220640
9781249220657
9781249220664
9781249220671
9781249220688
9781249220695
9781249220701
9781249220718
9781249220725
9781249220732
9781249220749
9781249220763
9781249220770
9781249220787
9781249220794
9781249220800
9781249220817
9781249220824
9781249220831
9781249220848
9781249220855
9781249220862
9781249220879
9781249220886
9781249220893
9781249220909
9781249220916
9781249220923
9781249220930
9781249220947
9781249220954
9781249220961
9781249220978
9781249220985
9781249220992
9781249221005
9781249221012
9781249221029
9781249221036
9781249221043
9781249221050
9781249221067
9781249221074
9781249221081
9781249221098
9781249221104
9781249221111
9781249221128
9781249221135
9781249221142
9781249221159
9781249221166
9781249221173
9781249221180
9781249221203
9781249221210
9781249221227
9781249221234
9781249221241
9781249221258
9781249221265
9781249221272
9781249221289
9781249221296
9781249221302
9781249221319
9781249221326
9781249221333
9781249221340
9781249221357
9781249221364
9781249221371
9781249221388
9781249221401
9781249221418
9781249221425
9781249221432
9781249221449
9781249221456
9781249221463
9781249221470
9781249221487
9781249221494
9781249221500
9781249221517
9781249221524
9781249221531
9781249221548
9781249221555
9781249221562
9781249221579
9781249221586
9781249221593
9781249221609
9781249221616
9781249221623
9781249221630
9781249221647
9781249221654
9781249221661
9781249221678
9781249221685
9781249221692
9781249221708
9781249221715
9781249221722
9781249221746
9781249221753
9781249221760
9781249221777
9781249221784
9781249221791
9781249221807
9781249221814
9781249221821
9781249221838
9781249221845
9781249221852
9781249221869
9781249221876
9781249221883
9781249221890
9781249221913
9781249221920
9781249221937
9781249221944
9781249221951
9781249221968
9781249221975
9781249221982
9781249221999
9781249222002
9781249222019
9781249222026
9781249222033
9781249222040
9781249222057
9781249222064
9781249222071
9781249222088
9781249222095
9781249222101
9781249222118
9781249222125
9781249222132
9781249222149
9781249222156
9781249222163
9781249222170
9781249222187
9781249222194
9781249222200
9781249222217
9781249222224
9781249222231
9781249222248
9781249222255
9781249222262
9781249222279
9781249222286
9781249222293
9781249222309
9781249222316
9781249222323
9781249222330
9781249222347
9781249222354
9781249222361
9781249222378
9781249222385
9781249222392
9781249222408
9781249222415
9781249222422
9781249222439
9781249222446
9781249222453
9781249222460
9781249222477
9781249222484
9781249222491
9781249222507
9781249222514
9781249222521
9781249222538
9781249222545
9781249222569
9781249222576
9781249222583
9781249222590
9781249222606
9781249222613
9781249222620
9781249222637
9781249222644
9781249222651
9781249222668
9781249222675
9781249222682
9781249222699
9781249222705
9781249222712
9781249222729
9781249222736
9781249222743
9781249222750
9781249222767
9781249222774
9781249222781
9781249222798
9781249222804
9781249222828
9781249222835
9781249222842
9781249222859
9781249222866
9781249222873
9781249222880
9781249222897
9781249222903
9781249222910
9781249222927
9781249222934
9781249222941
9781249222958
9781249222965
9781249222972
9781249222989
9781249222996
9781249223016
9781249223023
9781249223030
9781249223047
9781249223054
9781249223061
9781249223078
9781249223085
9781249223092
9781249223108
9781249223115
9781249223122
9781249223139
9781249223146
9781249223153
9781249223160
9781249223177
9781249223184
9781249223191
9781249223207
9781249223214
9781249223221
9781249223238
9781249223245
9781249223252
9781249223269
9781249223276
9781249223283
9781249223290
9781249223313
9781249223320
9781249223337
9781249223344
9781249223368
9781249223375
9781249223382
9781249223399
9781249223405
9781249223412
9781249223429
9781249223443
9781249223450
9781249223467
9781249223474
9781249223481
9781249223498
9781249223504
9781249223511
9781249223528
9781249223535
9781249223542
9781249223559
9781249223566
9781249223573
9781249223580
9781249223597
9781249223603
9781249223610
9781249223627
9781249223634
9781249223641
9781249223658
9781249223665
9781249223672
9781249223689
9781249223696
9781249223702
9781249223719
9781249223726
9781249223733
9781249223740
9781249223757
9781249223764
9781249223771
9781249223795
9781249223801
9781249223818
9781249223825
9781249223832
9781249223849
9781249223856
9781249223863
9781249223870
9781249223887
9781249223894
9781249223900
9781249223917
9781249223924
9781249223931
9781249223948
9781249223955
9781249223962
9781249223979
9781249223986
9781249223993
9781249224013
9781249224037
9781249224044
9781249224051
9781249224068
9781249224075
9781249224082
9781249224099
9781249224105
9781249224112
9781249224129
9781249224136
9781249224143
9781249224150
9781249224167
9781249224174
9781249224181
9781249224198
9781249224204
9781249224211
9781249224228
9781249224235
9781249224242
9781249224259
9781249224266
9781249224273
9781249224280
9781249224297
9781249224303
9781249224310
9781249224327
9781249224334
9781249224341
9781249224358
9781249224365
9781249224372
9781249224389
9781249224396
9781249224402
9781249224419
9781249224426
9781249224433
9781249224440
9781249224457
9781249224464
9781249224471
9781249224488
9781249224495
9781249224501
9781249224518
9781249224525
9781249224532
9781249224549
9781249224556
9781249224563
9781249224570
9781249224587
9781249224594
9781249224600
9781249224617
9781249224631
9781249224648
9781249224662
9781249224679
9781249224686
9781249224693
9781249224709
9781249224716
9781249224730
9781249224747
9781249224754
9781249224761
9781249224778
9781249224785
9781249224792
9781249224808
9781249224815
9781249224822
9781249224839
9781249224846
9781249224853
9781249224860
9781249224877
9781249224884
9781249224907
9781249224914
9781249224921
9781249224938
9781249224945
9781249224952
9781249224976
9781249224983
9781249224990
9781249225003
9781249225010
9781249225034
9781249225058
9781249225065
9781249225072
9781249225089
9781249225102
9781249225119
9781249225140
9781249225157
9781249225164
9781249225171
9781249225188
9781249225195
9781249225218
9781249225232
9781249225249
9781249225256
9781249225263
9781249225270
9781249225287
9781249225294
9781249225300
9781249225317
9781249225324
9781249225331
9781249225348
9781249225355
9781249225362
9781249225379
9781249225393
9781249225416
9781249225423
9781249225447
9781249225461
9781249225478
9781249225485
9781249225492
9781249225515
9781249225522
9781249225546
9781249225553
9781249225560
9781249225577
9781249225584
9781249225591
9781249225607
9781249225614
9781249225638
9781249225645
9781249225676
9781249225683
9781249225690
9781249225713
9781249225737
9781249225751
9781249225768
9781249225775
9781249225799
9781249225805
9781249225812
9781249225829
9781249225836
9781249225843
9781249225850
9781249225867
9781249225881
9781249225898
9781249225904
9781249225928
9781249225935
9781249225942
9781249225959
9781249225966
9781249225973
9781249225980
9781249225997
9781249226000
9781249226017
9781249226024
9781249226031
9781249226048
9781249226055
9781249226062
9781249226079
9781249226086
9781249226093
9781249226109
9781249226116
9781249226123
9781249226130
9781249226147
9781249226154
9781249226161
9781249226178
9781249226185
9781249226192
9781249226208
9781249226215
9781249226222
9781249226239
9781249226246
9781249226253
9781249226260
9781249226277
9781249226284
9781249226291
9781249226307
9781249226314
9781249226321
9781249226338
9781249226345
9781249226352
9781249226369
9781249226376
9781249226383
9781249226390
9781249226406
9781249226413
9781249226420
9781249226437
9781249226451
9781249226468
9781249226475
9781249226482
9781249226499
9781249226505
9781249226512
9781249226529
9781249226536
9781249226543
9781249226550
9781249226567
9781249226574
9781249226581
9781249226598
9781249226604
9781249226611
9781249226628
9781249226635
9781249226642
9781249226659
9781249226666
9781249226673
9781249226680
9781249226703
9781249226710
9781249226727
9781249226734
9781249226741
9781249226758
9781249226765
9781249226772
9781249226789
9781249226796
9781249226802
9781249226819
9781249226826
9781249226833
9781249226840
9781249226857
9781249226864
9781249226871
9781249226888
9781249226895
9781249226901
9781249226918
9781249226925
9781249226932
9781249226949
9781249226956
9781249226963
9781249226970
9781249226987
9781249226994
9781249227007
9781249227014
9781249227021
9781249227038
9781249227045
9781249227052
9781249227069
9781249227076
9781249227083
9781249227090
9781249227106
9781249227113
9781249227120
9781249227137
9781249227144
9781249227151
9781249227168
9781249227175
9781249227182
9781249227199
9781249227205
9781249227212
9781249227229
9781249227236
9781249227243
9781249227250
9781249227267
9781249227274
9781249227281
9781249227304
9781249227311
9781249227328
9781249227335
9781249227342
9781249227359
9781249227366
9781249227373
9781249227380
9781249227397
9781249227403
9781249227410
9781249227427
9781249227434
9781249227441
9781249227458
9781249227465
9781249227472
9781249227489
9781249227496
9781249227502
9781249227519
9781249227526
9781249227533
9781249227540
9781249227557
9781249227564
9781249227571
9781249227595
9781249227601
9781249227618
9781249227625
9781249227632
9781249227649
9781249227656
9781249227663
9781249227670
9781249227687
9781249227694
9781249227700
9781249227717
9781249227724
9781249227731
9781249227748
9781249227755
9781249227762
9781249227779
9781249227786
9781249227793
9781249227809
9781249227816
9781249227830
9781249227847
9781249227854
9781249227861
9781249227878
9781249227885
9781249227892
9781249227908
9781249227915
9781249227922
9781249227939
9781249227946
9781249227953
9781249227960
9781249227977
9781249227984
9781249227991
9781249228004
9781249228011
9781249228028
9781249228035
9781249228042
9781249228059
9781249228066
9781249228073
9781249228080
9781249228097
9781249228103
9781249228110
9781249228127
9781249228134
9781249228141
9781249228158
9781249228165
9781249228172
9781249228189
9781249228196
9781249228202
9781249228219
9781249228226
9781249228233
9781249228240
9781249228257
9781249228264
9781249228271
9781249228288
9781249228295
9781249228301
9781249228318
9781249228325
9781249228349
9781249228356
9781249228363
9781249228370
9781249228387
9781249228394
9781249228400
9781249228417
9781249228424
9781249228431
9781249228448
9781249228455
9781249228462
9781249228479
9781249228486
9781249228493
9781249228516
9781249228523
9781249228530
9781249228547
9781249228554
9781249228561
9781249228585
9781249228592
9781249228608
9781249228622
9781249228639
9781249228646
9781249228653
9781249228660
9781249228677
9781249228691
9781249228707
9781249228714
9781249228721
9781249228738
9781249228745
9781249228752
9781249228769
9781249228776
9781249228783
9781249228790
9781249228806
9781249228813
9781249228820
9781249228837
9781249228844
9781249228851
9781249228868
9781249228875
9781249228882
9781249228899
9781249228905
9781249228912
9781249228929
9781249228936
9781249228943
9781249228950
9781249228967
9781249228974
9781249228981
9781249228998
9781249229001
9781249229018
9781249229025
9781249229032
9781249229049
9781249229056
9781249229063
9781249229070
9781249229087
9781249229094
9781249229100
9781249229117
9781249229124
9781249229131
9781249229148
9781249229179
9781249229193
9781249229216
9781249229223
9781249229230
9781249229247
9781249229261
9781249229285
9781249229292
9781249229322
9781249229339
9781249229377
9781249229391
9781249229407
9781249229414
9781249229421
9781249229438
9781249229445
9781249229483
9781249229490
9781249229513
9781249229520
9781249229537
9781249229544
9781249229551
9781249229575
9781249229582
9781249229599
9781249229605
9781249229612
9781249229629
9781249229636
9781249229643
9781249229650
9781249229667
9781249229674
9781249229681
9781249229698
9781249229704
9781249229711
9781249229728
9781249229735
9781249229742
9781249229759
9781249229766
9781249229773
9781249229780
9781249229810
9781249229827
9781249229834
9781249229858
9781249229889
9781249229902
9781249229919
9781249229926
9781249229933
9781249229957
9781249229964
9781249229988
9781249229995
9781249230007
9781249230014
9781249230021
9781249230038
9781249230052
9781249230069
9781249230076
9781249230113
9781249230120
9781249230137
9781249230144
9781249230175
9781249230182
9781249230212
9781249230250
9781249230274
9781249230281
9781249230304
9781249230328
9781249230335
9781249230342
9781249230366
9781249230397
9781249230403
9781249230410
9781249230427
9781249230434
9781249230458
9781249230465
9781249230472
9781249230489
9781249230496
9781249230502
9781249230519
9781249230533
9781249230540
9781249230557
9781249230588
9781249230595
9781249230632
9781249230649
9781249230670
9781249230700
9781249230717
9781249230724
9781249230731
9781249230748
9781249230755
9781249230762
9781249230779
9781249230786
9781249230793
9781249230809
9781249230816
9781249230823
9781249230830
9781249230847
9781249230854
9781249230861
9781249230878
9781249230953
9781249230960
9781249230984
9781249231011
9781249231028
9781249231042
9781249231059
9781249231066
9781249231073
9781249231103
9781249231110
9781249231127
9781249231134
9781249231141
9781249231172
9781249231219
9781249231233
9781249231240
9781249231264
9781249231325
9781249231349
9781249231363
9781249231370
9781249231387
9781249231394
9781249231400
9781249231417
9781249231431
9781249231448
9781249231455
9781249231462
9781249231509
9781249231516
9781249231523
9781249231530
9781249231547
9781249231554
9781249231561
9781249231578
9781249231585
9781249231592
9781249231608
9781249231622
9781249231639
9781249231646
9781249231653
9781249231660
9781249231677
9781249231684
9781249231691
9781249231707
9781249231714
9781249231721
9781249231738
9781249231745
9781249231752
9781249231769
9781249231776
9781249231790
9781249231813
9781249231851
9781249231868
9781249231875
9781249231936
9781249231943
9781249231950
9781249231967
9781249231974
9781249231981
9781249231998
9781249232001
9781249232018
9781249232032
9781249232056
9781249232063
9781249232087
9781249232117
9781249232131
9781249232148
9781249232179
9781249232186
9781249232193
9781249232209
9781249232223
9781249232278
9781249232308
9781249232322
9781249232353
9781249232384
9781249232391
9781249232407
9781249232421
9781249232438
9781249232445
9781249232469
9781249232476
9781249232483
9781249232513
9781249232520
9781249232544
9781249232551
9781249232582
9781249232605
9781249232612
9781249232629
9781249232650
9781249232667
9781249232674
9781249232681
9781249232711
9781249232728
9781249232735
9781249232742
9781249232759
9781249232766
9781249232773
9781249232780
9781249232797
9781249232803
9781249232810
9781249232827
9781249232834
9781249232841
9781249232858
9781249232865
9781249232872
9781249232889
9781249232896
9781249232902
9781249232919
9781249232926
9781249232933
9781249232940
9781249232957
9781249232964
9781249232971
9781249232995
9781249233022
9781249233046
9781249233077
9781249233084
9781249233152
9781249233190
9781249233206
9781249233213
9781249233220
9781249233237
9781249233244
9781249233268
9781249233282
9781249233305
9781249233343
9781249233350
9781249233374
9781249233381
9781249233398
9781249233411
9781249233428
9781249233435
9781249233442
9781249233459
9781249233473
9781249233480
9781249233497
9781249233527
9781249233534
9781249233541
9781249233558
9781249233589
9781249233596
9781249233602
9781249233619
9781249233626
9781249233633
9781249233664
9781249233688
9781249233695
9781249233701
9781249233718
9781249233725
9781249233732
9781249233749
9781249233756
9781249233763
9781249233770
9781249233787
9781249233794
9781249233800
9781249233817
9781249233824
9781249233848
9781249233855
9781249233862
9781249233879
9781249233886
9781249233893
9781249233909
9781249233916
9781249233923
9781249233930
9781249233947
9781249233954
9781249233961
9781249233978
9781249233985
9781249233992
9781249234005
9781249234012
9781249234029
9781249234067
9781249234081
9781249234098
9781249234104
9781249234128
9781249234135
9781249234142
9781249234159
9781249234166
9781249234173
9781249234180
9781249234197
9781249234227
9781249234265
9781249234272
9781249234302
9781249234319
9781249234333
9781249234357
9781249234388
9781249234395
9781249234401
9781249234425
9781249234487
9781249234524
9781249234555
9781249234586
9781249234623
9781249234654
9781249234678
9781249234722
9781249234739
9781249234746
9781249234784
9781249234814
9781249234821
9781249234838
9781249234845
9781249234852
9781249234869
9781249234890
9781249234906
9781249234913
9781249234920
9781249234937
9781249234944
9781249234951
9781249234982
9781249234999
9781249235002
9781249235019
9781249235026
9781249235040
9781249235132
9781249235170
9781249235194
9781249235200
9781249235255
9781249235262
9781249235286
9781249235293
9781249235309
9781249235316
9781249235323
9781249235330
9781249235347
9781249235354
9781249235361
9781249235385
9781249235392
9781249235415
9781249235460
9781249235484
9781249235491
9781249235507
9781249235538
9781249235545
9781249235576
9781249235590
9781249235606
9781249235613
9781249235620
9781249235637
9781249235644
9781249235651
9781249235675
9781249235699
9781249235743
9781249235767
9781249235774
9781249235781
9781249235798
9781249235804
9781249235811
9781249235828
9781249235835
9781249235842
9781249235859
9781249235866
9781249235873
9781249235880
9781249235897
9781249235903
9781249235910
9781249235927
9781249235934
9781249235941
9781249235958
9781249235965
9781249235972
9781249235989
9781249235996
9781249236009
9781249236023
9781249236030
9781249236047
9781249236054
9781249236061
9781249236085
9781249236092
9781249236108
9781249236115
9781249236122
9781249236139
9781249236160
9781249236177
9781249236191
9781249236207
9781249236238
9781249236245
9781249236252
9781249236276
9781249236306
9781249236313
9781249236320
9781249236351
9781249236375
9781249236382
9781249236399
9781249236405
9781249236412
9781249236436
9781249236443
9781249236450
9781249236467
9781249236474
9781249236481
9781249236498
9781249236511
9781249236528
9781249236535
9781249236542
9781249236559
9781249236566
9781249236573
9781249236597
9781249236603
9781249236627
9781249236634
9781249236641
9781249236665
9781249236696
9781249236702
9781249236719
9781249236726
9781249236733
9781249236757
9781249236764
9781249236771
9781249236788
9781249236801
9781249236825
9781249236832
9781249236849
9781249236856
9781249236863
9781249236870
9781249236887
9781249236894
9781249236900
9781249236917
9781249236924
9781249236931
9781249236948
9781249236955
9781249236979
9781249236986
9781249237006
9781249237013
9781249237068
9781249237075
9781249237082
9781249237099
9781249237105
9781249237112
9781249237136
9781249237143
9781249237167
9781249237174
9781249237181
9781249237198
9781249237211
9781249237228
9781249237235
9781249237242
9781249237259
9781249237266
9781249237273
9781249237297
9781249237310
9781249237358
9781249237365
9781249237372
9781249237389
9781249237396
9781249237402
9781249237426
9781249237440
9781249237464
9781249237471
9781249237488
9781249237501
9781249237518
9781249237525
9781249237532
9781249237549
9781249237556
9781249237563
9781249237594
9781249237600
9781249237617
9781249237624
9781249237631
9781249237648
9781249237655
9781249237662
9781249237679
9781249237693
9781249237709
9781249237716
9781249237723
9781249237747
9781249237754
9781249237761
9781249237778
9781249237785
9781249237792
9781249237808
9781249237815
9781249237822
9781249237839
9781249237853
9781249237860
9781249237891
9781249237914
9781249237921
9781249237938
9781249237945
9781249237952
9781249237969
9781249237976
9781249237983
9781249237990
9781249238003
9781249238010
9781249238027
9781249238034
9781249238041
9781249238058
9781249238065
9781249238072
9781249238089
9781249238096
9781249238102
9781249238119
9781249238126
9781249238133
9781249238164
9781249238171
9781249238188
9781249238225
9781249238249
9781249238256
9781249238263
9781249238270
9781249238287
9781249238294
9781249238331
9781249238348
9781249238355
9781249238393
9781249238409
9781249238423
9781249238430
9781249238454
9781249238478
9781249238485
9781249238492
9781249238508
9781249238515
9781249238522
9781249238539
9781249238553
9781249238560
9781249238577
9781249238584
9781249238591
9781249238607
9781249238614
9781249238621
9781249238645
9781249238652
9781249238669
9781249238676
9781249238713
9781249238720
9781249238737
9781249238751
9781249238768
9781249238775
9781249238782
9781249238799
9781249238812
9781249238829
9781249238836
9781249238843
9781249238850
9781249238867
9781249238874
9781249238881
9781249238898
9781249238904
9781249238911
9781249238928
9781249238935
9781249238942
9781249238959
9781249238966
9781249238973
9781249238980
9781249238997
9781249239000
9781249239017
9781249239024
9781249239031
9781249239048
9781249239055
9781249239062
9781249239079
9781249239086
9781249239093
9781249239109
9781249239116
9781249239123
9781249239130
9781249239147
9781249239154
9781249239161
9781249239178
9781249239185
9781249239192
9781249239208
9781249239215
9781249239222
9781249239239
9781249239246
9781249239253
9781249239260
9781249239277
9781249239284
9781249239291
9781249239314
9781249239321
9781249239352
9781249239369
9781249239383
9781249239406
9781249239413
9781249239437
9781249239444
9781249239468
9781249239475
9781249239482
9781249239499
9781249239505
9781249239536
9781249239550
9781249239567
9781249239598
9781249239611
9781249239628
9781249239635
9781249239642
9781249239659
9781249239673
9781249239697
9781249239703
9781249239710
9781249239727
9781249239772
9781249239789
9781249239819
9781249239826
9781249239833
9781249239840
9781249239857
9781249239864
9781249239871
9781249239888
9781249239895
9781249239918
9781249239932
9781249239949
9781249239956
9781249239963
9781249239970
9781249239987
9781249239994
9781249240006
9781249240013
9781249240037
9781249240044
9781249240051
9781249240068
9781249240075
9781249240082
9781249240099
9781249240105
9781249240112
9781249240129
9781249240136
9781249240143
9781249240150
9781249240167
9781249240174
9781249240181
9781249240198
9781249240204
9781249240211
9781249240228
9781249240235
9781249240242
9781249240259
9781249240266
9781249240273
9781249240280
9781249240297
9781249240303
9781249240310
9781249240334
9781249240341
9781249240358
9781249240365
9781249240396
9781249240402
9781249240457
9781249240464
9781249240488
9781249240495
9781249240501
9781249240525
9781249240549
9781249240556
9781249240570
9781249240587
9781249240594
9781249240600
9781249240617
9781249240631
9781249240648
9781249240662
9781249240679
9781249240686
9781249240693
9781249240709
9781249240716
9781249240730
9781249240747
9781249240754
9781249240778
9781249240785
9781249240792
9781249240808
9781249240815
9781249240822
9781249240846
9781249240853
9781249240877
9781249240884
9781249240907
9781249240914
9781249240921
9781249240983
9781249241003
9781249241010
9781249241027
9781249241041
9781249241058
9781249241065
9781249241072
9781249241089
9781249241096
9781249241102
9781249241119
9781249241126
9781249241133
9781249241140
9781249241157
9781249241164
9781249241171
9781249241188
9781249241195
9781249241201
9781249241225
9781249241232
9781249241249
9781249241256
9781249241263
9781249241270
9781249241287
9781249241294
9781249241300
9781249241324
9781249241331
9781249241355
9781249241362
9781249241386
9781249241393
9781249241409
9781249241416
9781249241423
9781249241430
9781249241447
9781249241454
9781249241478
9781249241485
9781249241508
9781249241515
9781249241522
9781249241546
9781249241553
9781249241560
9781249241577
9781249241591
9781249241614
9781249241621
9781249241645
9781249241669
9781249241676
9781249241683
9781249241690
9781249241706
9781249241713
9781249241720
9781249241737
9781249241768
9781249241775
9781249241782
9781249241799
9781249241805
9781249241812
9781249241829
9781249241836
9781249241843
9781249241867
9781249241874
9781249241881
9781249241904
9781249241911
9781249241928
9781249241935
9781249241942
9781249241959
9781249241966
9781249241973
9781249241980
9781249241997
9781249242000
9781249242017
9781249242024
9781249242031
9781249242048
9781249242055
9781249242079
9781249242086
9781249242093
9781249242109
9781249242116
9781249242123
9781249242130
9781249242147
9781249242154
9781249242161
9781249242178
9781249242185
9781249242192
9781249242215
9781249242222
9781249242239
9781249242246
9781249242253
9781249242260
9781249242277
9781249242284
9781249242291
9781249242307
9781249242314
9781249242321
9781249242338
9781249242345
9781249242352
9781249242369
9781249242376
9781249242383
9781249242390
9781249242406
9781249242413
9781249242420
9781249242437
9781249242444
9781249242451
9781249242468
9781249242475
9781249242482
9781249242499
9781249242505
9781249242512
9781249242529
9781249242536
9781249242543
9781249242550
9781249242567
9781249242574
9781249242581
9781249242598
9781249242604
9781249242611
9781249242628
9781249242635
9781249242642
9781249242659
9781249242666
9781249242673
9781249242680
9781249242697
9781249242703
9781249242710
9781249242727
9781249242734
9781249242741
9781249242758
9781249242765
9781249242772
9781249242789
9781249242796
9781249242802
9781249242819
9781249242826
9781249242833
9781249242840
9781249242857
9781249242864
9781249242871
9781249242888
9781249242895
9781249242901
9781249242918
9781249242925
9781249242932
9781249242949
9781249242956
9781249242963
9781249242970
9781249242987
9781249242994
9781249243007
9781249243014
9781249243021
9781249243038
9781249243045
9781249243069
9781249243076
9781249243083
9781249243090
9781249243106
9781249243113
9781249243120
9781249243137
9781249243144
9781249243151
9781249243168
9781249243175
9781249243182
9781249243199
9781249243205
9781249243212
9781249243229
9781249243236
9781249243243
9781249243250
9781249243267
9781249243274
9781249243281
9781249243298
9781249243304
9781249243311
9781249243328
9781249243335
9781249243342
9781249243359
9781249243366
9781249243373
9781249243380
9781249243397
9781249243403
9781249243410
9781249243427
9781249243434
9781249243441
9781249243458
9781249243465
9781249243472
9781249243489
9781249243496
9781249243502
9781249243519
9781249243526
9781249243533
9781249243540
9781249243557
9781249243564
9781249243571
9781249243588
9781249243595
9781249243601
9781249243618
9781249243625
9781249243632
9781249243649
9781249243656
9781249243663
9781249243670
9781249243687
9781249243694
9781249243700
9781249243717
9781249243724
9781249243731
9781249243748
9781249243755
9781249243762
9781249243779
9781249243786
9781249243793
9781249243809
9781249243816
9781249243823
9781249243830
9781249243847
9781249243854
9781249243861
9781249243878
9781249243885
9781249243892
9781249243908
9781249243915
9781249243922
9781249243939
9781249243946
9781249243953
9781249243960
9781249243977
9781249243984
9781249243991
9781249244004
9781249244011
9781249244028
9781249244035
9781249244042
9781249244059
9781249244066
9781249244073
9781249244080
9781249244097
9781249244103
9781249244110
9781249244127
9781249244134
9781249244141
9781249244158
9781249244165
9781249244172
9781249244189
9781249244196
9781249244202
9781249244219
9781249244226
9781249244233
9781249244240
9781249244257
9781249244264
9781249244271
9781249244288
9781249244295
9781249244301
9781249244318
9781249244325
9781249244332
9781249244349
9781249244356
9781249244363
9781249244370
9781249244387
9781249244394
9781249244400
9781249244417
9781249244424
9781249244431
9781249244448
9781249244455
9781249244462
9781249244479
9781249244486
9781249244493
9781249244509
9781249244523
9781249244561
9781249244585
9781249244592
9781249244608
9781249244615
9781249244622
9781249244639
9781249244646
9781249244653
9781249244660
9781249244677
9781249244684
9781249244691
9781249244707
9781249244714
9781249244721
9781249244738
9781249244745
9781249244752
9781249244776
9781249244783
9781249244790
9781249244806
9781249244813
9781249244820
9781249244837
9781249244844
9781249244851
9781249244868
9781249244875
9781249244882
9781249244899
9781249244905
9781249244912
9781249244929
9781249244936
9781249244943
9781249244950
9781249244967
9781249244974
9781249244981
9781249245001
9781249245018
9781249245049
9781249245056
9781249245063
9781249245070
9781249245087
9781249245094
9781249245100
9781249245117
9781249245124
9781249245131
9781249245148
9781249245155
9781249245162
9781249245179
9781249245186
9781249245193
9781249245209
9781249245216
9781249245223
9781249245230
9781249245247
9781249245261
9781249245278
9781249245285
9781249245292
9781249245308
9781249245315
9781249245339
9781249245346
9781249245353
9781249245360
9781249245377
9781249245384
9781249245407
9781249245414
9781249245421
9781249245438
9781249245445
9781249245452
9781249245469
9781249245476
9781249245483
9781249245490
9781249245506
9781249245513
9781249245520
9781249245537
9781249245544
9781249245551
9781249245568
9781249245575
9781249245582
9781249245599
9781249245605
9781249245612
9781249245629
9781249245636
9781249245643
9781249245650
9781249245667
9781249245674
9781249245681
9781249245698
9781249245704
9781249245711
9781249245728
9781249245735
9781249245742
9781249245759
9781249245766
9781249245773
9781249245780
9781249245797
9781249245803
9781249245810
9781249245827
9781249245834
9781249245841
9781249245858
9781249245865
9781249245872
9781249245889
9781249245896
9781249245902
9781249245957
9781249245964
9781249245971
9781249245988
9781249245995
9781249246008
9781249246015
9781249246022
9781249246039
9781249246046
9781249246053
9781249246060
9781249246077
9781249246084
9781249246091
9781249246107
9781249246114
9781249246121
9781249246138
9781249246145
9781249246152
9781249246169
9781249246176
9781249246183
9781249246190
9781249246206
9781249246213
9781249246220
9781249246237
9781249246244
9781249246251
9781249246268
9781249246275
9781249246282
9781249246299
9781249246305
9781249246312
9781249246329
9781249246336
9781249246343
9781249246350
9781249246367
9781249246374
9781249246381
9781249246398
9781249246404
9781249246411
9781249246428
9781249246435
9781249246442
9781249246459
9781249246466
9781249246473
9781249246480
9781249246497
9781249246503
9781249246510
9781249246527
9781249246534
9781249246541
9781249246558
9781249246565
9781249246572
9781249246589
9781249246596
9781249246619
9781249246626
9781249246633
9781249246640
9781249246657
9781249246671
9781249246688
9781249246695
9781249246701
9781249246718
9781249246725
9781249246732
9781249246749
9781249246756
9781249246763
9781249246770
9781249246787
9781249246794
9781249246800
9781249246817
9781249246824
9781249246831
9781249246848
9781249246855
9781249246862
9781249246879
9781249246886
9781249246893
9781249246909
9781249246916
9781249246923
9781249246930
9781249246947
9781249246954
9781249246961
9781249246978
9781249246985
9781249246992
9781249247005
9781249247012
9781249247029
9781249247036
9781249247043
9781249247050
9781249247067
9781249247074
9781249247081
9781249247098
9781249247128
9781249247159
9781249247180
9781249247197
9781249247203
9781249247210
9781249247227
9781249247234
9781249247241
9781249247258
9781249247265
9781249247272
9781249247289
9781249247296
9781249247302
9781249247319
9781249247326
9781249247333
9781249247340
9781249247357
9781249247371
9781249247388
9781249247395
9781249247401
9781249247418
9781249247425
9781249247432
9781249247449
9781249247456
9781249247463
9781249247470
9781249247487
9781249247494
9781249247500
9781249247517
9781249247524
9781249247531
9781249247548
9781249247555
9781249247562
9781249247579
9781249247586
9781249247593
9781249247609
9781249247616
9781249247623
9781249247647
9781249247654
9781249247661
9781249247678
9781249247685
9781249247692
9781249247708
9781249247715
9781249247722
9781249247739
9781249247746
9781249247753
9781249247760
9781249247777
9781249247784
9781249247791
9781249247807
9781249247814
9781249247838
9781249247845
9781249247869
9781249247876
9781249247883
9781249247890
9781249247906
9781249247913
9781249247920
9781249247937
9781249247944
9781249247951
9781249247968
9781249247975
9781249247982
9781249247999
9781249248002
9781249248019
9781249248026
9781249248033
9781249248040
9781249248057
9781249248064
9781249248071
9781249248088
9781249248095
9781249248101
9781249248118
9781249248125
9781249248132
9781249248149
9781249248156
9781249248163
9781249248170
9781249248187
9781249248194
9781249248200
9781249248217
9781249248224
9781249248231
9781249248248
9781249248255
9781249248262
9781249248279
9781249248286
9781249248293
9781249248309
9781249248316
9781249248323
9781249248330
9781249248347
9781249248354
9781249248361
9781249248378
9781249248385
9781249248392
9781249248408
9781249248415
9781249248422
9781249248439
9781249248446
9781249248453
9781249248460
9781249248477
9781249248484
9781249248491
9781249248507
9781249248514
9781249248521
9781249248538
9781249248545
9781249248552
9781249248569
9781249248576
9781249248583
9781249248590
9781249248606
9781249248613
9781249248620
9781249248637
9781249248644
9781249248651
9781249248668
9781249248675
9781249248682
9781249248699
9781249248705
9781249248712
9781249248729
9781249248736
9781249248743
9781249248750
9781249248767
9781249248774
9781249248781
9781249248798
9781249248804
9781249248811
9781249248828
9781249248835
9781249248842
9781249248859
9781249248866
9781249248873
9781249248880
9781249248897
9781249248910
9781249248927
9781249248934
9781249248941
9781249248958
9781249248965
9781249248972
9781249248989
9781249248996
9781249249009
9781249249016
9781249249023
9781249249030
9781249249047
9781249249054
9781249249061
9781249249078
9781249249085
9781249249092
9781249249108
9781249249252
9781249249269
9781249249276
9781249249283
9781249249290
9781249249306
9781249249313
9781249249320
9781249249337
9781249249344
9781249249351
9781249249368
9781249249375
9781249249382
9781249249405
9781249249429
9781249249436
9781249249443
9781249249450
9781249249467
9781249249474
9781249249481
9781249249498
9781249249511
9781249249528
9781249249535
9781249249542
9781249249559
9781249249566
9781249249573
9781249249580
9781249249597
9781249249603
9781249249610
9781249249627
9781249249634
9781249249641
9781249249658
9781249249672
9781249249689
9781249249696
9781249249702
9781249249726
9781249249733
9781249249757
9781249249764
9781249249771
9781249249788
9781249249795
9781249249801
9781249249818
9781249249825
9781249249832
9781249249849
9781249249856
9781249249863
9781249249870
9781249249887
9781249249900
9781249249924
9781249249948
9781249249955
9781249249979
9781249249986
9781249249993
9781249250005
9781249250012
9781249250029
9781249250036
9781249250050
9781249250074
9781249250081
9781249250098
9781249250104
9781249250111
9781249250128
9781249250142
9781249250159
9781249250166
9781249250173
9781249250180
9781249250197
9781249250210
9781249250227
9781249250234
9781249250241
9781249250258
9781249250265
9781249250272
9781249250289
9781249250296
9781249250302
9781249250319
9781249250326
9781249250333
9781249250340
9781249250357
9781249250364
9781249250371
9781249250388
9781249250395
9781249250418
9781249250425
9781249250432
9781249250449
9781249250456
9781249250463
9781249250470
9781249250487
9781249250494
9781249250517
9781249250524
9781249250531
9781249250548
9781249250555
9781249250562
9781249250586
9781249250609
9781249250616
9781249250623
9781249250630
9781249250647
9781249250685
9781249250692
9781249250708
9781249250715
9781249250722
9781249250739
9781249250746
9781249250753
9781249250760
9781249250777
9781249250784
9781249250791
9781249250807
9781249250814
9781249250821
9781249250838
9781249250845
9781249250852
9781249250869
9781249250876
9781249250883
9781249250890
9781249250906
9781249250913
9781249250920
9781249250937
9781249250944
9781249250951
9781249250968
9781249250975
9781249250982
9781249250999
9781249251002
9781249251019
9781249251026
9781249251033
9781249251040
9781249251057
9781249251064
9781249251071
9781249251088
9781249251095
9781249251101
9781249251118
9781249251125
9781249251132
9781249251149
9781249251156
9781249251163
9781249251170
9781249251187
9781249251194
9781249251200
9781249251217
9781249251224
9781249251231
9781249251248
9781249251255
9781249251262
9781249251279
9781249251286
9781249251293
9781249251309
9781249251316
9781249251323
9781249251330
9781249251347
9781249251354
9781249251361
9781249251378
9781249251385
9781249251392
9781249251408
9781249251415
9781249251422
9781249251439
9781249251446
9781249251453
9781249251460
9781249251477
9781249251484
9781249251491
9781249251507
9781249251514
9781249251521
9781249251538
9781249251545
9781249251552
9781249251569
9781249251576
9781249251583
9781249251590
9781249251606
9781249251613
9781249251620
9781249251637
9781249251644
9781249251651
9781249251668
9781249251675
9781249251682
9781249251699
9781249251705
9781249251729
9781249251736
9781249251743
9781249251750
9781249251767
9781249251774
9781249251781
9781249251798
9781249251804
9781249251811
9781249251828
9781249251835
9781249251842
9781249251859
9781249251866
9781249251873
9781249251880
9781249251897
9781249251903
9781249251910
9781249251927
9781249251934
9781249251941
9781249251958
9781249251965
9781249251972
9781249251989
9781249251996
9781249252009
9781249252016
9781249252023
9781249252030
9781249252047
9781249252054
9781249252061
9781249252078
9781249252085
9781249252092
9781249252108
9781249252115
9781249252122
9781249252139
9781249252146
9781249252153
9781249252160
9781249252177
9781249252184
9781249252191
9781249252207
9781249252214
9781249252221
9781249252238
9781249252245
9781249252252
9781249252269
9781249252276
9781249252283
9781249252290
9781249252306
9781249252313
9781249252320
9781249252337
9781249252344
9781249252351
9781249252368
9781249252375
9781249252382
9781249252399
9781249252405
9781249252412
9781249252429
9781249252436
9781249252443
9781249252450
9781249252467
9781249252474
9781249252481
9781249252498
9781249252504
9781249252511
9781249252528
9781249252535
9781249252542
9781249252559
9781249252566
9781249252573
9781249252580
9781249252597
9781249252603
9781249252610
9781249252627
9781249252634
9781249252641
9781249252658
9781249252665
9781249252672
9781249252689
9781249252696
9781249252702
9781249252719
9781249252726
9781249252740
9781249252757
9781249252764
9781249252788
9781249252795
9781249252801
9781249252818
9781249252825
9781249252832
9781249252856
9781249252863
9781249252870
9781249252887
9781249252894
9781249252900
9781249252917
9781249252924
9781249252931
9781249252948
9781249252955
9781249252962
9781249252979
9781249252986
9781249252993
9781249253006
9781249253013
9781249253020
9781249253037
9781249253044
9781249253051
9781249253068
9781249253075
9781249253082
9781249253099
9781249253105
9781249253112
9781249253129
9781249253136
9781249253143
9781249253150
9781249253167
9781249253211
9781249253228
9781249253235
9781249253242
9781249253259
9781249253266
9781249253273
9781249253280
9781249253297
9781249253303
9781249253310
9781249253327
9781249253334
9781249253341
9781249253358
9781249253365
9781249253372
9781249253389
9781249253396
9781249253402
9781249253419
9781249253426
9781249253433
9781249253440
9781249253457
9781249253464
9781249253471
9781249253488
9781249253495
9781249253501
9781249253518
9781249253525
9781249253532
9781249253549
9781249253556
9781249253563
9781249253570
9781249253587
9781249253594
9781249253600
9781249253617
9781249253624
9781249253631
9781249253648
9781249253655
9781249253662
9781249253679
9781249253686
9781249253693
9781249253709
9781249253716
9781249253723
9781249253730
9781249253747
9781249253754
9781249253761
9781249253778
9781249253785
9781249253792
9781249253808
9781249253815
9781249253822
9781249253839
9781249253846
9781249253853
9781249253860
9781249253877
9781249253884
9781249253891
9781249253907
9781249253914
9781249253921
9781249253938
9781249253945
9781249253952
9781249253969
9781249253976
9781249253983
9781249253990
9781249254003
9781249254010
9781249254027
9781249254034
9781249254041
9781249254058
9781249254065
9781249254072
9781249254089
9781249254096
9781249254102
9781249254119
9781249254126
9781249254133
9781249254140
9781249254157
9781249254164
9781249254171
9781249254188
9781249254195
9781249254201
9781249254218
9781249254225
9781249254232
9781249254249
9781249254256
9781249254263
9781249254270
9781249254287
9781249254294
9781249254300
9781249254317
9781249254324
9781249254331
9781249254348
9781249254355
9781249254362
9781249254379
9781249254386
9781249254393
9781249254409
9781249254416
9781249254423
9781249254430
9781249254447
9781249254454
9781249254461
9781249254478
9781249254485
9781249254492
9781249254508
9781249254515
9781249254522
9781249254539
9781249254546
9781249254553
9781249254560
9781249254577
9781249254584
9781249254591
9781249254607
9781249254614
9781249254621
9781249254638
9781249254645
9781249254652
9781249254669
9781249254676
9781249254683
9781249254690
9781249254706
9781249254713
9781249254720
9781249254737
9781249254744
9781249254751
9781249254768
9781249254775
9781249254782
9781249254799
9781249254805
9781249254812
9781249254829
9781249254836
9781249254843
9781249254850
9781249254867
9781249254874
9781249254881
9781249254898
9781249254904
9781249254911
9781249254928
9781249254935
9781249254942
9781249254959
9781249254966
9781249254973
9781249254980
9781249254997
9781249255000
9781249255017
9781249255024
9781249255031
9781249255048
9781249255055
9781249255062
9781249255079
9781249255086
9781249255093
9781249255109
9781249255116
9781249255123
9781249255130
9781249255147
9781249255154
9781249255161
9781249255178
9781249255185
9781249255192
9781249255208
9781249255215
9781249255222
9781249255239
9781249255253
9781249255260
9781249255277
9781249255284
9781249255291
9781249255307
9781249255314
9781249255321
9781249255338
9781249255345
9781249255352
9781249255369
9781249255376
9781249255383
9781249255390
9781249255406
9781249255413
9781249255420
9781249255437
9781249255444
9781249255451
9781249255468
9781249255475
9781249255482
9781249255499
9781249255505
9781249255512
9781249255529
9781249255536
9781249255543
9781249255550
9781249255567
9781249255574
9781249255581
9781249255598
9781249255604
9781249255611
9781249255628
9781249255635
9781249255642
9781249255659
9781249255666
9781249255673
9781249255680
9781249255697
9781249255703
9781249255710
9781249255727
9781249255734
9781249255741
9781249255758
9781249255765
9781249255772
9781249255789
9781249255796
9781249255802
9781249255819
9781249255826
9781249255833
9781249255840
9781249255857
9781249255864
9781249255871
9781249255888
9781249255895
9781249255901
9781249255918
9781249255925
9781249255932
9781249255949
9781249255956
9781249255963
9781249255970
9781249255987
9781249255994
9781249256007
9781249256014
9781249256021
9781249256038
9781249256045
9781249256052
9781249256069
9781249256076
9781249256083
9781249256090
9781249256106
9781249256113
9781249256120
9781249256137
9781249256144
9781249256151
9781249256168
9781249256175
9781249256182
9781249256199
9781249256205
9781249256212
9781249256229
9781249256236
9781249256243
9781249256250
9781249256267
9781249256274
9781249256281
9781249256298
9781249256304
9781249256311
9781249256328
9781249256335
9781249256342
9781249256359
9781249256366
9781249256373
9781249256380
9781249256397
9781249256403
9781249256410
9781249256427
9781249256434
9781249256441
9781249256458
9781249256465
9781249256472
9781249256489
9781249256496
9781249256502
9781249256519
9781249256526
9781249256533
9781249256540
9781249256557
9781249256564
9781249256571
9781249256588
9781249256595
9781249256601
9781249256618
9781249256625
9781249256632
9781249256649
9781249256656
9781249256663
9781249256670
9781249256687
9781249256694
9781249256700
9781249256755
9781249256762
9781249256779
9781249256786
9781249256793
9781249256809
9781249256816
9781249256823
9781249256830
9781249256847
9781249256854
9781249256861
9781249256878
9781249256885
9781249256892
9781249256908
9781249256915
9781249256922
9781249256939
9781249256946
9781249256953
9781249256960
9781249256977
9781249256984
9781249256991
9781249257004
9781249257011
9781249257028
9781249257035
9781249257042
9781249257059
9781249257066
9781249257073
9781249257097
9781249257103
9781249257110
9781249257127
9781249257134
9781249257141
9781249257158
9781249257165
9781249257172
9781249257189
9781249257196
9781249257202
9781249257219
9781249257226
9781249257233
9781249257240
9781249257257
9781249257264
9781249257271
9781249257288
9781249257295
9781249257301
9781249257318
9781249257325
9781249257332
9781249257349
9781249257356
9781249257363
9781249257370
9781249257387
9781249257394
9781249257400
9781249257417
9781249257424
9781249257431
9781249257448
9781249257455
9781249257462
9781249257479
9781249257486
9781249257493
9781249257509
9781249257516
9781249257523
9781249257530
9781249257547
9781249257554
9781249257561
9781249257578
9781249257585
9781249257592
9781249257608
9781249257615
9781249257622
9781249257639
9781249257646
9781249257653
9781249257660
9781249257677
9781249257684
9781249257691
9781249257707
9781249257714
9781249257721
9781249257738
9781249257745
9781249257752
9781249257769
9781249257776
9781249257783
9781249257790
9781249257806
9781249257813
9781249257837
9781249257844
9781249257851
9781249257868
9781249257875
9781249257882
9781249257899
9781249257905
9781249257929
9781249257936
9781249257943
9781249257950
9781249257967
9781249257974
9781249257981
9781249257998
9781249258001
9781249258018
9781249258025
9781249258032
9781249258049
9781249258056
9781249258063
9781249258070
9781249258087
9781249258094
9781249258100
9781249258117
9781249258124
9781249258131
9781249258155
9781249258162
9781249258179
9781249258186
9781249258193
9781249258209
9781249258216
9781249258223
9781249258230
9781249258247
9781249258254
9781249258261
9781249258278
9781249258285
9781249258292
9781249258308
9781249258315
9781249258322
9781249258339
9781249258346
9781249258353
9781249258360
9781249258377
9781249258384
9781249258391
9781249258407
9781249258414
9781249258438
9781249258445
9781249258452
9781249258469
9781249258476
9781249258483
9781249258490
9781249258506
9781249258513
9781249258520
9781249258537
9781249258544
9781249258551
9781249258568
9781249258575
9781249258582
9781249258605
9781249258612
9781249258629
9781249258636
9781249258643
9781249258650
9781249258667
9781249258674
9781249258681
9781249258698
9781249258704
9781249258728
9781249258735
9781249258742
9781249258759
9781249258773
9781249258780
9781249258797
9781249258803
9781249258810
9781249258827
9781249258834
9781249258841
9781249258858
9781249258865
9781249258872
9781249258889
9781249258896
9781249258902
9781249258919
9781249258926
9781249258933
9781249258940
9781249258957
9781249258964
9781249258971
9781249258988
9781249258995
9781249259008
9781249259015
9781249259022
9781249259039
9781249259046
9781249259053
9781249259060
9781249259077
9781249259084
9781249259091
9781249259107
9781249259114
9781249259121
9781249259138
9781249259145
9781249259152
9781249259169
9781249259176
9781249259183
9781249259190
9781249259206
9781249259213
9781249259220
9781249259237
9781249259244
9781249259251
9781249259268
9781249259275
9781249259282
9781249259299
9781249259305
9781249259312
9781249259329
9781249259336
9781249259343
9781249259350
9781249259367
9781249259374
9781249259381
9781249259398
9781249259404
9781249259411
9781249259428
9781249259435
9781249259442
9781249259459
9781249259466
9781249259473
9781249259480
9781249259497
9781249259503
9781249259510
9781249259527
9781249259534
9781249259541
9781249259558
9781249259565
9781249259572
9781249259589
9781249259596
9781249259602
9781249259619
9781249259626
9781249259633
9781249259671
9781249259688
9781249259695
9781249259701
9781249259718
9781249259725
9781249259732
9781249259749
9781249259756
9781249259763
9781249259770
9781249259787
9781249259794
9781249259800
9781249259817
9781249259824
9781249259831
9781249259848
9781249259855
9781249259862
9781249259879
9781249259886
9781249259893
9781249259909
9781249259916
9781249259923
9781249259930
9781249259947
9781249259954
9781249259961
9781249259978
9781249259985
9781249259992
9781249260004
9781249260011
9781249260028
9781249260035
9781249260042
9781249260059
9781249260066
9781249260073
9781249260080
9781249260097
9781249260103
9781249260110
9781249260127
9781249260134
9781249260141
9781249260158
9781249260165
9781249260172
9781249260189
9781249260196
9781249260202
9781249260219
9781249260226
9781249260233
9781249260240
9781249260257
9781249260264
9781249260271
9781249260288
9781249260295
9781249260301
9781249260318
9781249260325
9781249260332
9781249260349
9781249260356
9781249260363
9781249260370
9781249260387
9781249260394
9781249260400
9781249260417
9781249260424
9781249260431
9781249260448
9781249260455
9781249260462
9781249260479
9781249260486
9781249260493
9781249260509
9781249260523
9781249260530
9781249260547
9781249260554
9781249260561
9781249260578
9781249260585
9781249260592
9781249260608
9781249260615
9781249260622
9781249260639
9781249260646
9781249260653
9781249260660
9781249260677
9781249260684
9781249260691
9781249260707
9781249260714
9781249260721
9781249260738
9781249260745
9781249260752
9781249260769
9781249260776
9781249260783
9781249260790
9781249260806
9781249260813
9781249260820
9781249260837
9781249260844
9781249260851
9781249260868
9781249260875
9781249260882
9781249260899
9781249260905
9781249260912
9781249260929
9781249260936
9781249260943
9781249260950
9781249260967
9781249260974
9781249260981
9781249260998
9781249261001
9781249261018
9781249261025
9781249261032
9781249261049
9781249261056
9781249261063
9781249261070
9781249261087
9781249261094
9781249261100
9781249261117
9781249261124
9781249261131
9781249261148
9781249261155
9781249261162
9781249261179
9781249261186
9781249261193
9781249261209
9781249261216
9781249261223
9781249261230
9781249261247
9781249261254
9781249261278
9781249261292
9781249261308
9781249261315
9781249261322
9781249261339
9781249261346
9781249261353
9781249261360
9781249261384
9781249261391
9781249261407
9781249261421
9781249261438
9781249261445
9781249261452
9781249261469
9781249261476
9781249261483
9781249261490
9781249261506
9781249261513
9781249261520
9781249261537
9781249261544
9781249261551
9781249261568
9781249261575
9781249261582
9781249261599
9781249261605
9781249261612
9781249261629
9781249261636
9781249261643
9781249261650
9781249261667
9781249261674
9781249261681
9781249261698
9781249261704
9781249261711
9781249261728
9781249261759
9781249261766
9781249261773
9781249261780
9781249261797
9781249261803
9781249261810
9781249261827
9781249261834
9781249261841
9781249261858
9781249261865
9781249261872
9781249261889
9781249261896
9781249261902
9781249261919
9781249261926
9781249261933
9781249261940
9781249261957
9781249261964
9781249261988
9781249261995
9781249262008
9781249262015
9781249262022
9781249262039
9781249262046
9781249262053
9781249262060
9781249262077
9781249262084
9781249262091
9781249262107
9781249262114
9781249262121
9781249262138
9781249262145
9781249262152
9781249262169
9781249262176
9781249262183
9781249262206
9781249262213
9781249262220
9781249262237
9781249262244
9781249262251
9781249262275
9781249262282
9781249262299
9781249262305
9781249262312
9781249262329
9781249262336
9781249262343
9781249262350
9781249262367
9781249262374
9781249262381
9781249262398
9781249262404
9781249262411
9781249262428
9781249262435
9781249262442
9781249262459
9781249262466
9781249262473
9781249262480
9781249262497
9781249262503
9781249262510
9781249262527
9781249262534
9781249262541
9781249262558
9781249262565
9781249262572
9781249262589
9781249262596
9781249262602
9781249262619
9781249262626
9781249262633
9781249262640
9781249262664
9781249262718
9781249262725
9781249262749
9781249262756
9781249262787
9781249262831
9781249262848
9781249262855
9781249262893
9781249262909
9781249262916
9781249263029
9781249263043
9781249263050
9781249263098
9781249263104
9781249263128
9781249263142
9781249263159
9781249263166
9781249263173
9781249263234
9781249263258
9781249263265
9781249263272
9781249263289
9781249263326
9781249263333
9781249263340
9781249263357
9781249263364
9781249263371
9781249263388
9781249263395
9781249263401
9781249263432
9781249263449
9781249263456
9781249263463
9781249263470
9781249263500
9781249263517
9781249263524
9781249263531
9781249263555
9781249263562
9781249263579
9781249263586
9781249263593
9781249263616
9781249263623
9781249263630
9781249263647
9781249263654
9781249263661
9781249263678
9781249263685
9781249263692
9781249263708
9781249263715
9781249263722
9781249263739
9781249263746
9781249263753
9781249263760
9781249263777
9781249263784
9781249263791
9781249263807
9781249263814
9781249263821
9781249263838
9781249263845
9781249263852
9781249263869
9781249263876
9781249263883
9781249263890
9781249263906
9781249263913
9781249263920
9781249263937
9781249263944
9781249263951
9781249263968
9781249263975
9781249263982
9781249263999
9781249264002
9781249264019
9781249264026
9781249264033
9781249264040
9781249264057
9781249264064
9781249264071
9781249264088
9781249264101
9781249264118
9781249264125
9781249264132
9781249264149
9781249264156
9781249264163
9781249264170
9781249264187
9781249264194
9781249264200
9781249264217
9781249264224
9781249264248
9781249264255
9781249264262
9781249264279
9781249264286
9781249264293
9781249264309
9781249264316
9781249264323
9781249264330
9781249264347
9781249264354
9781249264361
9781249264378
9781249264385
9781249264392
9781249264408
9781249264415
9781249264422
9781249264439
9781249264446
9781249264453
9781249264460
9781249264477
9781249264484
9781249264491
9781249264507
9781249264514
9781249264521
9781249264538
9781249264545
9781249264552
9781249264569
9781249264576
9781249264583
9781249264590
9781249264606
9781249264613
9781249264620
9781249264637
9781249264644
9781249264651
9781249264668
9781249264675
9781249264682
9781249264699
9781249264705
9781249264712
9781249264729
9781249264736
9781249264743
9781249264750
9781249264767
9781249264774
9781249264781
9781249264798
9781249264804
9781249264811
9781249264828
9781249264835
9781249264842
9781249264859
9781249264866
9781249264873
9781249264880
9781249264897
9781249264903
9781249264910
9781249264927
9781249264934
9781249264941
9781249264958
9781249264965
9781249264972
9781249264989
9781249264996
9781249265009
9781249265016
9781249265023
9781249265030
9781249265047
9781249265054
9781249265061
9781249265078
9781249265085
9781249265092
9781249265108
9781249265115
9781249265122
9781249265139
9781249265146
9781249265153
9781249265160
9781249265177
9781249265184
9781249265214
9781249265221
9781249265238
9781249265245
9781249265252
9781249265269
9781249265276
9781249265283
9781249265313
9781249265320
9781249265337
9781249265344
9781249265351
9781249265368
9781249265375
9781249265382
9781249265399
9781249265405
9781249265412
9781249265429
9781249265450
9781249265467
9781249265474
9781249265481
9781249265504
9781249265511
9781249265528
9781249265535
9781249265542
9781249265559
9781249265566
9781249265573
9781249265580
9781249265597
9781249265610
9781249265627
9781249265634
9781249265641
9781249265665
9781249265672
9781249265689
9781249265696
9781249265702
9781249265719
9781249265740
9781249265863
9781249265917
9781249265924
9781249265931
9781249265948
9781249265955
9781249265962
9781249265979
9781249265986
9781249265993
9781249266006
9781249266013
9781249266020
9781249266037
9781249266044
9781249266051
9781249266068
9781249266075
9781249266082
9781249266099
9781249266105
9781249266112
9781249266129
9781249266136
9781249266143
9781249266150
9781249266167
9781249266174
9781249266181
9781249266198
9781249266204
9781249266211
9781249266228
9781249266235
9781249266242
9781249266259
9781249266266
9781249266273
9781249266280
9781249266297
9781249266303
9781249266310
9781249266327
9781249266334
9781249266341
9781249266358
9781249266365
9781249266372
9781249266389
9781249266396
9781249266402
9781249266419
9781249266426
9781249266433
9781249266440
9781249266457
9781249266464
9781249266471
9781249266488
9781249266495
9781249266501
9781249266518
9781249266525
9781249266532
9781249266549
9781249266556
9781249266563
9781249266570
9781249266587
9781249266594
9781249266600
9781249266617
9781249266624
9781249266631
9781249266648
9781249266655
9781249266662
9781249266679
9781249266686
9781249266693
9781249266709
9781249266716
9781249266723
9781249266730
9781249266747
9781249266754
9781249266761
9781249266778
9781249266785
9781249266792
9781249266808
9781249266815
9781249266822
9781249266839
9781249266846
9781249266853
9781249266860
9781249266877
9781249266884
9781249266891
9781249266907
9781249266914
9781249266921
9781249266938
9781249266945
9781249266952
9781249266969
9781249266976
9781249266983
9781249266990
9781249267003
9781249267010
9781249267027
9781249267034
9781249267041
9781249267058
9781249267065
9781249267072
9781249267089
9781249267096
9781249267102
9781249267119
9781249267126
9781249267133
9781249267140
9781249267157
9781249267164
9781249267171
9781249267188
9781249267195
9781249267201
9781249267218
9781249267225
9781249267232
9781249267249
9781249267256
9781249267263
9781249267270
9781249267287
9781249267294
9781249267300
9781249267317
9781249267324
9781249267331
9781249267348
9781249267355
9781249267362
9781249267379
9781249267386
9781249267409
9781249267416
9781249267423
9781249267430
9781249267447
9781249267454
9781249267461
9781249267478
9781249267485
9781249267492
9781249267508
9781249267515
9781249267522
9781249267539
9781249267560
9781249267577
9781249267584
9781249267591
9781249267607
9781249267614
9781249267621
9781249267638
9781249267645
9781249267652
9781249267669
9781249267676
9781249267683
9781249267690
9781249267706
9781249267713
9781249267720
9781249267737
9781249267744
9781249267751
9781249267768
9781249267775
9781249267782
9781249267799
9781249267812
9781249267829
9781249267836
9781249267843
9781249267850
9781249267867
9781249267874
9781249267881
9781249267898
9781249267904
9781249267911
9781249267928
9781249267935
9781249267942
9781249267959
9781249267966
9781249267973
9781249267980
9781249267997
9781249268000
9781249268017
9781249268024
9781249268031
9781249268048
9781249268055
9781249268062
9781249268079
9781249268086
9781249268093
9781249268109
9781249268116
9781249268123
9781249268130
9781249268147
9781249268154
9781249268161
9781249268178
9781249268185
9781249268192
9781249268208
9781249268215
9781249268222
9781249268239
9781249268246
9781249268253
9781249268260
9781249268277
9781249268284
9781249268291
9781249268307
9781249268314
9781249268321
9781249268338
9781249268345
9781249268352
9781249268369
9781249268376
9781249268383
9781249268390
9781249268406
9781249268413
9781249268420
9781249268437
9781249268444
9781249268451
9781249268468
9781249268475
9781249268482
9781249268499
9781249268505
9781249268512
9781249268529
9781249268536
9781249268543
9781249268550
9781249268567
9781249268574
9781249268581
9781249268598
9781249268604
9781249268611
9781249268628
9781249268635
9781249268642
9781249268659
9781249268666
9781249268673
9781249268697
9781249268703
9781249268727
9781249268734
9781249268741
9781249268758
9781249268765
9781249268772
9781249268796
9781249268819
9781249268826
9781249268833
9781249268857
9781249268864
9781249268871
9781249268888
9781249268895
9781249268901
9781249268918
9781249268925
9781249268949
9781249268963
9781249268970
9781249268987
9781249268994
9781249269007
9781249269014
9781249269021
9781249269045
9781249269052
9781249269076
9781249269083
9781249269090
9781249269106
9781249269120
9781249269137
9781249269144
9781249269151
9781249269168
9781249269175
9781249269182
9781249269199
9781249269212
9781249269229
9781249269236
9781249269243
9781249269250
9781249269267
9781249269274
9781249269281
9781249269298
9781249269304
9781249269311
9781249269328
9781249269335
9781249269342
9781249269359
9781249269366
9781249269373
9781249269380
9781249269397
9781249269403
9781249269410
9781249269427
9781249269434
9781249269441
9781249269458
9781249269465
9781249269472
9781249269489
9781249269496
9781249269502
9781249269519
9781249269526
9781249269533
9781249269540
9781249269557
9781249269564
9781249269571
9781249269588
9781249269595
9781249269618
9781249269625
9781249269632
9781249269649
9781249269670
9781249269687
9781249269694
9781249269700
9781249269717
9781249269731
9781249269748
9781249269755
9781249269762
9781249269779
9781249269786
9781249269793
9781249269809
9781249269816
9781249269823
9781249269830
9781249269847
9781249269854
9781249269861
9781249269878
9781249269885
9781249269892
9781249269908
9781249269915
9781249269939
9781249269946
9781249269953
9781249269960
9781249269977
9781249269984
9781249269991
9781249270010
9781249270027
9781249270034
9781249270041
9781249270065
9781249270089
9781249270102
9781249270119
9781249270133
9781249270140
9781249270157
9781249270164
9781249270171
9781249270188
9781249270195
9781249270201
9781249270225
9781249270232
9781249270249
9781249270256
9781249270263
9781249270287
9781249270294
9781249270300
9781249270324
9781249270331
9781249270348
9781249270362
9781249270393
9781249270416
9781249270423
9781249270430
9781249270447
9781249270454
9781249270461
9781249270478
9781249270485
9781249270492
9781249270508
9781249270515
9781249270522
9781249270539
9781249270546
9781249270553
9781249270560
9781249270577
9781249270584
9781249270591
9781249270607
9781249270614
9781249270621
9781249270638
9781249270645
9781249270652
9781249270669
9781249270676
9781249270683
9781249270690
9781249270706
9781249270713
9781249270720
9781249270737
9781249270744
9781249270751
9781249270768
9781249270775
9781249270782
9781249270799
9781249270812
9781249270829
9781249270836
9781249270843
9781249270850
9781249270867
9781249270874
9781249270881
9781249270898
9781249270904
9781249270911
9781249270928
9781249270935
9781249270942
9781249270959
9781249270966
9781249270973
9781249270980
9781249270997
9781249271000
9781249271017
9781249271024
9781249271031
9781249271048
9781249271055
9781249271062
9781249271079
9781249271086
9781249271093
9781249271109
9781249271116
9781249271123
9781249271130
9781249271147
9781249271154
9781249271161
9781249271178
9781249271185
9781249271192
9781249271208
9781249271215
9781249271222
9781249271239
9781249271246
9781249271253
9781249271260
9781249271277
9781249271284
9781249271291
9781249271307
9781249271314
9781249271321
9781249271338
9781249271345
9781249271352
9781249271369
9781249271376
9781249271383
9781249271390
9781249271406
9781249271413
9781249271420
9781249271437
9781249271444
9781249271451
9781249271468
9781249271475
9781249271482
9781249271499
9781249271505
9781249271512
9781249271529
9781249271536
9781249271543
9781249271550
9781249271567
9781249271574
9781249271581
9781249271598
9781249271604
9781249271611
9781249271628
9781249271635
9781249271642
9781249271659
9781249271666
9781249271673
9781249271680
9781249271697
9781249271703
9781249271710
9781249271727
9781249271734
9781249271741
9781249271758
9781249271765
9781249271772
9781249271789
9781249271796
9781249271802
9781249271819
9781249271826
9781249271833
9781249271840
9781249271857
9781249271864
9781249271871
9781249271888
9781249271895
9781249271901
9781249271918
9781249271925
9781249271932
9781249271949
9781249271956
9781249271963
9781249271970
9781249271987
9781249271994
9781249272007
9781249272014
9781249272021
9781249272038
9781249272045
9781249272052
9781249272069
9781249272076
9781249272083
9781249272090
9781249272106
9781249272113
9781249272120
9781249272137
9781249272144
9781249272151
9781249272168
9781249272175
9781249272182
9781249272199
9781249272205
9781249272212
9781249272229
9781249272236
9781249272243
9781249272250
9781249272267
9781249272274
9781249272281
9781249272298
9781249272304
9781249272311
9781249272328
9781249272335
9781249272342
9781249272359
9781249272366
9781249272373
9781249272380
9781249272397
9781249272403
9781249272410
9781249272427
9781249272434
9781249272441
9781249272458
9781249272465
9781249272472
9781249272489
9781249272496
9781249272502
9781249272519
9781249272526
9781249272533
9781249272540
9781249272557
9781249272564
9781249272571
9781249272588
9781249272595
9781249272601
9781249272618
9781249272625
9781249272632
9781249272649
9781249272656
9781249272663
9781249272670
9781249272687
9781249272694
9781249272700
9781249272717
9781249272724
9781249272731
9781249272748
9781249272755
9781249272762
9781249272779
9781249272786
9781249272793
9781249272809
9781249272816
9781249272823
9781249272830
9781249272847
9781249272854
9781249272861
9781249272878
9781249272885
9781249272892
9781249272908
9781249272915
9781249272922
9781249272939
9781249272946
9781249272953
9781249272960
9781249272977
9781249272984
9781249272991
9781249273004
9781249273011
9781249273035
9781249273042
9781249273059
9781249273066
9781249273073
9781249273080
9781249273097
9781249273103
9781249273110
9781249273127
9781249273134
9781249273141
9781249273158
9781249273165
9781249273172
9781249273189
9781249273196
9781249273202
9781249273219
9781249273233
9781249273240
9781249273257
9781249273264
9781249273271
9781249273288
9781249273295
9781249273301
9781249273318
9781249273325
9781249273332
9781249273349
9781249273356
9781249273363
9781249273370
9781249273387
9781249273394
9781249273400
9781249273417
9781249273424
9781249273431
9781249273448
9781249273455
9781249273462
9781249273479
9781249273486
9781249273493
9781249273509
9781249273516
9781249273523
9781249273530
9781249273547
9781249273554
9781249273561
9781249273578
9781249273585
9781249273592
9781249273608
9781249273615
9781249273622
9781249273639
9781249273646
9781249273653
9781249273660
9781249273677
9781249273684
9781249273691
9781249273707
9781249273714
9781249273721
9781249273738
9781249273745
9781249273752
9781249273769
9781249273776
9781249273783
9781249273790
9781249273806
9781249273813
9781249273820
9781249273837
9781249273844
9781249273851
9781249273868
9781249273875
9781249273882
9781249273899
9781249273905
9781249273912
9781249273936
9781249273943
9781249273950
9781249273967
9781249273974
9781249273981
9781249273998
9781249274001
9781249274018
9781249274025
9781249274032
9781249274049
9781249274056
9781249274063
9781249274070
9781249274087
9781249274094
9781249274100
9781249274124
9781249274148
9781249274155
9781249274162
9781249274179
9781249274209
9781249274223
9781249274230
9781249274261
9781249274278
9781249274285
9781249274292
9781249274315
9781249274346
9781249274353
9781249274360
9781249274377
9781249274384
9781249274391
9781249274407
9781249274414
9781249274421
9781249274438
9781249274452
9781249274469
9781249274476
9781249274483
9781249274506
9781249274513
9781249274520
9781249274537
9781249274551
9781249274568
9781249274582
9781249274599
9781249274612
9781249274629
9781249274636
9781249274643
9781249274650
9781249274667
9781249274674
9781249274681
9781249274698
9781249274728
9781249274735
9781249274742
9781249274759
9781249274766
9781249274773
9781249274797
9781249274803
9781249274810
9781249274827
9781249274841
9781249274858
9781249274865
9781249274872
9781249274889
9781249274896
9781249274902
9781249274919
9781249274933
9781249274940
9781249274957
9781249274964
9781249274971
9781249274988
9781249275022
9781249275039
9781249275046
9781249275053
9781249275060
9781249275077
9781249275084
9781249275091
9781249275107
9781249275121
9781249275145
9781249275152
9781249275169
9781249275183
9781249275190
9781249275206
9781249275213
9781249275220
9781249275237
9781249275244
9781249275251
9781249275268
9781249275275
9781249275282
9781249275299
9781249275305
9781249275312
9781249275329
9781249275336
9781249275343
9781249275350
9781249275367
9781249275374
9781249275381
9781249275398
9781249275404
9781249275428
9781249275435
9781249275442
9781249275459
9781249275466
9781249275473
9781249275497
9781249275510
9781249275541
9781249275558
9781249275565
9781249275695
9781249275770
9781249275794
9781249276128
9781249276272
9781249276340
9781249276494
9781249276517
9781249276654
9781249277408
9781249277422
9781249277514
9781249277521
9781249277538
9781249277545
9781249277552
9781249277569
9781249277576
9781249277590
9781249277606
9781249277613
9781249277620
9781249277637
9781249277644
9781249277651
9781249277668
9781249277675
9781249277682
9781249277699
9781249277705
9781249277712
9781249277729
9781249277736
9781249277743
9781249277750
9781249277767
9781249277774
9781249277781
9781249277798
9781249277804
9781249277811
9781249277828
9781249277835
9781249277842
9781249277859
9781249277866
9781249277873
9781249277880
9781249277897
9781249277903
9781249277910
9781249277927
9781249277934
9781249277958
9781249277965
9781249277972
9781249277989
9781249278009
9781249278016
9781249278023
9781249278030
9781249278047
9781249278054
9781249278085
9781249278115
9781249278245
9781249278276
9781249278283
9781249278290
9781249278306
9781249278337
9781249278351
9781249278375
9781249278399
9781249278603
9781249278702
9781249278832
9781249278962
9781249278986
9781249279129
9781249279259
9781249279327
9781249279587
9781249279600
9781249280439
9781249280750
9781249280774
9781249280781
9781249280804
9781249280811
9781249280828
9781249280835
9781249280842
9781249280859
9781249280880
9781249280910
9781249280927
9781249280934
9781249280958
9781249280965
9781249280972
9781249280989
9781249280996
9781249281009
9781249281016
9781249281023
9781249281030
9781249281047
9781249281054
9781249281061
9781249281078
9781249281085
9781249281092
9781249281108
9781249281115
9781249281122
9781249281139
9781249281146
9781249281177
9781249281184
9781249281191
9781249281207
9781249281214
9781249281221
9781249281238
9781249281306
9781249281313
9781249281320
9781249281337
9781249281344
9781249281368
9781249281375
9781249281382
9781249281399
9781249281672
9781249281719
9781249281733
9781249281740
9781249281788
9781249281818
9781249281825
9781249281832
9781249281849
9781249281856
9781249281863
9781249281870
9781249281887
9781249281894
9781249281900
9781249281917
9781249281931
9781249281948
9781249281955
9781249281979
9781249281986
9781249281993
9781249282006
9781249282013
9781249282020
9781249282037
9781249282044
9781249282051
9781249282068
9781249282075
9781249282082
9781249282099
9781249282105
9781249282112
9781249282129
9781249282136
9781249282143
9781249282150
9781249282167
9781249282174
9781249282181
9781249282198
9781249282204
9781249282211
9781249282228
9781249282235
9781249282242
9781249282259
9781249282266
9781249282273
9781249282280
9781249282297
9781249282303
9781249282310
9781249282327
9781249282334
9781249282341
9781249282365
9781249282372
9781249282389
9781249282396
9781249282402
9781249282419
9781249282426
9781249282433
9781249282457
9781249282518
9781249282525
9781249282532
9781249282549
9781249282556
9781249282563
9781249282587
9781249282594
9781249282600
9781249282655
9781249282662
9781249282679
9781249282686
9781249282716
9781249282730
9781249282747
9781249282754
9781249282761
9781249282778
9781249282785
9781249282792
9781249282808
9781249282815
9781249282839
9781249282853
9781249282860
9781249282884
9781249282907
9781249282921
9781249282938
9781249282952
9781249282976
9781249283003
9781249283034
9781249283041
9781249283065
9781249283072
9781249283089
9781249283119
9781249283126
9781249283133
9781249283157
9781249283171
9781249283188
9781249283195
9781249283201
9781249283218
9781249283225
9781249283232
9781249283256
9781249283263
9781249283270
9781249283287
9781249283294
9781249283317
9781249283324
9781249283331
9781249283348
9781249283379
9781249283393
9781249283409
9781249283416
9781249283423
9781249283430
9781249283454
9781249283461
9781249283485
9781249283492
9781249283515
9781249283522
9781249283539
9781249283546
9781249283560
9781249283577
9781249283584
9781249283591
9781249283607
9781249283621
9781249283638
9781249283645
9781249283652
9781249283690
9781249283706
9781249283720
9781249283744
9781249283751
9781249283768
9781249283782
9781249283805
9781249283812
9781249283836
9781249283850
9781249283874
9781249283881
9781249283898
9781249283904
9781249283911
9781249283935
9781249283959
9781249283966
9781249283973
9781249283980
9781249283997
9781249284000
9781249284017
9781249284055
9781249284062
9781249284079
9781249284086
9781249284093
9781249284109
9781249284123
9781249284130
9781249284147
9781249284154
9781249284161
9781249284185
9781249284192
9781249284208
9781249284215
9781249284222
9781249284239
9781249284246
9781249284253
9781249284260
9781249284277
9781249284284
9781249284291
9781249284307
9781249284314
9781249284345
9781249284352
9781249284369
9781249284376
9781249284383
9781249284390
9781249284406
9781249284420
9781249284437
9781249284444
9781249284499
9781249284505
9781249284512
9781249284529
9781249284536
9781249284543
9781249284550
9781249284567
9781249284574
9781249284598
9781249284604
9781249284628
9781249284635
9781249284673
9781249284697
9781249284703
9781249284710
9781249284727
9781249284734
9781249284741
9781249284765
9781249284772
9781249284789
9781249284796
9781249284802
9781249284826
9781249284833
9781249284840
9781249284857
9781249284864
9781249284871
9781249284895
9781249284901
9781249284925
9781249284932
9781249284949
9781249284956
9781249284970
9781249284987
9781249285007
9781249285014
9781249285021
9781249285038
9781249285052
9781249285069
9781249285076
9781249285083
9781249285090
9781249285106
9781249285113
9781249285137
9781249285144
9781249285151
9781249285175
9781249285182
9781249285199
9781249285205
9781249285212
9781249285229
9781249285243
9781249285250
9781249285267
9781249285274
9781249285304
9781249285311
9781249285342
9781249285366
9781249285380
9781249285397
9781249285410
9781249285434
9781249285441
9781249285458
9781249285465
9781249285472
9781249285489
9781249285496
9781249285502
9781249285519
9781249285526
9781249285533
9781249285540
9781249285557
9781249285571
9781249285588
9781249285595
9781249285601
9781249285618
9781249285625
9781249285632
9781249285649
9781249285656
9781249285670
9781249285687
9781249285717
9781249285724
9781249285731
9781249285748
9781249285755
9781249285762
9781249285779
9781249285786
9781249285793
9781249285809
9781249285816
9781249285823
9781249285854
9781249285861
9781249285878
9781249285908
9781249285922
9781249285946
9781249285984
9781249286035
9781249286042
9781249286059
9781249286066
9781249286073
9781249286097
9781249286110
9781249286134
9781249286141
9781249286165
9781249286189
9781249286196
9781249286202
9781249286226
9781249286233
9781249286240
9781249286288
9781249286295
9781249286301
9781249286325
9781249286332
9781249286356
9781249286363
9781249286387
9781249286394
9781249286400
9781249286417
9781249286424
9781249286431
9781249286448
9781249286455
9781249286462
9781249286486
9781249286516
9781249286523
9781249286547
9781249286554
9781249286561
9781249286585
9781249286608
9781249306924
9781249306931
9781249306955
9781249306986
9781249306993
9781249307006
9781249307020
9781249307037
9781249307068
9781249307112
9781249307129
9781249307150
9781249307174
9781249307211
9781249307228
9781249307235
9781249307242
9781249307259
9781249307266
9781249307303
9781249307310
9781249307327
9781249307341
9781249307358
9781249307389
9781249307396
9781249307402
9781249307440
9781249307693
9781249307754
9781249308324
9781249308331
9781249308348
9781249308393
9781249308416
9781249308423
9781249308447
9781249308638
9781249308645
9781249308652
9781249308669
9781249308676
9781249308744
9781249308935
9781249308942
9781249308959
9781249308966
9781249308973
9781249308980
9781249309000
9781249309017
9781249309024
9781249309031
9781249309048
9781249309055
9781249309062
9781249309086
9781249309109
9781249309116
9781249309123
9781249309130
9781249309147
9781249309154
9781249309161
9781249309178
9781249309185
9781249309192
9781249309208
9781249309215
9781249309222
9781249309246
9781249309253
9781249309260
9781249309277
9781249309284
9781249309291
9781249309307
9781249309314
9781249309321
9781249309338
9781249309352
9781249309369
9781249309376
9781249309383
9781249309390
9781249309406
9781249309413
9781249309420
9781249309437
9781249309444
9781249309451
9781249309468
9781249309482
9781249309499
9781249309505
9781249309512
9781249309529
9781249309536
9781249309543
9781249309550
9781249309567
9781249309574
9781249309581
9781249309598
9781249309604
9781249309611
9781249309628
9781249309635
9781249309642
9781249309659
9781249309666
9781249309673
9781249309680
9781249309697
9781249309703
9781249309710
9781249309727
9781249309734
9781249309741
9781249309758
9781249309765
9781249309772
9781249309789
9781249309796
9781249309802
9781249309819
9781249309826
9781249309833
9781249309840
9781249309864
9781249309888
9781249309895
9781249309901
9781249309918
9781249309925
9781249309932
9781249309949
9781249309956
9781249309963
9781249309970
9781249309987
9781249309994
9781249310006
9781249310013
9781249310020
9781249310037
9781249310044
9781249310051
9781249310068
9781249310075
9781249310082
9781249310099
9781249310105
9781249310112
9781249310129
9781249310136
9781249310143
9781249310150
9781249310181
9781249310198
9781249310204
9781249310211
9781249310228
9781249310242
9781249310259
9781249310266
9781249310273
9781249310280
9781249310303
9781249310310
9781249310327
9781249310334
9781249310341
9781249310358
9781249310365
9781249310372
9781249310389
9781249310396
9781249310419
9781249310426
9781249310433
9781249310440
9781249310457
9781249310464
9781249310471
9781249310488
9781249310501
9781249310525
9781249310563
9781249310570
9781249310594
9781249310600
9781249310617
9781249310631
9781249310648
9781249310655
9781249310662
9781249310679
9781249310686
9781249310693
9781249310709
9781249310716
9781249310723
9781249310730
9781249310747
9781249310754
9781249310761
9781249310778
9781249310785
9781249310792
9781249310839
9781249310846
9781249310853
9781249310860
9781249310877
9781249310884
9781249310891
9781249310938
9781249310945
9781249310976
9781249310983
9781249310990
9781249311010
9781249311027
9781249311034
9781249311058
9781249311065
9781249311089
9781249311102
9781249311119
9781249311126
9781249311133
9781249311140
9781249311157
9781249311164
9781249311171
9781249311188
9781249311195
9781249311218
9781249311225
9781249311232
9781249311249
9781249311256
9781249311263
9781249311270
9781249311294
9781249311324
9781249311348
9781249311362
9781249311379
9781249311386
9781249311393
9781249311409
9781249311416
9781249311423
9781249311430
9781249311447
9781249311454
9781249311461
9781249311478
9781249311485
9781249311508
9781249311515
9781249311522
9781249311539
9781249311546
9781249311553
9781249311560
9781249311577
9781249311584
9781249311591
9781249311607
9781249311614
9781249311621
9781249311638
9781249311645
9781249311652
9781249311669
9781249311676
9781249311683
9781249311706
9781249311713
9781249311720
9781249311737
9781249311751
9781249311775
9781249311782
9781249311829
9781249311843
9781249311850
9781249311881
9781249311904
9781249311911
9781249311935
9781249311959
9781249311966
9781249311973
9781249311980
9781249311997
9781249312000
9781249312017
9781249312024
9781249312031
9781249312048
9781249312055
9781249312062
9781249312079
9781249312093
9781249312109
9781249312116
9781249312123
9781249312130
9781249312147
9781249312178
9781249312185
9781249312192
9781249312208
9781249312215
9781249312222
9781249312246
9781249312253
9781249312260
9781249312277
9781249312284
9781249312314
9781249312321
9781249312338
9781249312345
9781249312598
9781249312604
9781249312611
9781249312628
9781249312635
9781249312659
9781249312666
9781249312673
9781249312680
9781249312703
9781249312710
9781249312727
9781249312734
9781249312741
9781249312758
9781249312765
9781249312772
9781249312789
9781249312796
9781249312826
9781249312840
9781249312857
9781249312864
9781249312888
9781249312895
9781249312901
9781249312918
9781249312925
9781249312932
9781249312949
9781249312956
9781249312963
9781249312970
9781249312987
9781249312994
9781249313007
9781249313014
9781249313021
9781249313038
9781249313045
9781249313052
9781249313069
9781249313076
9781249313083
9781249313090
9781249313106
9781249313113
9781249313120
9781249313137
9781249313144
9781249313151
9781249313168
9781249313175
9781249313182
9781249313199
9781249313205
9781249313212
9781249313229
9781249313236
9781249313243
9781249313250
9781249313267
9781249313274
9781249313281
9781249313298
9781249313304
9781249313311
9781249313328
9781249313335
9781249313342
9781249313359
9781249313366
9781249313373
9781249313380
9781249313397
9781249313403
9781249313410
9781249313427
9781249313434
9781249313441
9781249313458
9781249313465
9781249313472
9781249313489
9781249313496
9781249313502
9781249313519
9781249313526
9781249313533
9781249313540
9781249313557
9781249313564
9781249313588
9781249313595
9781249313601
9781249313618
9781249313625
9781249313632
9781249313649
9781249313656
9781249313663
9781249313670
9781249313687
9781249313694
9781249313700
9781249313717
9781249313724
9781249313731
9781249313748
9781249313755
9781249313762
9781249313779
9781249313786
9781249313793
9781249313809
9781249313816
9781249313823
9781249313830
9781249313847
9781249313854
9781249313861
9781249313878
9781249313885
9781249313892
9781249313908
9781249313915
9781249313922
9781249313939
9781249313946
9781249313953
9781249313960
9781249313977
9781249313984
9781249313991
9781249314004
9781249314011
9781249314028
9781249314035
9781249314042
9781249314059
9781249314066
9781249314073
9781249314080
9781249314097
9781249314103
9781249314110
9781249314127
9781249314134
9781249314141
9781249314158
9781249314165
9781249314172
9781249314189
9781249314196
9781249314202
9781249314219
9781249314226
9781249314233
9781249314240
9781249314257
9781249314264
9781249314271
9781249314288
9781249314295
9781249314301
9781249314318
9781249314325
9781249314332
9781249314349
9781249314356
9781249314363
9781249314370
9781249314387
9781249314394
9781249314400
9781249314424
9781249314431
9781249314448
9781249314455
9781249314462
9781249314479
9781249314486
9781249314493
9781249314509
9781249314516
9781249314523
9781249314530
9781249314547
9781249314554
9781249314561
9781249314578
9781249314585
9781249314592
9781249314608
9781249314615
9781249314622
9781249314639
9781249314646
9781249314653
9781249314660
9781249314677
9781249314684
9781249314691
9781249314707
9781249314714
9781249314721
9781249314738
9781249314745
9781249314752
9781249314769
9781249314776
9781249314783
9781249314790
9781249314806
9781249314813
9781249314820
9781249314837
9781249314844
9781249314851
9781249314868
9781249314875
9781249314882
9781249314899
9781249314905
9781249314912
9781249314929
9781249314936
9781249314943
9781249314950
9781249314967
9781249314974
9781249314981
9781249314998
9781249315001
9781249315018
9781249315025
9781249315032
9781249315049
9781249315056
9781249315063
9781249315070
9781249315094
9781249315100
9781249315117
9781249315124
9781249315131
9781249315148
9781249315155
9781249315179
9781249315186
9781249315193
9781249315209
9781249315216
9781249315223
9781249315230
9781249315247
9781249315254
9781249315261
9781249315278
9781249315285
9781249315292
9781249315308
9781249315315
9781249315322
9781249315339
9781249315346
9781249315353
9781249315360
9781249315377
9781249315384
9781249315391
9781249315407
9781249315414
9781249315421
9781249315438
9781249315445
9781249315452
9781249315469
9781249315476
9781249315483
9781249315490
9781249315506
9781249315513
9781249315520
9781249315537
9781249315544
9781249315551
9781249315568
9781249315575
9781249315582
9781249315599
9781249315605
9781249315612
9781249315629
9781249315636
9781249315643
9781249315650
9781249315667
9781249315674
9781249315681
9781249315698
9781249315704
9781249315711
9781249315728
9781249315735
9781249315742
9781249315759
9781249315780
9781249315797
9781249315803
9781249315810
9781249315834
9781249315841
9781249315858
9781249315896
9781249315919
9781249315933
9781249315988
9781249315995
9781249316008
9781249316015
9781249316053
9781249316060
9781249316077
9781249316084
9781249316091
9781249316107
9781249316114
9781249316121
9781249316138
9781249316145
9781249316152
9781249316169
9781249316176
9781249316183
9781249316190
9781249316206
9781249316213
9781249316220
9781249316237
9781249316244
9781249316251
9781249316268
9781249316282
9781249316312
9781249316329
9781249316428
9781249316510
9781249316527
9781249316534
9781249316602
9781249316619
9781249316626
9781249316886
9781249316893
9781249316909
9781249316930
9781249316947
9781249316961
9781249316978
9781249316985
9781249316992
9781249317005
9781249317012
9781249317029
9781249317036
9781249317050
9781249317067
9781249317074
9781249317081
9781249317098
9781249317104
9781249317111
9781249317128
9781249317135
9781249317142
9781249317159
9781249317166
9781249317173
9781249317180
9781249317197
9781249317203
9781249317210
9781249317227
9781249317234
9781249317241
9781249317258
9781249317265
9781249317272
9781249317289
9781249317296
9781249317302
9781249317326
9781249317333
9781249317357
9781249317364
9781249317425
9781249317432
9781249317449
9781249317463
9781249317685
9781249317722
9781249317746
9781249317753
9781249317784
9781249317791
9781249317814
9781249317821
9781249317838
9781249317852
9781249317883
9781249317906
9781249317920
9781249317944
9781249317968
9781249317975
9781249318002
9781249318026
9781249318033
9781249318057
9781249318088
9781249318101
9781249318118
9781249318163
9781249318187
9781249318217
9781249318248
9781249318255
9781249318262
9781249318286
9781249318316
9781249318330
9781249318347
9781249318354
9781249318361
9781249318385
9781249318392
9781249318415
9781249318446
9781249318453
9781249318460
9781249318477
9781249318484
9781249318491
9781249318507
9781249318514
9781249318521
9781249318538
9781249318545
9781249318583
9781249318590
9781249318606
9781249318613
9781249318620
9781249318637
9781249318644
9781249318651
9781249318668
9781249318675
9781249318699
9781249318750
9781249318910
9781249319092
9781249319177
9781249319184
9781249319405
9781249319535
9781249319580
9781249319597
9781249319603
9781249319610
9781249319627
9781249319634
9781249319658
9781249319665
9781249319672
9781249319689
9781249319696
9781249319702
9781249319719
9781249319726
9781249319733
9781249319740
9781249319757
9781249319764
9781249319771
9781249319788
9781249319795
9781249319801
9781249319818
9781249319825
9781249319832
9781249319849
9781249319856
9781249319863
9781249319870
9781249319887
9781249319894
9781249319900
9781249319917
9781249319924
9781249319931
9781249319948
9781249319955
9781249319962
9781249319979
9781249319986
9781249319993
9781249320005
9781249320012
9781249320036
9781249320043
9781249320050
9781249320067
9781249320081
9781249320098
9781249320104
9781249320111
9781249320128
9781249320142
9781249320159
9781249320166
9781249320173
9781249320180
9781249320197
9781249320203
9781249320210
9781249320227
9781249320234
9781249320241
9781249320258
9781249320265
9781249320272
9781249320289
9781249320296
9781249320302
9781249320319
9781249320326
9781249320333
9781249320340
9781249320357
9781249320364
9781249320371
9781249320388
9781249320395
9781249320401
9781249320418
9781249320425
9781249320432
9781249320449
9781249320456
9781249320463
9781249320470
9781249320487
9781249320494
9781249320500
9781249320517
9781249320524
9781249320531
9781249320548
9781249320555
9781249320562
9781249320579
9781249320586
9781249320593
9781249320609
9781249320616
9781249320623
9781249320630
9781249320647
9781249320654
9781249320661
9781249320678
9781249320685
9781249320692
9781249320708
9781249320715
9781249320722
9781249320739
9781249320746
9781249320753
9781249320760
9781249320777
9781249320784
9781249320791
9781249320807
9781249320814
9781249320821
9781249320838
9781249320845
9781249320852
9781249320869
9781249320876
9781249320883
9781249320890
9781249320906
9781249320913
9781249320920
9781249320937
9781249320944
9781249320951
9781249320968
9781249320975
9781249320982
9781249320999
9781249321002
9781249321019
9781249321026
9781249321033
9781249321040
9781249321057
9781249321064
9781249321071
9781249321088
9781249321095
9781249321101
9781249321118
9781249321125
9781249321132
9781249321149
9781249321156
9781249321163
9781249321170
9781249321187
9781249321194
9781249321200
9781249321217
9781249321224
9781249321231
9781249321248
9781249321255
9781249321262
9781249321279
9781249321286
9781249321293
9781249321309
9781249321316
9781249321323
9781249321330
9781249321347
9781249321354
9781249321361
9781249321378
9781249321385
9781249321392
9781249321408
9781249321415
9781249321422
9781249321439
9781249321446
9781249321453
9781249321460
9781249321477
9781249321484
9781249321491
9781249321507
9781249321514
9781249321521
9781249321538
9781249321545
9781249321576
9781249321583
9781249321590
9781249321606
9781249321613
9781249321620
9781249321637
9781249321644
9781249321651
9781249321668
9781249321675
9781249321705
9781249321712
9781249321736
9781249321743
9781249321750
9781249321767
9781249321774
9781249321798
9781249321804
9781249321811
9781249321835
9781249321842
9781249321866
9781249321873
9781249321880
9781249321897
9781249321903
9781249321910
9781249321927
9781249321934
9781249321941
9781249321958
9781249321965
9781249321972
9781249321989
9781249321996
9781249322009
9781249322016
9781249322023
9781249322030
9781249322047
9781249322054
9781249322061
9781249322078
9781249322085
9781249322092
9781249322108
9781249322115
9781249322122
9781249322139
9781249322146
9781249322153
9781249322160
9781249322177
9781249322184
9781249322191
9781249322207
9781249322214
9781249322221
9781249322238
9781249322245
9781249322252
9781249322269
9781249322276
9781249322283
9781249322290
9781249322306
9781249322313
9781249322320
9781249322337
9781249322344
9781249322351
9781249322368
9781249322375
9781249322382
9781249322399
9781249322405
9781249322412
9781249322429
9781249322436
9781249322443
9781249322450
9781249322467
9781249322474
9781249322481
9781249322498
9781249322504
9781249322511
9781249322528
9781249322535
9781249322542
9781249322559
9781249322566
9781249322573
9781249322580
9781249322597
9781249322603
9781249322610
9781249322627
9781249322634
9781249322641
9781249322658
9781249322665
9781249322672
9781249322689
9781249322696
9781249322702
9781249322719
9781249322726
9781249322733
9781249322740
9781249322757
9781249322764
9781249322771
9781249322788
9781249322795
9781249322801
9781249322818
9781249322825
9781249322832
9781249322849
9781249322856
9781249322863
9781249322870
9781249322887
9781249322894
9781249322900
9781249322917
9781249322924
9781249322931
9781249322948
9781249322955
9781249322962
9781249322979
9781249322986
9781249322993
9781249323006
9781249323013
9781249323020
9781249323037
9781249323044
9781249323051
9781249323068
9781249323075
9781249323082
9781249323099
9781249323105
9781249323112
9781249323129
9781249323136
9781249323143
9781249323150
9781249323167
9781249323174
9781249323181
9781249323198
9781249323204
9781249323211
9781249323228
9781249323235
9781249323242
9781249323259
9781249323266
9781249323273
9781249323280
9781249323297
9781249323303
9781249323310
9781249323327
9781249323334
9781249323341
9781249323358
9781249323365
9781249323372
9781249323389
9781249323396
9781249323402
9781249323419
9781249323426
9781249323433
9781249323440
9781249323457
9781249323464
9781249323471
9781249323488
9781249323495
9781249323501
9781249323518
9781249323525
9781249323532
9781249323549
9781249323556
9781249323563
9781249323570
9781249323587
9781249323594
9781249323600
9781249323617
9781249323624
9781249323631
9781249323648
9781249323655
9781249323662
9781249323679
9781249323686
9781249323693
9781249323709
9781249323716
9781249323723
9781249323730
9781249323747
9781249323754
9781249323761
9781249323778
9781249323785
9781249323792
9781249323808
9781249323815
9781249323822
9781249323839
9781249323846
9781249323860
9781249323877
9781249323884
9781249323891
9781249323907
9781249323914
9781249323921
9781249323938
9781249323945
9781249323952
9781249323969
9781249323976
9781249323983
9781249323990
9781249324003
9781249324027
9781249324034
9781249324041
9781249324058
9781249324065
9781249324072
9781249324089
9781249324096
9781249324102
9781249324119
9781249324126
9781249324133
9781249324140
9781249324157
9781249324164
9781249324171
9781249324188
9781249324195
9781249324201
9781249324218
9781249324225
9781249324232
9781249324249
9781249324256
9781249324263
9781249324270
9781249324287
9781249324294
9781249324300
9781249324317
9781249324324
9781249324331
9781249324348
9781249324355
9781249324362
9781249324379
9781249324386
9781249324393
9781249324409
9781249324416
9781249324423
9781249324430
9781249324447
9781249324454
9781249324461
9781249324478
9781249324485
9781249324492
9781249324508
9781249324515
9781249324522
9781249324539
9781249324546
9781249324553
9781249324560
9781249324577
9781249324584
9781249324591
9781249324607
9781249324614
9781249324621
9781249324638
9781249324645
9781249324652
9781249324669
9781249324676
9781249324683
9781249324690
9781249324706
9781249324713
9781249324720
9781249324737
9781249324744
9781249324751
9781249324768
9781249324775
9781249324782
9781249324799
9781249324805
9781249324812
9781249324829
9781249324836
9781249324843
9781249324850
9781249324867
9781249324874
9781249324881
9781249324898
9781249324904
9781249324911
9781249324928
9781249324935
9781249324942
9781249324959
9781249324966
9781249324973
9781249324980
9781249324997
9781249325000
9781249325017
9781249325024
9781249325031
9781249325048
9781249325055
9781249325062
9781249325079
9781249325086
9781249325093
9781249325109
9781249325116
9781249325123
9781249325130
9781249325147
9781249325154
9781249325161
9781249325178
9781249325185
9781249325192
9781249325208
9781249325215
9781249325222
9781249325239
9781249325246
9781249325253
9781249325260
9781249325277
9781249325284
9781249325291
9781249325307
9781249325314
9781249325321
9781249325338
9781249325352
9781249325369
9781249325376
9781249325420
9781249325437
9781249325444
9781249325451
9781249325468
9781249325482
9781249325499
9781249325505
9781249325512
9781249325529
9781249325536
9781249325543
9781249325611
9781249325628
9781249325635
9781249325642
9781249325659
9781249325666
9781249325673
9781249325680
9781249325697
9781249325703
9781249325710
9781249325727
9781249325734
9781249325741
9781249325758
9781249325765
9781249325772
9781249325789
9781249325796
9781249325819
9781249325826
9781249325833
9781249325840
9781249325888
9781249325895
9781249325925
9781249325932
9781249325956
9781249325987
9781249325994
9781249326038
9781249326052
9781249326069
9781249326076
9781249326083
9781249326090
9781249326106
9781249326113
9781249326144
9781249326168
9781249326182
9781249326199
9781249326205
9781249326229
9781249326267
9781249326274
9781249326335
9781249326373
9781249326397
9781249326403
9781249326410
9781249326434
9781249326458
9781249326465
9781249326526
9781249326557
9781249326564
9781249326595
9781249326618
9781249326625
9781249326656
9781249326663
9781249326670
9781249326694
9781249326700
9781249326724
9781249326731
9781249326748
9781249326755
9781249326762
9781249326779
9781249326786
9781249326793
9781249326809
9781249326816
9781249326823
9781249326830
9781249326847
9781249326854
9781249326861
9781249326878
9781249326885
9781249326892
9781249326908
9781249326915
9781249326922
9781249326939
9781249326946
9781249326953
9781249326960
9781249326977
9781249326984
9781249326991
9781249327004
9781249327011
9781249327028
9781249327035
9781249327042
9781249327059
9781249327066
9781249327080
9781249327097
9781249327103
9781249327134
9781249327189
9781249327196
9781249327202
9781249327219
9781249327271
9781249327288
9781249327295
9781249327301
9781249327325
9781249327332
9781249327349
9781249327356
9781249327363
9781249327370
9781249327387
9781249327394
9781249327400
9781249327417
9781249327448
9781249327455
9781249327462
9781249327479
9781249327486
9781249327493
9781249327509
9781249327516
9781249327523
9781249327530
9781249327547
9781249327554
9781249327561
9781249327578
9781249327585
9781249327592
9781249327608
9781249327615
9781249327622
9781249327639
9781249327646
9781249327653
9781249327660
9781249327677
9781249327684
9781249327691
9781249327707
9781249327714
9781249327721
9781249327738
9781249327745
9781249327752
9781249327769
9781249327776
9781249327783
9781249327790
9781249327806
9781249327813
9781249327820
9781249327837
9781249327844
9781249327851
9781249327868
9781249327875
9781249327882
9781249327899
9781249327905
9781249327912
9781249327929
9781249327936
9781249327943
9781249327950
9781249327967
9781249327974
9781249327981
9781249327998
9781249328001
9781249328018
9781249328025
9781249328032
9781249328049
9781249328056
9781249328063
9781249328070
9781249328087
9781249328094
9781249328100
9781249328117
9781249328124
9781249328131
9781249328155
9781249328162
9781249328179
9781249328186
9781249328193
9781249328209
9781249328216
9781249328223
9781249328230
9781249328247
9781249328254
9781249328261
9781249328278
9781249328285
9781249328292
9781249328308
9781249328315
9781249328322
9781249328339
9781249328346
9781249328353
9781249328360
9781249328377
9781249328384
9781249328391
9781249328407
9781249328414
9781249328421
9781249328438
9781249328445
9781249328452
9781249328513
9781249328544
9781249328568
9781249328575
9781249328599
9781249328643
9781249328667
9781249328674
9781249328704
9781249328797
9781249328810
9781249328827
9781249328858
9781249328865
9781249328872
9781249328889
9781249328902
9781249328919
9781249328926
9781249328933
9781249328940
9781249328957
9781249328964
9781249328971
9781249329039
9781249329046
9781249329053
9781249329060
9781249329145
9781249329169
9781249329190
9781249329206
9781249329237
9781249329268
9781249329275
9781249329282
9781249329299
9781249329305
9781249329367
9781249329398
9781249329411
9781249329428
9781249329480
9781249329497
9781249329527
9781249329541
9781249329558
9781249329565
9781249329633
9781249329664
9781249329688
9781249329718
9781249329800
9781249329954
9781249329992
9781249330295
9781249330387
9781249330417
9781249330424
9781249330462
9781249330479
9781249330486
9781249330493
9781249330509
9781249330516
9781249330523
9781249330530
9781249330547
9781249330554
9781249330561
9781249330578
9781249330585
9781249330592
9781249330608
9781249330615
9781249330622
9781249330653
9781249330660
9781249330677
9781249330684
9781249330691
9781249330721
9781249330738
9781249330745
9781249330752
9781249330769
9781249330776
9781249330783
9781249330790
9781249330806
9781249330813
9781249330820
9781249330837
9781249330844
9781249330851
9781249330868
9781249330875
9781249330882
9781249330899
9781249330905
9781249330912
9781249330929
9781249330936
9781249330943
9781249330950
9781249330967
9781249330974
9781249330981
9781249330998
9781249331001
9781249331018
9781249331025
9781249331032
9781249331049
9781249331056
9781249331063
9781249331070
9781249331094
9781249331100
9781249331117
9781249331124
9781249331131
9781249331148
9781249331155
9781249331162
9781249331179
9781249331186
9781249331193
9781249331209
9781249331216
9781249331223
9781249331230
9781249331247
9781249331254
9781249331261
9781249331278
9781249331285
9781249331292
9781249331308
9781249331315
9781249331322
9781249331339
9781249331346
9781249331353
9781249331360
9781249331377
9781249331384
9781249331391
9781249331407
9781249331414
9781249331421
9781249331438
9781249331445
9781249331452
9781249331469
9781249331476
9781249331483
9781249331490
9781249331506
9781249331513
9781249331520
9781249331537
9781249331544
9781249331551
9781249331568
9781249331575
9781249331582
9781249331599
9781249331605
9781249331612
9781249331629
9781249331636
9781249331643
9781249331650
9781249331667
9781249331674
9781249331681
9781249331698
9781249331704
9781249331711
9781249331728
9781249331735
9781249331742
9781249331759
9781249331766
9781249331773
9781249331780
9781249331797
9781249331803
9781249331810
9781249331827
9781249331834
9781249331841
9781249331858
9781249331865
9781249331872
9781249331889
9781249331896
9781249331902
9781249331919
9781249331926
9781249331933
9781249331940
9781249331957
9781249331964
9781249331971
9781249331988
9781249331995
9781249332008
9781249332015
9781249332022
9781249332039
9781249332046
9781249332060
9781249332077
9781249332084
9781249332091
9781249332107
9781249332114
9781249332121
9781249332138
9781249332145
9781249332152
9781249332169
9781249332176
9781249332183
9781249332190
9781249332206
9781249332213
9781249332220
9781249332237
9781249332244
9781249332251
9781249332268
9781249332275
9781249332282
9781249332299
9781249332305
9781249332312
9781249332329
9781249332336
9781249332343
9781249332350
9781249332367
9781249332374
9781249332381
9781249332398
9781249332404
9781249332411
9781249332428
9781249332435
9781249332442
9781249332459
9781249332466
9781249332473
9781249332480
9781249332497
9781249332503
9781249332510
9781249332527
9781249332534
9781249332541
9781249332558
9781249332565
9781249332572
9781249332589
9781249332596
9781249332602
9781249332619
9781249332626
9781249332633
9781249332640
9781249332657
9781249332664
9781249332671
9781249332688
9781249332695
9781249332701
9781249332718
9781249332725
9781249332732
9781249332749
9781249332756
9781249332763
9781249332770
9781249332787
9781249332794
9781249332800
9781249332817
9781249332824
9781249332831
9781249332848
9781249332855
9781249332862
9781249332879
9781249332886
9781249332893
9781249332909
9781249332916
9781249332923
9781249332930
9781249332947
9781249332954
9781249332961
9781249332978
9781249332985
9781249332992
9781249333005
9781249333012
9781249333029
9781249333036
9781249333043
9781249333050
9781249333067
9781249333074
9781249333098
9781249333104
9781249333173
9781249333180
9781249333197
9781249333203
9781249333234
9781249333241
9781249333258
9781249333265
9781249333289
9781249333296
9781249333302
9781249333319
9781249333326
9781249333333
9781249333340
9781249333357
9781249333364
9781249333371
9781249333388
9781249333401
9781249333418
9781249333425
9781249333432
9781249333449
9781249333456
9781249333463
9781249333470
9781249333487
9781249333494
9781249333500
9781249333517
9781249333524
9781249333531
9781249333548
9781249333555
9781249333562
9781249333579
9781249333586
9781249333593
9781249333609
9781249333616
9781249333623
9781249333630
9781249333647
9781249333654
9781249333661
9781249333678
9781249333685
9781249333692
9781249333708
9781249333715
9781249333722
9781249333739
9781249333746
9781249333753
9781249333760
9781249333777
9781249333784
9781249333791
9781249333807
9781249333814
9781249333821
9781249333838
9781249333845
9781249333852
9781249333869
9781249333876
9781249333883
9781249333890
9781249333906
9781249333913
9781249333920
9781249333937
9781249333944
9781249333951
9781249333968
9781249333975
9781249333982
9781249333999
9781249334002
9781249334019
9781249334026
9781249334033
9781249334040
9781249334057
9781249334064
9781249334071
9781249334088
9781249334095
9781249334101
9781249334118
9781249334125
9781249334132
9781249334149
9781249334156
9781249334163
9781249334170
9781249334187
9781249334194
9781249334200
9781249334217
9781249334224
9781249334231
9781249334248
9781249334255
9781249334262
9781249334279
9781249334286
9781249334293
9781249334309
9781249334316
9781249334323
9781249334330
9781249334347
9781249334354
9781249334361
9781249334378
9781249334385
9781249334392
9781249334408
9781249334415
9781249334422
9781249334439
9781249334446
9781249334453
9781249334460
9781249334477
9781249334484
9781249334491
9781249334507
9781249334514
9781249334521
9781249334538
9781249334545
9781249334552
9781249334569
9781249334576
9781249334583
9781249334590
9781249334606
9781249334613
9781249334620
9781249334637
9781249334644
9781249334651
9781249334668
9781249334675
9781249334682
9781249334699
9781249334705
9781249334712
9781249334729
9781249334736
9781249334743
9781249334750
9781249334767
9781249334774
9781249334781
9781249334798
9781249334804
9781249334811
9781249334828
9781249334835
9781249334842
9781249334859
9781249334866
9781249334873
9781249334880
9781249334897
9781249334903
9781249334910
9781249334927
9781249334934
9781249334941
9781249334958
9781249334965
9781249334972
9781249334989
9781249334996
9781249335009
9781249335016
9781249335023
9781249335030
9781249335047
9781249335054
9781249335061
9781249335085
9781249335092
9781249335108
9781249335115
9781249335122
9781249335139
9781249335146
9781249335153
9781249335160
9781249335177
9781249335184
9781249335191
9781249335207
9781249335214
9781249335221
9781249335238
9781249335245
9781249335252
9781249335269
9781249335276
9781249335283
9781249335290
9781249335306
9781249335313
9781249335320
9781249335337
9781249335344
9781249335351
9781249335368
9781249335375
9781249335382
9781249335399
9781249335405
9781249335412
9781249335429
9781249335436
9781249335443
9781249335450
9781249335467
9781249335474
9781249335481
9781249335498
9781249335504
9781249335511
9781249335528
9781249335535
9781249335542
9781249335559
9781249335566
9781249335573
9781249335580
9781249335597
9781249335603
9781249335610
9781249335627
9781249335634
9781249335641
9781249335658
9781249335665
9781249335672
9781249335689
9781249335696
9781249335702
9781249335719
9781249335726
9781249335733
9781249335740
9781249335757
9781249335764
9781249335771
9781249335788
9781249335795
9781249335801
9781249335818
9781249335825
9781249335832
9781249335849
9781249335856
9781249335863
9781249335870
9781249335887
9781249335894
9781249335900
9781249335917
9781249335924
9781249335931
9781249335948
9781249335955
9781249335962
9781249335979
9781249335986
9781249335993
9781249336006
9781249336013
9781249336020
9781249336037
9781249336044
9781249336051
9781249336068
9781249336075
9781249336082
9781249336099
9781249336105
9781249336112
9781249336129
9781249336136
9781249336143
9781249336150
9781249336167
9781249336174
9781249336181
9781249336198
9781249336204
9781249336211
9781249336228
9781249336235
9781249336242
9781249336259
9781249336266
9781249336273
9781249336280
9781249336297
9781249336303
9781249336310
9781249336327
9781249336334
9781249336341
9781249336358
9781249336365
9781249336372
9781249336389
9781249336396
9781249336402
9781249336419
9781249336426
9781249336433
9781249336440
9781249336457
9781249336464
9781249336471
9781249336488
9781249336495
9781249336501
9781249336518
9781249336525
9781249336532
9781249336549
9781249336556
9781249336563
9781249336570
9781249336587
9781249336594
9781249336600
9781249336617
9781249336624
9781249336631
9781249336648
9781249336655
9781249336662
9781249336679
9781249336686
9781249336693
9781249336709
9781249336716
9781249336723
9781249336730
9781249336747
9781249336754
9781249336761
9781249336778
9781249336785
9781249336792
9781249336808
9781249336815
9781249336822
9781249336839
9781249336846
9781249336853
9781249336860
9781249336877
9781249336884
9781249336891
9781249336907
9781249336914
9781249336921
9781249336938
9781249336945
9781249336952
9781249336969
9781249336976
9781249336983
9781249336990
9781249337003
9781249337010
9781249337027
9781249337034
9781249337041
9781249337058
9781249337065
9781249337072
9781249337089
9781249337096
9781249337102
9781249337119
9781249337126
9781249337133
9781249337140
9781249337157
9781249337164
9781249337171
9781249337188
9781249337195
9781249337201
9781249337218
9781249337225
9781249337232
9781249337249
9781249337256
9781249337263
9781249337270
9781249337287
9781249337294
9781249337300
9781249337317
9781249337324
9781249337331
9781249337348
9781249337355
9781249337362
9781249337379
9781249337386
9781249337393
9781249337409
9781249337416
9781249337423
9781249337430
9781249337447
9781249337454
9781249337461
9781249337478
9781249337485
9781249337492
9781249337508
9781249337515
9781249337522
9781249337539
9781249337546
9781249337553
9781249337560
9781249337577
9781249337584
9781249337591
9781249337607
9781249337614
9781249337621
9781249337638
9781249337645
9781249337652
9781249337669
9781249337676
9781249337683
9781249337690
9781249337706
9781249337713
9781249337720
9781249337737
9781249337744
9781249337751
9781249337768
9781249337775
9781249337782
9781249337799
9781249337805
9781249337812
9781249337829
9781249337836
9781249337843
9781249337850
9781249337867
9781249337874
9781249337881
9781249337898
9781249337904
9781249337911
9781249337928
9781249337935
9781249337942
9781249337959
9781249337966
9781249337973
9781249337980
9781249337997
9781249338000
9781249338017
9781249338024
9781249338031
9781249338048
9781249338055
9781249338062
9781249338079
9781249338086
9781249338093
9781249338109
9781249338116
9781249338123
9781249338130
9781249338147
9781249338154
9781249338161
9781249338178
9781249338185
9781249338192
9781249338208
9781249338215
9781249338222
9781249338239
9781249338246
9781249338253
9781249338260
9781249338277
9781249338284
9781249338291
9781249338307
9781249338314
9781249338321
9781249338338
9781249338345
9781249338352
9781249338369
9781249338376
9781249338383
9781249338390
9781249338406
9781249338413
9781249338420
9781249338437
9781249338444
9781249338451
9781249338468
9781249338475
9781249338482
9781249338499
9781249338505
9781249338512
9781249338529
9781249338536
9781249338543
9781249338550
9781249338567
9781249338574
9781249338581
9781249338598
9781249338604
9781249338611
9781249338628
9781249338635
9781249338642
9781249338659
9781249338666
9781249338673
9781249338680
9781249338697
9781249338703
9781249338710
9781249338727
9781249338734
9781249338741
9781249338758
9781249338765
9781249338772
9781249338789
9781249338796
9781249338802
9781249338819
9781249338826
9781249338833
9781249338840
9781249338857
9781249338864
9781249338871
9781249338888
9781249338895
9781249338901
9781249338918
9781249338925
9781249338932
9781249338949
9781249338956
9781249338963
9781249338970
9781249338987
9781249338994
9781249339007
9781249339014
9781249339021
9781249339038
9781249339045
9781249339052
9781249339069
9781249339076
9781249339083
9781249339090
9781249339106
9781249339113
9781249339120
9781249339137
9781249339144
9781249339151
9781249339168
9781249339175
9781249339182
9781249339199
9781249339205
9781249339212
9781249339229
9781249339236
9781249339243
9781249339250
9781249339267
9781249339274
9781249339281
9781249339298
9781249339304
9781249339311
9781249339328
9781249339335
9781249339342
9781249339359
9781249339366
9781249339373
9781249339380
9781249339397
9781249339403
9781249339410
9781249339427
9781249339434
9781249339441
9781249339458
9781249339465
9781249339472
9781249339489
9781249339496
9781249339502
9781249339519
9781249339526
9781249339533
9781249339540
9781249339557
9781249339564
9781249339588
9781249339595
9781249339601
9781249339618
9781249339625
9781249339632
9781249339649
9781249339656
9781249339663
9781249339670
9781249339687
9781249339694
9781249339700
9781249339717
9781249339724
9781249339731
9781249339748
9781249339755
9781249339762
9781249339779
9781249339786
9781249339793
9781249339809
9781249339816
9781249339823
9781249339830
9781249339847
9781249339861
9781249339878
9781249339885
9781249339892
9781249339908
9781249339915
9781249339922
9781249339939
9781249339960
9781249339977
9781249339984
9781249340027
9781249340034
9781249340041
9781249340058
9781249340065
9781249340089
9781249340096
9781249340102
9781249340119
9781249340126
9781249340133
9781249340140
9781249340157
9781249340164
9781249340171
9781249340188
9781249340195
9781249340201
9781249340218
9781249340225
9781249340232
9781249340249
9781249340256
9781249340263
9781249340270
9781249340287
9781249340294
9781249340300
9781249340317
9781249340324
9781249340331
9781249340348
9781249340355
9781249340362
9781249340379
9781249340386
9781249340393
9781249340409
9781249340416
9781249340423
9781249340430
9781249340447
9781249340454
9781249340461
9781249340478
9781249340485
9781249340492
9781249340508
9781249340515
9781249340522
9781249340539
9781249340546
9781249340553
9781249340560
9781249340577
9781249340584
9781249340591
9781249340607
9781249340614
9781249340621
9781249340638
9781249340645
9781249340652
9781249340669
9781249340676
9781249340683
9781249340690
9781249340706
9781249340713
9781249340720
9781249340737
9781249340744
9781249340751
9781249340768
9781249340775
9781249340782
9781249340799
9781249340805
9781249340812
9781249340829
9781249340836
9781249340843
9781249340850
9781249340867
9781249340874
9781249340881
9781249340898
9781249340904
9781249340911
9781249340928
9781249340935
9781249340942
9781249340959
9781249340966
9781249340973
9781249340980
9781249340997
9781249341000
9781249341017
9781249341024
9781249341031
9781249341048
9781249341055
9781249341062
9781249341079
9781249341086
9781249341093
9781249341109
9781249341116
9781249341123
9781249341130
9781249341147
9781249341154
9781249341161
9781249341178
9781249341185
9781249341192
9781249341208
9781249341215
9781249341222
9781249341239
9781249341246
9781249341253
9781249341260
9781249341277
9781249341284
9781249341291
9781249341307
9781249341314
9781249341321
9781249341338
9781249341345
9781249341352
9781249341369
9781249341376
9781249341383
9781249341390
9781249341406
9781249341413
9781249341420
9781249341437
9781249341444
9781249341451
9781249341468
9781249341475
9781249341482
9781249341499
9781249341505
9781249341512
9781249341529
9781249341536
9781249341543
9781249341550
9781249341567
9781249341574
9781249341581
9781249341598
9781249341604
9781249341611
9781249341628
9781249341635
9781249341642
9781249341659
9781249341666
9781249341673
9781249341680
9781249341697
9781249341703
9781249341710
9781249341727
9781249341734
9781249341741
9781249341758
9781249341765
9781249341772
9781249341789
9781249341796
9781249341802
9781249341819
9781249341826
9781249341833
9781249341840
9781249341857
9781249341864
9781249341871
9781249341888
9781249341895
9781249341901
9781249341918
9781249341925
9781249341932
9781249341949
9781249341956
9781249341963
9781249341970
9781249341987
9781249341994
9781249342007
9781249342014
9781249342021
9781249342038
9781249342045
9781249342052
9781249342069
9781249342076
9781249342083
9781249342090
9781249342106
9781249342113
9781249342120
9781249342137
9781249342144
9781249342151
9781249342168
9781249342175
9781249342182
9781249342199
9781249342205
9781249342212
9781249342229
9781249342236
9781249342243
9781249342250
9781249342267
9781249342274
9781249342281
9781249342298
9781249342304
9781249342311
9781249342328
9781249342335
9781249342342
9781249342359
9781249342366
9781249342373
9781249342380
9781249342397
9781249342403
9781249342410
9781249342427
9781249342434
9781249342441
9781249342458
9781249342465
9781249342472
9781249342489
9781249342496
9781249342502
9781249342519
9781249342526
9781249342533
9781249342540
9781249342557
9781249342564
9781249342571
9781249342588
9781249342595
9781249342601
9781249342618
9781249342625
9781249342632
9781249342649
9781249342656
9781249342663
9781249342670
9781249342687
9781249342694
9781249342700
9781249342717
9781249342724
9781249342731
9781249342748
9781249342755
9781249342762
9781249342779
9781249342786
9781249342793
9781249342809
9781249342816
9781249342823
9781249342830
9781249342847
9781249342854
9781249342861
9781249342878
9781249342885
9781249342892
9781249342908
9781249342915
9781249342922
9781249342939
9781249342946
9781249342953
9781249342960
9781249342977
9781249342984
9781249342991
9781249343004
9781249343011
9781249343028
9781249343035
9781249343042
9781249343059
9781249343066
9781249343073
9781249343080
9781249343097
9781249343103
9781249343110
9781249343127
9781249343134
9781249343141
9781249343158
9781249343165
9781249343172
9781249343189
9781249343196
9781249343202
9781249343219
9781249343226
9781249343233
9781249343240
9781249343257
9781249343264
9781249343271
9781249343288
9781249343295
9781249343301
9781249343318
9781249343325
9781249343332
9781249343349
9781249343356
9781249343363
9781249343370
9781249343387
9781249343394
9781249343400
9781249343417
9781249343424
9781249343431
9781249343448
9781249343455
9781249343462
9781249343479
9781249343486
9781249343493
9781249343509
9781249343516
9781249343523
9781249343530
9781249343547
9781249343554
9781249343561
9781249343578
9781249343585
9781249343592
9781249343608
9781249343615
9781249343622
9781249343639
9781249343646
9781249343653
9781249343660
9781249343677
9781249343684
9781249343691
9781249343707
9781249343714
9781249343721
9781249343738
9781249343745
9781249343752
9781249343769
9781249343776
9781249343783
9781249343790
9781249343806
9781249343813
9781249343820
9781249343837
9781249343844
9781249343851
9781249343868
9781249343875
9781249343882
9781249343899
9781249343905
9781249343912
9781249343929
9781249343936
9781249343943
9781249343950
9781249343967
9781249343974
9781249343981
9781249343998
9781249344001
9781249344018
9781249344025
9781249344032
9781249344049
9781249344056
9781249344063
9781249344070
9781249344087
9781249344094
9781249344100
9781249344117
9781249344124
9781249344131
9781249344148
9781249344155
9781249344162
9781249344179
9781249344186
9781249344193
9781249344209
9781249344216
9781249344223
9781249344230
9781249344247
9781249344254
9781249344261
9781249344278
9781249344285
9781249344292
9781249344308
9781249344315
9781249344322
9781249344339
9781249344346
9781249344353
9781249344360
9781249344377
9781249344384
9781249344391
9781249344407
9781249344414
9781249344421
9781249344438
9781249344445
9781249344452
9781249344469
9781249344476
9781249344483
9781249344490
9781249344506
9781249344513
9781249344520
9781249344537
9781249344544
9781249344551
9781249344568
9781249344575
9781249344582
9781249344599
9781249344605
9781249344612
9781249344629
9781249344636
9781249344643
9781249344650
9781249344667
9781249344674
9781249344681
9781249344698
9781249344704
9781249344711
9781249344728
9781249344735
9781249344742
9781249344759
9781249344766
9781249344773
9781249344780
9781249344797
9781249344803
9781249344810
9781249344827
9781249344834
9781249344841
9781249344858
9781249344865
9781249344872
9781249344889
9781249344896
9781249344902
9781249344919
9781249344926
9781249344933
9781249344940
9781249344957
9781249344964
9781249344971
9781249344988
9781249344995
9781249345008
9781249345015
9781249345022
9781249345039
9781249345046
9781249345053
9781249345060
9781249345077
9781249345084
9781249345091
9781249345107
9781249345114
9781249345121
9781249345138
9781249345145
9781249345152
9781249345169
9781249345176
9781249345183
9781249345190
9781249345206
9781249345213
9781249345220
9781249345237
9781249345244
9781249345251
9781249345268
9781249345275
9781249345282
9781249345299
9781249345305
9781249345312
9781249345329
9781249345336
9781249345343
9781249345350
9781249345367
9781249345374
9781249345381
9781249345398
9781249345404
9781249345411
9781249345428
9781249345435
9781249345442
9781249345459
9781249345466
9781249345473
9781249345480
9781249345497
9781249345503
9781249345510
9781249345527
9781249345534
9781249345541
9781249345558
9781249345565
9781249345572
9781249345589
9781249345596
9781249345602
9781249345619
9781249345626
9781249345633
9781249345640
9781249345657
9781249345664
9781249345671
9781249345688
9781249345695
9781249345701
9781249345718
9781249345725
9781249345732
9781249345749
9781249345756
9781249345763
9781249345770
9781249345787
9781249345794
9781249345800
9781249345817
9781249345824
9781249345831
9781249345848
9781249345855
9781249345862
9781249345879
9781249345886
9781249345893
9781249345909
9781249345916
9781249345923
9781249345930
9781249345947
9781249345954
9781249345961
9781249345978
9781249345985
9781249345992
9781249346005
9781249346012
9781249346029
9781249346036
9781249346043
9781249346050
9781249346067
9781249346074
9781249346081
9781249346098
9781249346104
9781249346111
9781249346128
9781249346135
9781249346142
9781249346159
9781249346166
9781249346173
9781249346180
9781249346197
9781249346203
9781249346210
9781249346227
9781249346234
9781249346241
9781249346258
9781249346265
9781249346272
9781249346289
9781249346296
9781249346302
9781249346319
9781249346326
9781249346333
9781249346340
9781249346357
9781249346364
9781249346371
9781249346388
9781249346395
9781249346401
9781249346418
9781249346425
9781249346432
9781249346449
9781249346456
9781249346470
9781249346487
9781249346494
9781249346500
9781249346517
9781249346524
9781249346531
9781249346555
9781249346562
9781249346579
9781249346586
9781249346609
9781249346616
9781249346623
9781249346630
9781249346647
9781249346654
9781249346661
9781249346678
9781249346685
9781249346692
9781249346708
9781249346715
9781249346722
9781249346739
9781249346746
9781249346753
9781249346760
9781249346777
9781249346784
9781249346791
9781249346807
9781249346814
9781249346821
9781249346838
9781249346845
9781249346852
9781249346869
9781249346876
9781249346883
9781249346890
9781249346906
9781249346913
9781249346920
9781249346937
9781249346944
9781249346951
9781249346968
9781249346975
9781249346982
9781249346999
9781249347002
9781249347019
9781249347026
9781249347033
9781249347040
9781249347057
9781249347064
9781249347071
9781249347088
9781249347095
9781249347101
9781249347118
9781249347125
9781249347132
9781249347149
9781249347156
9781249347163
9781249347170
9781249347187
9781249347194
9781249347200
9781249347217
9781249347224
9781249347231
9781249347255
9781249347262
9781249347279
9781249347286
9781249347293
9781249347309
9781249347316
9781249347323
9781249347330
9781249347347
9781249347354
9781249347361
9781249347378
9781249347385
9781249347392
9781249347408
9781249347415
9781249347422
9781249347439
9781249347446
9781249347453
9781249347460
9781249347477
9781249347484
9781249347491
9781249347507
9781249347514
9781249347521
9781249347538
9781249347545
9781249347552
9781249347569
9781249347576
9781249347583
9781249347590
9781249347606
9781249347613
9781249347620
9781249347637
9781249347644
9781249347651
9781249347668
9781249347675
9781249347699
9781249347705
9781249347712
9781249347729
9781249347736
9781249347743
9781249347750
9781249347767
9781249347774
9781249347781
9781249347798
9781249347804
9781249347811
9781249347828
9781249347835
9781249347842
9781249347859
9781249347866
9781249347873
9781249347880
9781249347897
9781249347903
9781249347910
9781249347927
9781249347934
9781249347941
9781249347958
9781249347965
9781249347972
9781249347989
9781249347996
9781249348009
9781249348016
9781249348023
9781249348030
9781249348047
9781249348054
9781249348061
9781249348078
9781249348085
9781249348092
9781249348108
9781249348115
9781249348122
9781249348139
9781249348153
9781249348160
9781249348177
9781249348184
9781249348191
9781249348207
9781249348214
9781249348221
9781249348238
9781249348245
9781249348252
9781249348269
9781249348283
9781249348290
9781249348306
9781249348313
9781249348320
9781249348337
9781249348344
9781249348351
9781249348368
9781249348375
9781249348382
9781249348399
9781249348405
9781249348412
9781249348429
9781249348436
9781249348443
9781249348450
9781249348467
9781249348474
9781249348481
9781249348498
9781249348504
9781249348511
9781249348528
9781249348535
9781249348542
9781249348566
9781249348573
9781249348580
9781249348597
9781249348603
9781249348610
9781249348627
9781249348634
9781249348641
9781249348658
9781249348665
9781249348672
9781249348689
9781249348696
9781249348702
9781249348719
9781249348726
9781249348733
9781249348740
9781249348757
9781249348764
9781249348771
9781249348788
9781249348795
9781249348801
9781249348818
9781249348825
9781249348832
9781249348849
9781249348856
9781249348863
9781249348870
9781249348887
9781249348894
9781249348900
9781249348917
9781249348924
9781249348931
9781249348948
9781249348955
9781249348962
9781249348979
9781249348986
9781249348993
9781249349006
9781249349013
9781249349020
9781249349037
9781249349044
9781249349051
9781249349068
9781249349075
9781249349082
9781249349099
9781249349105
9781249349112
9781249349129
9781249349136
9781249349143
9781249349150
9781249349167
9781249349174
9781249349181
9781249349198
9781249349204
9781249349211
9781249349228
9781249349235
9781249349242
9781249349259
9781249349266
9781249349273
9781249349280
9781249349297
9781249349303
9781249349310
9781249349327
9781249349334
9781249349341
9781249349358
9781249349365
9781249349372
9781249349389
9781249349396
9781249349402
9781249349419
9781249349426
9781249349433
9781249349440
9781249349457
9781249349464
9781249349471
9781249349488
9781249349495
9781249349501
9781249349518
9781249349525
9781249349532
9781249349549
9781249349556
9781249349563
9781249349570
9781249349587
9781249349594
9781249349600
9781249349617
9781249349624
9781249349631
9781249349648
9781249349655
9781249349662
9781249349679
9781249349686
9781249349693
9781249349709
9781249349716
9781249349723
9781249349730
9781249349747
9781249349754
9781249349761
9781249349778
9781249349785
9781249349792
9781249349808
9781249349815
9781249349822
9781249349839
9781249349846
9781249349853
9781249349860
9781249349877
9781249349884
9781249349891
9781249349907
9781249349914
9781249349921
9781249349938
9781249349945
9781249349952
9781249349969
9781249349983
9781249349990
9781249350019
9781249350033
9781249350040
9781249350057
9781249350064
9781249350071
9781249350101
9781249350118
9781249350125
9781249350132
9781249350149
9781249350156
9781249350163
9781249350170
9781249350187
9781249350194
9781249350200
9781249350217
9781249350224
9781249350231
9781249350248
9781249350255
9781249350262
9781249350279
9781249350286
9781249350293
9781249350309
9781249350316
9781249350323
9781249350330
9781249350347
9781249350354
9781249350361
9781249350378
9781249350385
9781249350392
9781249350408
9781249350415
9781249350422
9781249350439
9781249350446
9781249350453
9781249350460
9781249350477
9781249350484
9781249350491
9781249350507
9781249350514
9781249350521
9781249350538
9781249350545
9781249350552
9781249350569
9781249350576
9781249350583
9781249350590
9781249350606
9781249350613
9781249350620
9781249350637
9781249350644
9781249350651
9781249350668
9781249350675
9781249350682
9781249350699
9781249350705
9781249350712
9781249350729
9781249350736
9781249350743
9781249350750
9781249350767
9781249350774
9781249350781
9781249350798
9781249350804
9781249350811
9781249350828
9781249350835
9781249350842
9781249350859
9781249350866
9781249350873
9781249350880
9781249350897
9781249350903
9781249350910
9781249350927
9781249350934
9781249350941
9781249350958
9781249350965
9781249350972
9781249350989
9781249350996
9781249351009
9781249351016
9781249351023
9781249351030
9781249351047
9781249351054
9781249351061
9781249351078
9781249351085
9781249351092
9781249351108
9781249351115
9781249351122
9781249351139
9781249351146
9781249351153
9781249351160
9781249351177
9781249351184
9781249351191
9781249351207
9781249351214
9781249351221
9781249351238
9781249351245
9781249351252
9781249351269
9781249351276
9781249351283
9781249351290
9781249351306
9781249351313
9781249351320
9781249351337
9781249351344
9781249351351
9781249351368
9781249351375
9781249351382
9781249351399
9781249351405
9781249351412
9781249351429
9781249351436
9781249351443
9781249351450
9781249351467
9781249351474
9781249351481
9781249351498
9781249351504
9781249351511
9781249351528
9781249351535
9781249351542
9781249351559
9781249351566
9781249351573
9781249351580
9781249351597
9781249351603
9781249351610
9781249351627
9781249351634
9781249351641
9781249351658
9781249351665
9781249351672
9781249351689
9781249351696
9781249351702
9781249351719
9781249351726
9781249351733
9781249351740
9781249351757
9781249351764
9781249351771
9781249351788
9781249351795
9781249351801
9781249351818
9781249351825
9781249351832
9781249351849
9781249351856
9781249351863
9781249351870
9781249351887
9781249351894
9781249351900
9781249351917
9781249351924
9781249351931
9781249351948
9781249351955
9781249351962
9781249351979
9781249351986
9781249351993
9781249352006
9781249352013
9781249352020
9781249352037
9781249352044
9781249352051
9781249352068
9781249352075
9781249352082
9781249352099
9781249352105
9781249352112
9781249352129
9781249352136
9781249352143
9781249352150
9781249352167
9781249352174
9781249352181
9781249352198
9781249352204
9781249352211
9781249352228
9781249352235
9781249352242
9781249352259
9781249352266
9781249352273
9781249352280
9781249352297
9781249352303
9781249352310
9781249352327
9781249352334
9781249352341
9781249352358
9781249352365
9781249352372
9781249352389
9781249352396
9781249352402
9781249352419
9781249352426
9781249352433
9781249352440
9781249352457
9781249352464
9781249352488
9781249352501
9781249352518
9781249352525
9781249352532
9781249352549
9781249352556
9781249352563
9781249352570
9781249352587
9781249352594
9781249352600
9781249352617
9781249352624
9781249352631
9781249352648
9781249352655
9781249352662
9781249352679
9781249352686
9781249352693
9781249352709
9781249352716
9781249352723
9781249352730
9781249352747
9781249352754
9781249352761
9781249352778
9781249352785
9781249352792
9781249352808
9781249352815
9781249352822
9781249352839
9781249352846
9781249352853
9781249352860
9781249352877
9781249352884
9781249352891
9781249352907
9781249352914
9781249352921
9781249352938
9781249352945
9781249352952
9781249352969
9781249352976
9781249352983
9781249352990
9781249353003
9781249353010
9781249353027
9781249353034
9781249353058
9781249353065
9781249353072
9781249353089
9781249353096
9781249353102
9781249353119
9781249353126
9781249353133
9781249353140
9781249353157
9781249353164
9781249353171
9781249353188
9781249353195
9781249353218
9781249353249
9781249353256
9781249353263
9781249353270
9781249353287
9781249353294
9781249353300
9781249353317
9781249353348
9781249353355
9781249353386
9781249353393
9781249353409
9781249353430
9781249353447
9781249353454
9781249353492
9781249353508
9781249353522
9781249353539
9781249353560
9781249353577
9781249353584
9781249353591
9781249353607
9781249353614
9781249353621
9781249353638
9781249353645
9781249353652
9781249353669
9781249353676
9781249353683
9781249353690
9781249353706
9781249353713
9781249353720
9781249353737
9781249353744
9781249353751
9781249353768
9781249353775
9781249353782
9781249353799
9781249353805
9781249353812
9781249353829
9781249353836
9781249353843
9781249353850
9781249353867
9781249353874
9781249353881
9781249353898
9781249353904
9781249353911
9781249353928
9781249353935
9781249353942
9781249353959
9781249353980
9781249353997
9781249354000
9781249354017
9781249354024
9781249354031
9781249354048
9781249354055
9781249354062
9781249354079
9781249354086
9781249354093
9781249354109
9781249354116
9781249354123
9781249354130
9781249354147
9781249354154
9781249354161
9781249354178
9781249354185
9781249354192
9781249354208
9781249354215
9781249354239
9781249354246
9781249354253
9781249354260
9781249354277
9781249354284
9781249354291
9781249354307
9781249354314
9781249354321
9781249354345
9781249354352
9781249354369
9781249354376
9781249354383
9781249354390
9781249354406
9781249354413
9781249354420
9781249354437
9781249354444
9781249354451
9781249354468
9781249354475
9781249354482
9781249354499
9781249354505
9781249354512
9781249354529
9781249354536
9781249354543
9781249354550
9781249354567
9781249354574
9781249354581
9781249354598
9781249354604
9781249354611
9781249354628
9781249354635
9781249354642
9781249354659
9781249354666
9781249354673
9781249354680
9781249354697
9781249354703
9781249354710
9781249354727
9781249354734
9781249354741
9781249354758
9781249354765
9781249354772
9781249354789
9781249354796
9781249354802
9781249354819
9781249354826
9781249354833
9781249354840
9781249354857
9781249354864
9781249354871
9781249354888
9781249354895
9781249354901
9781249354918
9781249354925
9781249354932
9781249354949
9781249354956
9781249354963
9781249354970
9781249354987
9781249354994
9781249355007
9781249355014
9781249355021
9781249355038
9781249355045
9781249355052
9781249355069
9781249355076
9781249355083
9781249355090
9781249355106
9781249355113
9781249355120
9781249355137
9781249355144
9781249355151
9781249355168
9781249355175
9781249355182
9781249355199
9781249355205
9781249355212
9781249355229
9781249355236
9781249355243
9781249355250
9781249355267
9781249355274
9781249355281
9781249355298
9781249355304
9781249355311
9781249355335
9781249355342
9781249355359
9781249355366
9781249355373
9781249355380
9781249355397
9781249355403
9781249355410
9781249355441
9781249355458
9781249355465
9781249355885
9781249355892
9781249355908
9781249355915
9781249355922
9781249355946
9781249355953
9781249355960
9781249355977
9781249355984
9781249355991
9781249356004
9781249356011
9781249356028
9781249356035
9781249356059
9781249356066
9781249356073
9781249356080
9781249356097
9781249356103
9781249356110
9781249356127
9781249356141
9781249356158
9781249356165
9781249356189
9781249356202
9781249356219
9781249356226
9781249356233
9781249356240
9781249356257
9781249356264
9781249356271
9781249356288
9781249356318
9781249356325
9781249356332
9781249356349
9781249356356
9781249356363
9781249356370
9781249356387
9781249356394
9781249356400
9781249356417
9781249356424
9781249356431
9781249356448
9781249356455
9781249356462
9781249356479
9781249356486
9781249356493
9781249356516
9781249356523
9781249356547
9781249356554
9781249356578
9781249356585
9781249356592
9781249356608
9781249356615
9781249356622
9781249356639
9781249356653
9781249356660
9781249356677
9781249356684
9781249356691
9781249356707
9781249356714
9781249356721
9781249356745
9781249356776
9781249356783
9781249356844
9781249356851
9781249356875
9781249356882
9781249356912
9781249356936
9781249356943
9781249356950
9781249356967
9781249356974
9781249356981
9781249357018
9781249357025
9781249357032
9781249357049
9781249357063
9781249357100
9781249357131
9781249357148
9781249357155
9781249357162
9781249357179
9781249357193
9781249357209
9781249357216
9781249357230
9781249357247
9781249357254
9781249357278
9781249357292
9781249357308
9781249357421
9781249357452
9781249357513
9781249357520
9781249357568
9781249357582
9781249357667
9781249357674
9781249357766
9781249357773
9781249357780
9781249357797
9781249357803
9781249357810
9781249357827
9781249357834
9781249357841
9781249357858
9781249357865
9781249357872
9781249357889
9781249357896
9781249357902
9781249357919
9781249357926
9781249357933
9781249357940
9781249357957
9781249357964
9781249357971
9781249357988
9781249357995
9781249358008
9781249358015
9781249358022
9781249358039
9781249358046
9781249358060
9781249358077
9781249358084
9781249358091
9781249358107
9781249358114
9781249358121
9781249358138
9781249358145
9781249358152
9781249358169
9781249358176
9781249358183
9781249358190
9781249358206
9781249358213
9781249358220
9781249358237
9781249358244
9781249358251
9781249358268
9781249358275
9781249358282
9781249358299
9781249358305
9781249358312
9781249358329
9781249358336
9781249358343
9781249358350
9781249358367
9781249358374
9781249358381
9781249358398
9781249358411
9781249358428
9781249358435
9781249358442
9781249358459
9781249358466
9781249358473
9781249358480
9781249358497
9781249358503
9781249358510
9781249358527
9781249358534
9781249358541
9781249358565
9781249358572
9781249358589
9781249358596
9781249358602
9781249358619
9781249358626
9781249358633
9781249358640
9781249358657
9781249358664
9781249358671
9781249358688
9781249358695
9781249358701
9781249358718
9781249358725
9781249358732
9781249358749
9781249358756
9781249358770
9781249358794
9781249358800
9781249358817
9781249358824
9781249358831
9781249358848
9781249358855
9781249358862
9781249358879
9781249358893
9781249358909
9781249358916
9781249358923
9781249358930
9781249358947
9781249358954
9781249358978
9781249358985
9781249359005
9781249359012
9781249359029
9781249359036
9781249359043
9781249359067
9781249359098
9781249359128
9781249359142
9781249359166
9781249359180
9781249359197
9781249359210
9781249359227
9781249359234
9781249359258
9781249359265
9781249359272
9781249359302
9781249359319
9781249359388
9781249359432
9781249359449
9781249359463
9781249359494
9781249359500
9781249359524
9781249359593
9781249359609
9781249359616
9781249359623
9781249359630
9781249359661
9781249359678
9781249359692
9781249359708
9781249359715
9781249359722
9781249359739
9781249359746
9781249359760
9781249359777
9781249359784
9781249359791
9781249359807
9781249359814
9781249359821
9781249359838
9781249359845
9781249359852
9781249359869
9781249359876
9781249359883
9781249359890
9781249359913
9781249359920
9781249359937
9781249359951
9781249359982
9781249360001
9781249360018
9781249360025
9781249360032
9781249360056
9781249360063
9781249360070
9781249360087
9781249360094
9781249360100
9781249360117
9781249360124
9781249360131
9781249360148
9781249360155
9781249360162
9781249360179
9781249360186
9781249360193
9781249360209
9781249360216
9781249360223
9781249360230
9781249360247
9781249360254
9781249360261
9781249360278
9781249360285
9781249360292
9781249360308
9781249360315
9781249360322
9781249360339
9781249360346
9781249360353
9781249360360
9781249360377
9781249360384
9781249360391
9781249360407
9781249360414
9781249360421
9781249360438
9781249360445
9781249360452
9781249360469
9781249360476
9781249360483
9781249360490
9781249360506
9781249360513
9781249360520
9781249360537
9781249360544
9781249360551
9781249360568
9781249360575
9781249360582
9781249360599
9781249360605
9781249360612
9781249360629
9781249360636
9781249360643
9781249360650
9781249360667
9781249360674
9781249360681
9781249360728
9781249360735
9781249360988
9781249360995
9781249361008
9781249361015
9781249361039
9781249361046
9781249361060
9781249361077
9781249361084
9781249361091
9781249361107
9781249361114
9781249361121
9781249361138
9781249361152
9781249361183
9781249361190
9781249361244
9781249361275
9781249361282
9781249361329
9781249361442
9781249361527
9781249361534
9781249361558
9781249361619
9781249361626
9781249361725
9781249361787
9781249361800
9781249361817
9781249361831
9781249361848
9781249361855
9781249362043
9781249362050
9781249362067
9781249362074
9781249362098
9781249362104
9781249362111
9781249362128
9781249362135
9781249362159
9781249362166
9781249362173
9781249362180
9781249362197
9781249362203
9781249362210
9781249362234
9781249362241
9781249362258
9781249362265
9781249362272
9781249362289
9781249362296
9781249362302
9781249362319
9781249362326
9781249362333
9781249362357
9781249362364
9781249362371
9781249362388
9781249362395
9781249362401
9781249362418
9781249362425
9781249362432
9781249362449
9781249362463
9781249362470
9781249362487
9781249362494
9781249362500
9781249362517
9781249362524
9781249362531
9781249362548
9781249362555
9781249362562
9781249362586
9781249362593
9781249362609
9781249362616
9781249362623
9781249362647
9781249362654
9781249362678
9781249362685
9781249362715
9781249362722
9781249362746
9781249362791
9781249362807
9781249362838
9781249362845
9781249362852
9781249362869
9781249362876
9781249362883
9781249362890
9781249362944
9781249362951
9781249362968
9781249362975
9781249362982
9781249362999
9781249363002
9781249363019
9781249363026
9781249363033
9781249363057
9781249363064
9781249363071
9781249363088
9781249363101
9781249363118
9781249363125
9781249363132
9781249363149
9781249363156
9781249363170
9781249363187
9781249363217
9781249363224
9781249363231
9781249363248
9781249363255
9781249363262
9781249363279
9781249363293
9781249363323
9781249363347
9781249363354
9781249363361
9781249363378
9781249363392
9781249363408
9781249363422
9781249363439
9781249363446
9781249363453
9781249363460
9781249363507
9781249363514
9781249363538
9781249363545
9781249363552
9781249363569
9781249363576
9781249363590
9781249363613
9781249363620
9781249363644
9781249363651
9781249363668
9781249363675
9781249363682
9781249363712
9781249363729
9781249363736
9781249363767
9781249363774
9781249363781
9781249363798
9781249363804
9781249363811
9781249363835
9781249363866
9781249363873
9781249363880
9781249363897
9781249363903
9781249363927
9781249363934
9781249363941
9781249363958
9781249363972
9781249363989
9781249363996
9781249364009
9781249364030
9781249364047
9781249364061
9781249364078
9781249364085
9781249364108
9781249364115
9781249364122
9781249364146
9781249364153
9781249364160
9781249364177
9781249364184
9781249364207
9781249364214
9781249364238
9781249364245
9781249364269
9781249364276
9781249364290
9781249364320
9781249364351
9781249364375
9781249364405
9781249364412
9781249364443
9781249364450
9781249364467
9781249364474
9781249364504
9781249364511
9781249364528
9781249364535
9781249364559
9781249364573
9781249364580
9781249364597
9781249364603
9781249364610
9781249364627
9781249364634
9781249364641
9781249364665
9781249364689
9781249364696
9781249364702
9781249364719
9781249364726
9781249364740
9781249364757
9781249364764
9781249364771
9781249364788
9781249364795
9781249364801
9781249364818
9781249364825
9781249364832
9781249364849
9781249364856
9781249364870
9781249364887
9781249364894
9781249364900
9781249364917
9781249364931
9781249364955
9781249364962
9781249364979
9781249364986
9781249364993
9781249365006
9781249365020
9781249365044
9781249365051
9781249365068
9781249365082
9781249365105
9781249365112
9781249365129
9781249365136
9781249365143
9781249365150
9781249365167
9781249365174
9781249365181
9781249365198
9781249365204
9781249365211
9781249365235
9781249365242
9781249365259
9781249365266
9781249365273
9781249365280
9781249365297
9781249365303
9781249365310
9781249365327
9781249365334
9781249365341
9781249365358
9781249365365
9781249365389
9781249365396
9781249365419
9781249365426
9781249365433
9781249365457
9781249365464
9781249365471
9781249365488
9781249365495
9781249365501
9781249365518
9781249365532
9781249365549
9781249365556
9781249365570
9781249365587
9781249365594
9781249365600
9781249365617
9781249365624
9781249365631
9781249365648
9781249365655
9781249365662
9781249365679
9781249365686
9781249365693
9781249365709
9781249365723
9781249365730
9781249365747
9781249365761
9781249365778
9781249365785
9781249365792
9781249365808
9781249365815
9781249365839
9781249365846
9781249365853
9781249365860
9781249365877
9781249365884
9781249365891
9781249365914
9781249365921
9781249365938
9781249365945
9781249365952
9781249365969
9781249365990
9781249366003
9781249366010
9781249366027
9781249366041
9781249366058
9781249366072
9781249366089
9781249366102
9781249366119
9781249366126
9781249366133
9781249366140
9781249366157
9781249366171
9781249366195
9781249366201
9781249366218
9781249366225
9781249366232
9781249366249
9781249366263
9781249366270
9781249366287
9781249366294
9781249366300
9781249366317
9781249366331
9781249366355
9781249366379
9781249366386
9781249366393
9781249366409
9781249366416
9781249366423
9781249366430
9781249366447
9781249366454
9781249366461
9781249366485
9781249366492
9781249366508
9781249366515
9781249366522
9781249366539
9781249366546
9781249366560
9781249366577
9781249366591
9781249366614
9781249366621
9781249366638
9781249366645
9781249366652
9781249366676
9781249366690
9781249366706
9781249366713
9781249366720
9781249366737
9781249366744
9781249366751
9781249366768
9781249366775
9781249366782
9781249366799
9781249366805
9781249366812
9781249366829
9781249366836
9781249366843
9781249366850
9781249366867
9781249366874
9781249366881
9781249366898
9781249366904
9781249366911
9781249366928
9781249366935
9781249366942
9781249366959
9781249366966
9781249366980
9781249366997
9781249367000
9781249367017
9781249367024
9781249367031
9781249367048
9781249367062
9781249367079
9781249367086
9781249367093
9781249367116
9781249367123
9781249367130
9781249367154
9781249367161
9781249367185
9781249367192
9781249367215
9781249367222
9781249367239
9781249367246
9781249367253
9781249367260
9781249367277
9781249367284
9781249367291
9781249367307
9781249367314
9781249367321
9781249367338
9781249367345
9781249367352
9781249367369
9781249367376
9781249367383
9781249367390
9781249367413
9781249367420
9781249367437
9781249367444
9781249367451
9781249367468
9781249367475
9781249367482
9781249367505
9781249367512
9781249367529
9781249367536
9781249367543
9781249367550
9781249367567
9781249367574
9781249367581
9781249367598
9781249367604
9781249367611
9781249367635
9781249367642
9781249367659
9781249367666
9781249367673
9781249367697
9781249367703
9781249367710
9781249367727
9781249367734
9781249367741
9781249367765
9781249367772
9781249367789
9781249367796
9781249367819
9781249367826
9781249367833
9781249367857
9781249367864
9781249367871
9781249367888
9781249367895
9781249367901
9781249367918
9781249367925
9781249367932
9781249367956
9781249367963
9781249367970
9781249367987
9781249367994
9781249368014
9781249368021
9781249368038
9781249368052
9781249368069
9781249368076
9781249368083
9781249368090
9781249368106
9781249368113
9781249368137
9781249368144
9781249368151
9781249368168
9781249368175
9781249368199
9781249368212
9781249368229
9781249368236
9781249368243
9781249368250
9781249368267
9781249368298
9781249368311
9781249368335
9781249368342
9781249368359
9781249368366
9781249368373
9781249368380
9781249368403
9781249368410
9781249368427
9781249368434
9781249368441
9781249368458
9781249368465
9781249368472
9781249368496
9781249368502
9781249368526
9781249368533
9781249368540
9781249368557
9781249368564
9781249368571
9781249368588
9781249368595
9781249368601
9781249368618
9781249368625
9781249368632
9781249368649
9781249368656
9781249368663
9781249368670
9781249368687
9781249368694
9781249368700
9781249368717
9781249368724
9781249368731
9781249368748
9781249368755
9781249368762
9781249368779
9781249368786
9781249368793
9781249368809
9781249368816
9781249368823
9781249368830
9781249368847
9781249368854
9781249368861
9781249368878
9781249368885
9781249368892
9781249368908
9781249368915
9781249368922
9781249368939
9781249368946
9781249368953
9781249368960
9781249368977
9781249368984
9781249368991
9781249369004
9781249369011
9781249369028
9781249369035
9781249369042
9781249369059
9781249369066
9781249369073
9781249369080
9781249369097
9781249369103
9781249369127
9781249369134
9781249369141
9781249369158
9781249369165
9781249369172
9781249369189
9781249369196
9781249369202
9781249369219
9781249369226
9781249369240
9781249369264
9781249369271
9781249369288
9781249369295
9781249369301
9781249369318
9781249369325
9781249369332
9781249369349
9781249369356
9781249369363
9781249369387
9781249369394
9781249369400
9781249369417
9781249369424
9781249369431
9781249369448
9781249369462
9781249369479
9781249369486
9781249369493
9781249369509
9781249369523
9781249369530
9781249369547
9781249369554
9781249369561
9781249369578
9781249369585
9781249369592
9781249369608
9781249369615
9781249369622
9781249369639
9781249369646
9781249369653
9781249369677
9781249369684
9781249369707
9781249369714
9781249369745
9781249369752
9781249369769
9781249369776
9781249369790
9781249369806
9781249369813
9781249369820
9781249369837
9781249369851
9781249369875
9781249369899
9781249369905
9781249369929
9781249369936
9781249369950
9781249369967
9781249369974
9781249369981
9781249369998
9781249370017
9781249370031
9781249370048
9781249370055
9781249370062
9781249370079
9781249370086
9781249370093
9781249370116
9781249370123
9781249370130
9781249370147
9781249370154
9781249370161
9781249370178
9781249370192
9781249370208
9781249370215
9781249370239
9781249370246
9781249370253
9781249370260
9781249370277
9781249370284
9781249370307
9781249370314
9781249370321
9781249370338
9781249370369
9781249370376
9781249370383
9781249370390
9781249370406
9781249370413
9781249370420
9781249370437
9781249370451
9781249370468
9781249370475
9781249370482
9781249370505
9781249370512
9781249370529
9781249370536
9781249370543
9781249370550
9781249370574
9781249370581
9781249370598
9781249370604
9781249370611
9781249370628
9781249370673
9781249370697
9781249370710
9781249370734
9781249370758
9781249370765
9781249370772
9781249370789
9781249370796
9781249370833
9781249370840
9781249370864
9781249370871
9781249370888
9781249370895
9781249370918
9781249370932
9781249370949
9781249370956
9781249370963
9781249370994
9781249371038
9781249371045
9781249371052
9781249371069
9781249371076
9781249371083
9781249371090
9781249371106
9781249371113
9781249371120
9781249371144
9781249371168
9781249371182
9781249371205
9781249371229
9781249371236
9781249371243
9781249371250
9781249371267
9781249371281
9781249371298
9781249371304
9781249371311
9781249371328
9781249371335
9781249371342
9781249371366
9781249371380
9781249371397
9781249371403
9781249371410
9781249371427
9781249371434
9781249371441
9781249371465
9781249371472
9781249371489
9781249371502
9781249371519
9781249371526
9781249371533
9781249371540
9781249371557
9781249371564
9781249371571
9781249371588
9781249371595
9781249371601
9781249371618
9781249371625
9781249371649
9781249371656
9781249371663
9781249371670
9781249371687
9781249371700
9781249371724
9781249371731
9781249371748
9781249371755
9781249371762
9781249371779
9781249371786
9781249371793
9781249371809
9781249371823
9781249371830
9781249371847
9781249371854
9781249371861
9781249371878
9781249371885
9781249371892
9781249371908
9781249371915
9781249371922
9781249371939
9781249371946
9781249371960
9781249371984
9781249371991
9781249372004
9781249372011
9781249372028
9781249372035
9781249372042
9781249372059
9781249372066
9781249372073
9781249372080
9781249372097
9781249372103
9781249372110
9781249372127
9781249372141
9781249372158
9781249372165
9781249372172
9781249372189
9781249372202
9781249372219
9781249372233
9781249372240
9781249372264
9781249372271
9781249372288
9781249372301
9781249372318
9781249372325
9781249372332
9781249372349
9781249372356
9781249372363
9781249372370
9781249372387
9781249372394
9781249372400
9781249372417
9781249372424
9781249372431
9781249372448
9781249372462
9781249372486
9781249372509
9781249372530
9781249372547
9781249372554
9781249372561
9781249372578
9781249372585
9781249372592
9781249372615
9781249372639
9781249372646
9781249372653
9781249372660
9781249372677
9781249372684
9781249372691
9781249372707
9781249372714
9781249372721
9781249372738
9781249372745
9781249372752
9781249372769
9781249372790
9781249372806
9781249372813
9781249372820
9781249372837
9781249372844
9781249372851
9781249372868
9781249372882
9781249372905
9781249372929
9781249372936
9781249372943
9781249372950
9781249372967
9781249372974
9781249372981
9781249372998
9781249373001
9781249373025
9781249373049
9781249373056
9781249373063
9781249373070
9781249373087
9781249373100
9781249373124
9781249373131
9781249373155
9781249373162
9781249373179
9781249373186
9781249373193
9781249373216
9781249373223
9781249373230
9781249373247
9781249373254
9781249373261
9781249373285
9781249373308
9781249373322
9781249373339
9781249373346
9781249373360
9781249373377
9781249373384
9781249373391
9781249373407
9781249373414
9781249373421
9781249373445
9781249373469
9781249373483
9781249373490
9781249373506
9781249373513
9781249373520
9781249373537
9781249373544
9781249373568
9781249373575
9781249373582
9781249373599
9781249373605
9781249373612
9781249373629
9781249373636
9781249373643
9781249373650
9781249373667
9781249373674
9781249373681
9781249373698
9781249373704
9781249373711
9781249373728
9781249373735
9781249373742
9781249373759
9781249373766
9781249373773
9781249373780
9781249373797
9781249373803
9781249373810
9781249373827
9781249373834
9781249373841
9781249373858
9781249373865
9781249373872
9781249373889
9781249373896
9781249373902
9781249373919
9781249373926
9781249373940
9781249373957
9781249373964
9781249373971
9781249373988
9781249373995
9781249374008
9781249374015
9781249374022
9781249374039
9781249374046
9781249374053
9781249374060
9781249374077
9781249374084
9781249374091
9781249374107
9781249374114
9781249374121
9781249374138
9781249374145
9781249374152
9781249374169
9781249374176
9781249374183
9781249374190
9781249374206
9781249374213
9781249374220
9781249374237
9781249374244
9781249374251
9781249374268
9781249374275
9781249374282
9781249374299
9781249374305
9781249374312
9781249374329
9781249374336
9781249374343
9781249374350
9781249374367
9781249374374
9781249374398
9781249374404
9781249374411
9781249374428
9781249374435
9781249374442
9781249374459
9781249374466
9781249374473
9781249374480
9781249374497
9781249374503
9781249374510
9781249374527
9781249374541
9781249374558
9781249374565
9781249374589
9781249374596
9781249374619
9781249374626
9781249374633
9781249374640
9781249374664
9781249374671
9781249374688
9781249374695
9781249374701
9781249374718
9781249374725
9781249374732
9781249374749
9781249374756
9781249374763
9781249374770
9781249374787
9781249374794
9781249374800
9781249374817
9781249374824
9781249374831
9781249374848
9781249374855
9781249374862
9781249374879
9781249374886
9781249374893
9781249374909
9781249374916
9781249374923
9781249374930
9781249374947
9781249374954
9781249374961
9781249374978
9781249374985
9781249374992
9781249375005
9781249375012
9781249375029
9781249375036
9781249375043
9781249375050
9781249375067
9781249375074
9781249375081
9781249375098
9781249375104
9781249375111
9781249375135
9781249375142
9781249375166
9781249375173
9781249375180
9781249375203
9781249375210
9781249375227
9781249375234
9781249375241
9781249375258
9781249375272
9781249375289
9781249375296
9781249375302
9781249375319
9781249375326
9781249375333
9781249375340
9781249375357
9781249375364
9781249375371
9781249375388
9781249375395
9781249375401
9781249375418
9781249375425
9781249375432
9781249375449
9781249375456
9781249375463
9781249375470
9781249375487
9781249375494
9781249375500
9781249375517
9781249375524
9781249375531
9781249375548
9781249375555
9781249375562
9781249375579
9781249375586
9781249375593
9781249375609
9781249375616
9781249375623
9781249375630
9781249375647
9781249375654
9781249375661
9781249375678
9781249375685
9781249375692
9781249375708
9781249375715
9781249375722
9781249375739
9781249375746
9781249375753
9781249375760
9781249375777
9781249375784
9781249375791
9781249375807
9781249375814
9781249375821
9781249375838
9781249375852
9781249375869
9781249375876
9781249375883
9781249375890
9781249375906
9781249375913
9781249375920
9781249375937
9781249375944
9781249375951
9781249375968
9781249375975
9781249375982
9781249375999
9781249376002
9781249376019
9781249376026
9781249376033
9781249376040
9781249376057
9781249376071
9781249376088
9781249376095
9781249376101
9781249376118
9781249376125
9781249376132
9781249376149
9781249376156
9781249376163
9781249376170
9781249376187
9781249376194
9781249376200
9781249376217
9781249376224
9781249376231
9781249376248
9781249376255
9781249376262
9781249376279
9781249376286
9781249376293
9781249376309
9781249376316
9781249376323
9781249376330
9781249376347
9781249376354
9781249376361
9781249376378
9781249376385
9781249376392
9781249376408
9781249376415
9781249376422
9781249376439
9781249376446
9781249376453
9781249376460
9781249376477
9781249376484
9781249376507
9781249376514
9781249376521
9781249376538
9781249376545
9781249376552
9781249376569
9781249376576
9781249376583
9781249376606
9781249376613
9781249376620
9781249376637
9781249376644
9781249376651
9781249376668
9781249376675
9781249376699
9781249376712
9781249376729
9781249376736
9781249376743
9781249376750
9781249376767
9781249376774
9781249376781
9781249376798
9781249376804
9781249376811
9781249376828
9781249376835
9781249376842
9781249376859
9781249376866
9781249376873
9781249376880
9781249376897
9781249376903
9781249376910
9781249376927
9781249376934
9781249376941
9781249376958
9781249376965
9781249376972
9781249376989
9781249376996
9781249377009
9781249377016
9781249377023
9781249377030
9781249377047
9781249377061
9781249377115
9781249377122
9781249377139
9781249377146
9781249377153
9781249377160
9781249377177
9781249377184
9781249377191
9781249377207
9781249377214
9781249377221
9781249377238
9781249377245
9781249377252
9781249377269
9781249377276
9781249377283
9781249377290
9781249377306
9781249377313
9781249377320
9781249377337
9781249377344
9781249377351
9781249377368
9781249377375
9781249377382
9781249377399
9781249377405
9781249377412
9781249377429
9781249377436
9781249377443
9781249377450
9781249377467
9781249377474
9781249377481
9781249377498
9781249377504
9781249377511
9781249377528
9781249377535
9781249377542
9781249377559
9781249377566
9781249377573
9781249377580
9781249377597
9781249377603
9781249377627
9781249377634
9781249377641
9781249377658
9781249377696
9781249377702
9781249377719
9781249377726
9781249377733
9781249377740
9781249377757
9781249377764
9781249377771
9781249377788
9781249377795
9781249377801
9781249377818
9781249377825
9781249377832
9781249377849
9781249377856
9781249377863
9781249377870
9781249377887
9781249377894
9781249377900
9781249377917
9781249377924
9781249377931
9781249377948
9781249377955
9781249377962
9781249377979
9781249377986
9781249377993
9781249378006
9781249378013
9781249378020
9781249378037
9781249378044
9781249378051
9781249378068
9781249378075
9781249378082
9781249378099
9781249378105
9781249378112
9781249378129
9781249378136
9781249378143
9781249378167
9781249378174
9781249378181
9781249378198
9781249378204
9781249378211
9781249378228
9781249378235
9781249378242
9781249378259
9781249378266
9781249378273
9781249378280
9781249378297
9781249378303
9781249378310
9781249378327
9781249378334
9781249378341
9781249378358
9781249378365
9781249378372
9781249378389
9781249378396
9781249378402
9781249378419
9781249378426
9781249378433
9781249378440
9781249378457
9781249378464
9781249378471
9781249378488
9781249378495
9781249378501
9781249378518
9781249378525
9781249378532
9781249378549
9781249378556
9781249378563
9781249378570
9781249378587
9781249378594
9781249378600
9781249378617
9781249378624
9781249378631
9781249378648
9781249378655
9781249378662
9781249378679
9781249378686
9781249378693
9781249378709
9781249378716
9781249378723
9781249378730
9781249378754
9781249378761
9781249378778
9781249378785
9781249378792
9781249378808
9781249378815
9781249378822
9781249378839
9781249378846
9781249378853
9781249378860
9781249378877
9781249378884
9781249378891
9781249378907
9781249378914
9781249378921
9781249378938
9781249378945
9781249378952
9781249378969
9781249378976
9781249378983
9781249378990
9781249379003
9781249379010
9781249379027
9781249379034
9781249379041
9781249379058
9781249379065
9781249379072
9781249379089
9781249379096
9781249379102
9781249379119
9781249379126
9781249379133
9781249379140
9781249379157
9781249379164
9781249379171
9781249379188
9781249379195
9781249379201
9781249379218
9781249379225
9781249379232
9781249379249
9781249379256
9781249379263
9781249379270
9781249379287
9781249379294
9781249379300
9781249379317
9781249379324
9781249379331
9781249379348
9781249379355
9781249379362
9781249379379
9781249379386
9781249379393
9781249379409
9781249379416
9781249379423
9781249379430
9781249379447
9781249379454
9781249379461
9781249379478
9781249379492
9781249379553
9781249379560
9781249379577
9781249379584
9781249379591
9781249379607
9781249379614
9781249379621
9781249379638
9781249379645
9781249379652
9781249379669
9781249379676
9781249379683
9781249379690
9781249379713
9781249379720
9781249379737
9781249379744
9781249379751
9781249379768
9781249379775
9781249379782
9781249379799
9781249379805
9781249379812
9781249379829
9781249379836
9781249379843
9781249379850
9781249379867
9781249379874
9781249379881
9781249379898
9781249379904
9781249379911
9781249379935
9781249379942
9781249379959
9781249379966
9781249379973
9781249379980
9781249379997
9781249380009
9781249380016
9781249380023
9781249380030
9781249380047
9781249380054
9781249380061
9781249380078
9781249380085
9781249380092
9781249380108
9781249380115
9781249380122
9781249380139
9781249380146
9781249380153
9781249380160
9781249380177
9781249380184
9781249380191
9781249380207
9781249380214
9781249380221
9781249380238
9781249380245
9781249380252
9781249380276
9781249380283
9781249380290
9781249380306
9781249380313
9781249380320
9781249380337
9781249380344
9781249380351
9781249380368
9781249380375
9781249380382
9781249380399
9781249380405
9781249380412
9781249380429
9781249380436
9781249380443
9781249380450
9781249380467
9781249380474
9781249380481
9781249380498
9781249380504
9781249380511
9781249380528
9781249380535
9781249380566
9781249380603
9781249380634
9781249380658
9781249380665
9781249380672
9781249380689
9781249380696
9781249380702
9781249380719
9781249380726
9781249380733
9781249380740
9781249380757
9781249380764
9781249380771
9781249380788
9781249380801
9781249380818
9781249380825
9781249380832
9781249380849
9781249380863
9781249380870
9781249380900
9781249380931
9781249380948
9781249380962
9781249380979
9781249380993
9781249381037
9781249381068
9781249381075
9781249381099
9781249381105
9781249381112
9781249381150
9781249381167
9781249381426
9781249381433
9781249381440
9781249381471
9781249381488
9781249381549
9781249381556
9781249381655
9781249381662
9781249381679
9781249381686
9781249381693
9781249381709
9781249381716
9781249381723
9781249381747
9781249381754
9781249381761
9781249381778
9781249381785
9781249381792
9781249381808
9781249381815
9781249381822
9781249381839
9781249381846
9781249381853
9781249381860
9781249381877
9781249381884
9781249381891
9781249381907
9781249381914
9781249381921
9781249381938
9781249381945
9781249381952
9781249381969
9781249381983
9781249381990
9781249382003
9781249382010
9781249382133
9781249382157
9781249382171
9781249382188
9781249382195
9781249382201
9781249382218
9781249382225
9781249382232
9781249382249
9781249382256
9781249382263
9781249382270
9781249382287
9781249382294
9781249382300
9781249382317
9781249382324
9781249382331
9781249382348
9781249382355
9781249382362
9781249382379
9781249382393
9781249382409
9781249382416
9781249382423
9781249382430
9781249382447
9781249382454
9781249382461
9781249382478
9781249382485
9781249382492
9781249382508
9781249382515
9781249382522
9781249382539
9781249382546
9781249382553
9781249382560
9781249382577
9781249382584
9781249382591
9781249382607
9781249382614
9781249382621
9781249382638
9781249382645
9781249382652
9781249382669
9781249382676
9781249382683
9781249382690
9781249382706
9781249382713
9781249382720
9781249382737
9781249382744
9781249382751
9781249382768
9781249382775
9781249382782
9781249382799
9781249382805
9781249382812
9781249382836
9781249382843
9781249382850
9781249382867
9781249382874
9781249382881
9781249382898
9781249382904
9781249382911
9781249382928
9781249382935
9781249382942
9781249382959
9781249382973
9781249382980
9781249382997
9781249383000
9781249383017
9781249383024
9781249383031
9781249383048
9781249383055
9781249383062
9781249383079
9781249383086
9781249383093
9781249383109
9781249383116
9781249383123
9781249383130
9781249383147
9781249383154
9781249383161
9781249383178
9781249383185
9781249383222
9781249383239
9781249383246
9781249383260
9781249383277
9781249383284
9781249383291
9781249383307
9781249383321
9781249383338
9781249383345
9781249383376
9781249383383
9781249383406
9781249383413
9781249383420
9781249383505
9781249383567
9781249383574
9781249383581
9781249383604
9781249383611
9781249383628
9781249383635
9781249383642
9781249383659
9781249383666
9781249383673
9781249383680
9781249383697
9781249383703
9781249383710
9781249383727
9781249383734
9781249383741
9781249383758
9781249383765
9781249383772
9781249383789
9781249383796
9781249383802
9781249383819
9781249383826
9781249383833
9781249383840
9781249383857
9781249383864
9781249383871
9781249383888
9781249383895
9781249383901
9781249383918
9781249383925
9781249383932
9781249383949
9781249383956
9781249383963
9781249383970
9781249383987
9781249383994
9781249384007
9781249384014
9781249384021
9781249384038
9781249384045
9781249384052
9781249384069
9781249384076
9781249384083
9781249384090
9781249384106
9781249384113
9781249384120
9781249384137
9781249384144
9781249384151
9781249384168
9781249384175
9781249384182
9781249384199
9781249384212
9781249384229
9781249384236
9781249384243
9781249384250
9781249384267
9781249384274
9781249384328
9781249384335
9781249384342
9781249384366
9781249384373
9781249384380
9781249384397
9781249384403
9781249384427
9781249384441
9781249384458
9781249384465
9781249384472
9781249384489
9781249384496
9781249384502
9781249384519
9781249384526
9781249384533
9781249384540
9781249384557
9781249384564
9781249384571
9781249384588
9781249384595
9781249384601
9781249384618
9781249384625
9781249384632
9781249384649
9781249384656
9781249384663
9781249384670
9781249384687
9781249384694
9781249384700
9781249384717
9781249384724
9781249384731
9781249384748
9781249384755
9781249384762
9781249384779
9781249384786
9781249384793
9781249384809
9781249384816
9781249384823
9781249384830
9781249384847
9781249384854
9781249384861
9781249384878
9781249384885
9781249384892
9781249384908
9781249384915
9781249384922
9781249384939
9781249384946
9781249384953
9781249384960
9781249384977
9781249384984
9781249384991
9781249385004
9781249385011
9781249385028
9781249385035
9781249385042
9781249385059
9781249385066
9781249385073
9781249385080
9781249385097
9781249385103
9781249385110
9781249385127
9781249385134
9781249385141
9781249385158
9781249385165
9781249385172
9781249385189
9781249385196
9781249385202
9781249385219
9781249385226
9781249385233
9781249385240
9781249385257
9781249385264
9781249385271
9781249385288
9781249385295
9781249385301
9781249385318
9781249385325
9781249385332
9781249385349
9781249385356
9781249385363
9781249385370
9781249385387
9781249385394
9781249385400
9781249385417
9781249385424
9781249385431
9781249385448
9781249385455
9781249385462
9781249385479
9781249385486
9781249385493
9781249385509
9781249385516
9781249385523
9781249385530
9781249385547
9781249385554
9781249385561
9781249385578
9781249385585
9781249385592
9781249385608
9781249385615
9781249385622
9781249385639
9781249385646
9781249385653
9781249385660
9781249385677
9781249385684
9781249385691
9781249385707
9781249385714
9781249385721
9781249385738
9781249385745
9781249385752
9781249385769
9781249385776
9781249385783
9781249385790
9781249385806
9781249385813
9781249385820
9781249385837
9781249385844
9781249385851
9781249385868
9781249385875
9781249385882
9781249385899
9781249385905
9781249385912
9781249385929
9781249385936
9781249385943
9781249385950
9781249385967
9781249385974
9781249385981
9781249385998
9781249386001
9781249386018
9781249386025
9781249386032
9781249386049
9781249386056
9781249386063
9781249386070
9781249386087
9781249386094
9781249386100
9781249386117
9781249386124
9781249386131
9781249386148
9781249386155
9781249386162
9781249386179
9781249386186
9781249386193
9781249386209
9781249386216
9781249386223
9781249386230
9781249386247
9781249386254
9781249386261
9781249386278
9781249386285
9781249386292
9781249386308
9781249386315
9781249386322
9781249386339
9781249386346
9781249386353
9781249386360
9781249386377
9781249386391
9781249386407
9781249386414
9781249386421
9781249386438
9781249386445
9781249386452
9781249386469
9781249386476
9781249386483
9781249386490
9781249386506
9781249386513
9781249386520
9781249386537
9781249386544
9781249386551
9781249386568
9781249386575
9781249386582
9781249386599
9781249386605
9781249386612
9781249386629
9781249386636
9781249386643
9781249386650
9781249386667
9781249386674
9781249386681
9781249386698
9781249386704
9781249386711
9781249386728
9781249386735
9781249386742
9781249386759
9781249386766
9781249386773
9781249386780
9781249386797
9781249386803
9781249386810
9781249386827
9781249386834
9781249386841
9781249386858
9781249386865
9781249386872
9781249386889
9781249386896
9781249386902
9781249386919
9781249386926
9781249386933
9781249386940
9781249386957
9781249386964
9781249386971
9781249386988
9781249386995
9781249387008
9781249387015
9781249387022
9781249387039
9781249387046
9781249387053
9781249387060
9781249387077
9781249387084
9781249387091
9781249387107
9781249387114
9781249387121
9781249387138
9781249387145
9781249387152
9781249387169
9781249387176
9781249387183
9781249387190
9781249387206
9781249387213
9781249387220
9781249387237
9781249387244
9781249387251
9781249387268
9781249387275
9781249387282
9781249387299
9781249387305
9781249387312
9781249387329
9781249387336
9781249387343
9781249387350
9781249387367
9781249387374
9781249387381
9781249387398
9781249387404
9781249387411
9781249387428
9781249387435
9781249387442
9781249387459
9781249387466
9781249387473
9781249387480
9781249387497
9781249387503
9781249387510
9781249387527
9781249387534
9781249387541
9781249387558
9781249387565
9781249387572
9781249387589
9781249387596
9781249387602
9781249387619
9781249387626
9781249387633
9781249387640
9781249387657
9781249387671
9781249387688
9781249387695
9781249387701
9781249387718
9781249387725
9781249387732
9781249387749
9781249387756
9781249387763
9781249387770
9781249387787
9781249387794
9781249387800
9781249387817
9781249387824
9781249387831
9781249387848
9781249387855
9781249387862
9781249387879
9781249387886
9781249387893
9781249387909
9781249387916
9781249387923
9781249387930
9781249387947
9781249387954
9781249387961
9781249387978
9781249387985
9781249387992
9781249388005
9781249388012
9781249388029
9781249388036
9781249388043
9781249388050
9781249388067
9781249388074
9781249388081
9781249388098
9781249388104
9781249388111
9781249388128
9781249388135
9781249388142
9781249388159
9781249388166
9781249388173
9781249388180
9781249388197
9781249388203
9781249388210
9781249388227
9781249388234
9781249388241
9781249388258
9781249388265
9781249388272
9781249388289
9781249388296
9781249388302
9781249388319
9781249388326
9781249388333
9781249388340
9781249388357
9781249388364
9781249388371
9781249388388
9781249388395
9781249388401
9781249388418
9781249388425
9781249388432
9781249388449
9781249388456
9781249388463
9781249388470
9781249388487
9781249388494
9781249388500
9781249388517
9781249388524
9781249388531
9781249388548
9781249388555
9781249388562
9781249388579
9781249388586
9781249388593
9781249388609
9781249388616
9781249388623
9781249388630
9781249388647
9781249388654
9781249388661
9781249388678
9781249388685
9781249388692
9781249388708
9781249388715
9781249388722
9781249388739
9781249388746
9781249388753
9781249388760
9781249388777
9781249388784
9781249388791
9781249388807
9781249388814
9781249388821
9781249388838
9781249388845
9781249388852
9781249388869
9781249388876
9781249388883
9781249388890
9781249388906
9781249388913
9781249388920
9781249388937
9781249388944
9781249388951
9781249388968
9781249388975
9781249388982
9781249388999
9781249389002
9781249389019
9781249389026
9781249389033
9781249389040
9781249389057
9781249389064
9781249389071
9781249389088
9781249389095
9781249389101
9781249389132
9781249389149
9781249389156
9781249389163
9781249389170
9781249389187
9781249389194
9781249389200
9781249389217
9781249389224
9781249389231
9781249389248
9781249389255
9781249389262
9781249389286
9781249389293
9781249389309
9781249389316
9781249389330
9781249389347
9781249389354
9781249389361
9781249389378
9781249389385
9781249389392
9781249389408
9781249389415
9781249389422
9781249389439
9781249389446
9781249389453
9781249389460
9781249389477
9781249389484
9781249389491
9781249389507
9781249389514
9781249389521
9781249389538
9781249389545
9781249389552
9781249389569
9781249389576
9781249389583
9781249389590
9781249389606
9781249389613
9781249389620
9781249389637
9781249389644
9781249389651
9781249389668
9781249389675
9781249389682
9781249389699
9781249389705
9781249389712
9781249389729
9781249389736
9781249389743
9781249389750
9781249389767
9781249389774
9781249389781
9781249389798
9781249389804
9781249389811
9781249389828
9781249389835
9781249389842
9781249389859
9781249389866
9781249389873
9781249389880
9781249389897
9781249389903
9781249389910
9781249389927
9781249389934
9781249389941
9781249389958
9781249389965
9781249389972
9781249389989
9781249389996
9781249390008
9781249390015
9781249390022
9781249390039
9781249390046
9781249390053
9781249390060
9781249390077
9781249390084
9781249390091
9781249390107
9781249390114
9781249390121
9781249390138
9781249390145
9781249390152
9781249390169
9781249390176
9781249390183
9781249390190
9781249390206
9781249390213
9781249390220
9781249390237
9781249390244
9781249390251
9781249390268
9781249390275
9781249390282
9781249390299
9781249390305
9781249390312
9781249390329
9781249390336
9781249390343
9781249390350
9781249390367
9781249390374
9781249390381
9781249390398
9781249390404
9781249390411
9781249390428
9781249390435
9781249390442
9781249390459
9781249390466
9781249390473
9781249390480
9781249390497
9781249390503
9781249390510
9781249390527
9781249390534
9781249390541
9781249390558
9781249390565
9781249390572
9781249390589
9781249390596
9781249390602
9781249390619
9781249390626
9781249390633
9781249390640
9781249390657
9781249390664
9781249390671
9781249390688
9781249390701
9781249390718
9781249390725
9781249390732
9781249390749
9781249390756
9781249390763
9781249390770
9781249390787
9781249390794
9781249390800
9781249390817
9781249390824
9781249390831
9781249390848
9781249390855
9781249390862
9781249390879
9781249390886
9781249390893
9781249390909
9781249390930
9781249390947
9781249390954
9781249390978
9781249390985
9781249390992
9781249391005
9781249391029
9781249391036
9781249391043
9781249391050
9781249391067
9781249391074
9781249391081
9781249391104
9781249391128
9781249391135
9781249391142
9781249391166
9781249391173
9781249391180
9781249391197
9781249391203
9781249391210
9781249391227
9781249391234
9781249391241
9781249391258
9781249391265
9781249391272
9781249391289
9781249391296
9781249391302
9781249391319
9781249391326
9781249391333
9781249391340
9781249391357
9781249391364
9781249391371
9781249391388
9781249391395
9781249391401
9781249391418
9781249391425
9781249391432
9781249391449
9781249391456
9781249391463
9781249391470
9781249391487
9781249391494
9781249391500
9781249391517
9781249391524
9781249391531
9781249391548
9781249391555
9781249391562
9781249391579
9781249391586
9781249391593
9781249391609
9781249391616
9781249391623
9781249391630
9781249391647
9781249391654
9781249391661
9781249391678
9781249391685
9781249391692
9781249391708
9781249391715
9781249391722
9781249391739
9781249391746
9781249391753
9781249391760
9781249391777
9781249391784
9781249391791
9781249391807
9781249391814
9781249391821
9781249391838
9781249391852
9781249391869
9781249391876
9781249391883
9781249391890
9781249391906
9781249391913
9781249391920
9781249391937
9781249391944
9781249391951
9781249391968
9781249391975
9781249391982
9781249391999
9781249392002
9781249392019
9781249392026
9781249392033
9781249392040
9781249392057
9781249392064
9781249392071
9781249392088
9781249392095
9781249392101
9781249392149
9781249392316
9781249392323
9781249392330
9781249392347
9781249392354
9781249392361
9781249392378
9781249392385
9781249392392
9781249392408
9781249392415
9781249392422
9781249392439
9781249392446
9781249392453
9781249392460
9781249392477
9781249392484
9781249392491
9781249392507
9781249392514
9781249392521
9781249392538
9781249392545
9781249392552
9781249392569
9781249392576
9781249392583
9781249392590
9781249392606
9781249392613
9781249392620
9781249392637
9781249392644
9781249392651
9781249392668
9781249392675
9781249392682
9781249392699
9781249392705
9781249392712
9781249392729
9781249392736
9781249392743
9781249392750
9781249392767
9781249392774
9781249392781
9781249392798
9781249392804
9781249392811
9781249392828
9781249392835
9781249392842
9781249392859
9781249392866
9781249392873
9781249392880
9781249392897
9781249392903
9781249392910
9781249392927
9781249392934
9781249392941
9781249392958
9781249392965
9781249392972
9781249392989
9781249392996
9781249393009
9781249393016
9781249393023
9781249393030
9781249393047
9781249393054
9781249393061
9781249393078
9781249393085
9781249393092
9781249393108
9781249393115
9781249393122
9781249393139
9781249393146
9781249393153
9781249393160
9781249393177
9781249393184
9781249393191
9781249393207
9781249393214
9781249393221
9781249393238
9781249393245
9781249393252
9781249393276
9781249393283
9781249393290
9781249393306
9781249393313
9781249393320
9781249393337
9781249393344
9781249393351
9781249393368
9781249393375
9781249393382
9781249393399
9781249393405
9781249393429
9781249393436
9781249393450
9781249393481
9781249393498
9781249393511
9781249393528
9781249393535
9781249393566
9781249393597
9781249393603
9781249393610
9781249393634
9781249393641
9781249393658
9781249393665
9781249393672
9781249393689
9781249393696
9781249393702
9781249393719
9781249393726
9781249393733
9781249393740
9781249393757
9781249393764
9781249393771
9781249393788
9781249393801
9781249393825
9781249393832
9781249393856
9781249393863
9781249393870
9781249393894
9781249393917
9781249393924
9781249393931
9781249393955
9781249393979
9781249393993
9781249394006
9781249394013
9781249394020
9781249394037
9781249394044
9781249394051
9781249394068
9781249394075
9781249394082
9781249394099
9781249394112
9781249394129
9781249394136
9781249394143
9781249394167
9781249394174
9781249394181
9781249394198
9781249394204
9781249394211
9781249394228
9781249394242
9781249394259
9781249394266
9781249394273
9781249394280
9781249394297
9781249394303
9781249394327
9781249394334
9781249394341
9781249394358
9781249394365
9781249394372
9781249394389
9781249394396
9781249394402
9781249394426
9781249394433
9781249394440
9781249394457
9781249394464
9781249394471
9781249394488
9781249394495
9781249394518
9781249394525
9781249394532
9781249394549
9781249394556
9781249394563
9781249394570
9781249394587
9781249394600
9781249394631
9781249394648
9781249394662
9781249394686
9781249394709
9781249394723
9781249394747
9781249395195
9781249395508
9781249395522
9781249395539
9781249395607
9781249395614
9781249395621
9781249395638
9781249395645
9781249395652
9781249395669
9781249395676
9781249395683
9781249395690
9781249395706
9781249395713
9781249395720
9781249395737
9781249395744
9781249395751
9781249395768
9781249395775
9781249395805
9781249395829
9781249395836
9781249395843
9781249395850
9781249395881
9781249395898
9781249395904
9781249395911
9781249395928
9781249395935
9781249395942
9781249395959
9781249395966
9781249395973
9781249395980
9781249395997
9781249396017
9781249396024
9781249396215
9781249396314
9781249396321
9781249396345
9781249396529
9781249396635
9781249396673
9781249396710
9781249396765
9781249396895
9781249396925
9781249396932
9781249397014
9781249397038
9781249397106
9781249397113
9781249397700
9781249397717
9781249397724
9781249397731
9781249397748
9781249397755
9781249397779
9781249397786
9781249397793
9781249397809
9781249397816
9781249397823
9781249397830
9781249397847
9781249397854
9781249397861
9781249397878
9781249397885
9781249397892
9781249397908
9781249397915
9781249397922
9781249397939
9781249397946
9781249397953
9781249397960
9781249397977
9781249397984
9781249397991
9781249398110
9781249398127
9781249398134
9781249398189
9781249398264
9781249398431
9781249399162
9781249399179
9781249399261
9781249399278
9781249399308
9781249399315
9781249399339
9781249399346
9781249399353
9781249399360
9781249399377
9781249399384
9781249399391
9781249399407
9781249399421
9781249399438
9781249399445
9781249399452
9781249399469
9781249399476
9781249399483
9781249399490
9781249399506
9781249399537
9781249399544
9781249399551
9781249399582
9781249399599
9781249399605
9781249399612
9781249399629
9781249399636
9781249399650
9781249399674
9781249399759
9781249399773
9781249399797
9781249400769
9781249400776
9781249400790
9781249400806
9781249400813
9781249400820
9781249400837
9781249400844
9781249400851
9781249400868
9781249400875
9781249400882
9781249400899
9781249400905
9781249400912
9781249400929
9781249400936
9781249400950
9781249400967
9781249400974
9781249400981
9781249400998
9781249401001
9781249401018
9781249401025
9781249401032
9781249401056
9781249401063
9781249401070
9781249401087
9781249401094
9781249401100
9781249401117
9781249401124
9781249401131
9781249401148
9781249401155
9781249401162
9781249401179
9781249401186
9781249401193
9781249401209
9781249401216
9781249401223
9781249401230
9781249401254
9781249401261
9781249401278
9781249401292
9781249401308
9781249401315
9781249401322
9781249401339
9781249401346
9781249401353
9781249401360
9781249401377
9781249401384
9781249401391
9781249401407
9781249401414
9781249401421
9781249401438
9781249401445
9781249401452
9781249401476
9781249401490
9781249401506
9781249401513
9781249401520
9781249401537
9781249401544
9781249401551
9781249401568
9781249401575
9781249401582
9781249401599
9781249401605
9781249401612
9781249402039
9781249402046
9781249402053
9781249402060
9781249402107
9781249402114
9781249402138
9781249402152
9781249402169
9781249402220
9781249403234
9781249403241
9781249403272
9781249403289
9781249403296
9781249403319
9781249403333
9781249403340
9781249403364
9781249403371
9781249403388
9781249403401
9781249403418
9781249403425
9781249403449
9781249403456
9781249403463
9781249403470
9781249403487
9781249403494
9781249403500
9781249403517
9781249403524
9781249403555
9781249403579
9781249403586
9781249403593
9781249403609
9781249403616
9781249403623
9781249403630
9781249403654
9781249403678
9781249403685
9781249403692
9781249403715
9781249403722
9781249403739
9781249403746
9781249403753
9781249403760
9781249403784
9781249403791
9781249403814
9781249403821
9781249403838
9781249403845
9781249403852
9781249403869
9781249403876
9781249403890
9781249403906
9781249403920
9781249403944
9781249403951
9781249403968
9781249403975
9781249403982
9781249403999
9781249404002
9781249404019
9781249404026
9781249404033
9781249404071
9781249404088
9781249404095
9781249404118
9781249404149
9781249404156
9781249404170
9781249404187
9781249404194
9781249404200
9781249404217
9781249404224
9781249404231
9781249404255
9781249404262
9781249404286
9781249404293
9781249404309
9781249404316
9781249404323
9781249404330
9781249404347
9781249404354
9781249404361
9781249404378
9781249404385
9781249404392
9781249404408
9781249404415
9781249404422
9781249404439
9781249404446
9781249404453
9781249404460
9781249404477
9781249404491
9781249404514
9781249404521
9781249404538
9781249404545
9781249404552
9781249404576
9781249404583
9781249404590
9781249404606
9781249404613
9781249404620
9781249404637
9781249404644
9781249404651
9781249404668
9781249404675
9781249404682
9781249404699
9781249404705
9781249404712
9781249404729
9781249404736
9781249404743
9781249404750
9781249404767
9781249404774
9781249404781
9781249404798
9781249404804
9781249404811
9781249404828
9781249404835
9781249404842
9781249404859
9781249404866
9781249404880
9781249404897
9781249404903
9781249404910
9781249404927
9781249404934
9781249404941
9781249404958
9781249404965
9781249404972
9781249404989
9781249404996
9781249405016
9781249405023
9781249405030
9781249405047
9781249405054
9781249405061
9781249405078
9781249405092
9781249405115
9781249405122
9781249405139
9781249405146
9781249405153
9781249405160
9781249405177
9781249405191
9781249405207
9781249405214
9781249405221
9781249405238
9781249405252
9781249405276
9781249405283
9781249405290
9781249405306
9781249405313
9781249405320
9781249405337
9781249405344
9781249405351
9781249405368
9781249405375
9781249405382
9781249405399
9781249405405
9781249405412
9781249405429
9781249405436
9781249405443
9781249405450
9781249405467
9781249405474
9781249405481
9781249405498
9781249405511
9781249405528
9781249405535
9781249405542
9781249405559
9781249405573
9781249405580
9781249405597
9781249405603
9781249405610
9781249405627
9781249405634
9781249405641
9781249405658
9781249405665
9781249405672
9781249405689
9781249405696
9781249405702
9781249405726
9781249405733
9781249405740
9781249405757
9781249405764
9781249405771
9781249405788
9781249405795
9781249405801
9781249405832
9781249405849
9781249405856
9781249405863
9781249405894
9781249405900
9781249405917
9781249405924
9781249405931
9781249405948
9781249405962
9781249405986
9781249405993
9781249406006
9781249406013
9781249406020
9781249406044
9781249406051
9781249406068
9781249406075
9781249406082
9781249406099
9781249406105
9781249406112
9781249406129
9781249406136
9781249406143
9781249406150
9781249406167
9781249406174
9781249406181
9781249406198
9781249406204
9781249406211
9781249406228
9781249406259
9781249406266
9781249406273
9781249406280
9781249406303
9781249406310
9781249406334
9781249406341
9781249406358
9781249406365
9781249406372
9781249406389
9781249406402
9781249406419
9781249406426
9781249406433
9781249406440
9781249406457
9781249406464
9781249406471
9781249406488
9781249406495
9781249406501
9781249406525
9781249406532
9781249406549
9781249406556
9781249406563
9781249406570
9781249406594
9781249406600
9781249406617
9781249406624
9781249406648
9781249406655
9781249406662
9781249406679
9781249406686
9781249406693
9781249406709
9781249406716
9781249406723
9781249406730
9781249406747
9781249406754
9781249406761
9781249406778
9781249406785
9781249406808
9781249406815
9781249406822
9781249406839
9781249406846
9781249406860
9781249406884
9781249406891
9781249406907
9781249406914
9781249406921
9781249406938
9781249406945
9781249406952
9781249406969
9781249406976
9781249406983
9781249407003
9781249407010
9781249407027
9781249407041
9781249407065
9781249407089
9781249407096
9781249407102
9781249407126
9781249407140
9781249407164
9781249407171
9781249407188
9781249407195
9781249407201
9781249407218
9781249407225
9781249407249
9781249407263
9781249407287
9781249407300
9781249407317
9781249407324
9781249407331
9781249407348
9781249407355
9781249407379
9781249407393
9781249407409
9781249407416
9781249407423
9781249407430
9781249407447
9781249407461
9781249407478
9781249407485
9781249407508
9781249407515
9781249407522
9781249407539
9781249407546
9781249407553
9781249407560
9781249407577
9781249407584
9781249407607
9781249407614
9781249407621
9781249407638
9781249407645
9781249407652
9781249407669
9781249407676
9781249407683
9781249407690
9781249407713
9781249407720
9781249407737
9781249407751
9781249407768
9781249407775
9781249407782
9781249407799
9781249407805
9781249407829
9781249407843
9781249407867
9781249407881
9781249407898
9781249407904
9781249407928
9781249407935
9781249407942
9781249407959
9781249407966
9781249407980
9781249407997
9781249408000
9781249408017
9781249408024
9781249408031
9781249408048
9781249408055
9781249408079
9781249408086
9781249408093
9781249408116
9781249408130
9781249408147
9781249408154
9781249408161
9781249408178
9781249408192
9781249408215
9781249408222
9781249408239
9781249408246
9781249408253
9781249408260
9781249408277
9781249408291
9781249408307
9781249408314
9781249408321
9781249408338
9781249408345
9781249408352
9781249408369
9781249408376
9781249408383
9781249408390
9781249408406
9781249408413
9781249408437
9781249408444
9781249408451
9781249408468
9781249408475
9781249408482
9781249408499
9781249408505
9781249408512
9781249408529
9781249408536
9781249408574
9781249408581
9781249408598
9781249408604
9781249408611
9781249408628
9781249408635
9781249408642
9781249408666
9781249408673
9781249408680
9781249408703
9781249408710
9781249408734
9781249408758
9781249408772
9781249408796
9781249408802
9781249408826
9781249408840
9781249408864
9781249408888
9781249408895
9781249408901
9781249408918
9781249408925
9781249408932
9781249408949
9781249408956
9781249408963
9781249408987
9781249409007
9781249409021
9781249409038
9781249409045
9781249409052
9781249409069
9781249409076
9781249409083
9781249409106
9781249409113
9781249409120
9781249409137
9781249409151
9781249409168
9781249409175
9781249409182
9781249409205
9781249409236
9781249409243
9781249409250
9781249409267
9781249409281
9781249409298
9781249409304
9781249409311
9781249409328
9781249409335
9781249409342
9781249409366
9781249409373
9781249409380
9781249409397
9781249409403
9781249409410
9781249409427
9781249409434
9781249409441
9781249409458
9781249409472
9781249409489
9781249409496
9781249409502
9781249409519
9781249409526
9781249409540
9781249409557
9781249409564
9781249409571
9781249409588
9781249409595
9781249409601
9781249409618
9781249409625
9781249409632
9781249409649
9781249409656
9781249409663
9781249409687
9781249409700
9781249409717
9781249409724
9781249409731
9781249409748
9781249409755
9781249409762
9781249409779
9781249409786
9781249409793
9781249409809
9781249409823
9781249409830
9781249409847
9781249409854
9781249409861
9781249409878
9781249409885
9781249409908
9781249409915
9781249409922
9781249409939
9781249409946
9781249409953
9781249409960
9781249409977
9781249409984
9781249410003
9781249410027
9781249410034
9781249410041
9781249410058
9781249410065
9781249410089
9781249410096
9781249410102
9781249410119
9781249410126
9781249410133
9781249410140
9781249410157
9781249410171
9781249410188
9781249410195
9781249410201
9781249410218
9781249410225
9781249410232
9781249410249
9781249410263
9781249410270
9781249410294
9781249410300
9781249410324
9781249410331
9781249410348
9781249410355
9781249410362
9781249410379
9781249410386
9781249410393
9781249410409
9781249410423
9781249410430
9781249410447
9781249410461
9781249410478
9781249410492
9781249410508
9781249410522
9781249410539
9781249410546
9781249410553
9781249410560
9781249410577
9781249410584
9781249410591
9781249410621
9781249410645
9781249410652
9781249410669
9781249410676
9781249410690
9781249410706
9781249410720
9781249410737
9781249410751
9781249410768
9781249410775
9781249410782
9781249410799
9781249410805
9781249410812
9781249410829
9781249410843
9781249410867
9781249410881
9781249410898
9781249410904
9781249410911
9781249410928
9781249410935
9781249410966
9781249410973
9781249410980
9781249410997
9781249411017
9781249411024
9781249411031
9781249411048
9781249411055
9781249411062
9781249411079
9781249411086
9781249411093
9781249411109
9781249411116
9781249411123
9781249411130
9781249411147
9781249411154
9781249411161
9781249411178
9781249411208
9781249411215
9781249411222
9781249411253
9781249411260
9781249411284
9781249411291
9781249411307
9781249411314
9781249411321
9781249411338
9781249411345
9781249411352
9781249411369
9781249411376
9781249411390
9781249411406
9781249411413
9781249411420
9781249411437
9781249411444
9781249411451
9781249411468
9781249411475
9781249411482
9781249411499
9781249411512
9781249411529
9781249411536
9781249411543
9781249411550
9781249411567
9781249411574
9781249411581
9781249411598
9781249411611
9781249411628
9781249411635
9781249411642
9781249411659
9781249411666
9781249411673
9781249411680
9781249411697
9781249411710
9781249411727
9781249411734
9781249411741
9781249411758
9781249411765
9781249411772
9781249411789
9781249411796
9781249411819
9781249411826
9781249411833
9781249411857
9781249411864
9781249411871
9781249411888
9781249411895
9781249411901
9781249411918
9781249411925
9781249411932
9781249411949
9781249411956
9781249411963
9781249411987
9781249411994
9781249412007
9781249412014
9781249412021
9781249412045
9781249412052
9781249412069
9781249412076
9781249412083
9781249412106
9781249412137
9781249412144
9781249412151
9781249412168
9781249412175
9781249412182
9781249412199
9781249412205
9781249412212
9781249412229
9781249412243
9781249412250
9781249412267
9781249412274
9781249412281
9781249412298
9781249412304
9781249412328
9781249412342
9781249412359
9781249412366
9781249412373
9781249412380
9781249412397
9781249412403
9781249412427
9781249412434
9781249412441
9781249412458
9781249412465
9781249412472
9781249412496
9781249412502
9781249412519
9781249412526
9781249412540
9781249412564
9781249412571
9781249412601
9781249412618
9781249412625
9781249412632
9781249412656
9781249412670
9781249412687
9781249412694
9781249412700
9781249412717
9781249412724
9781249412731
9781249412748
9781249412755
9781249412762
9781249412779
9781249412786
9781249412793
9781249412823
9781249412830
9781249412854
9781249412861
9781249412878
9781249412892
9781249412908
9781249412915
9781249412922
9781249412939
9781249412953
9781249412977
9781249412991
9781249413004
9781249413011
9781249413028
9781249413035
9781249413059
9781249413066
9781249413073
9781249413097
9781249413103
9781249413110
9781249413127
9781249413134
9781249413158
9781249413165
9781249413172
9781249413189
9781249413196
9781249413202
9781249413226
9781249413233
9781249413257
9781249413264
9781249413271
9781249413295
9781249413318
9781249413332
9781249413356
9781249413363
9781249413370
9781249413394
9781249413400
9781249413417
9781249413424
9781249413431
9781249413448
9781249413455
9781249413462
9781249413479
9781249413486
9781249413493
9781249413509
9781249413516
9781249413523
9781249413530
9781249413547
9781249413554
9781249413561
9781249413578
9781249413585
9781249413592
9781249413608
9781249413615
9781249413622
9781249413639
9781249413646
9781249413653
9781249413677
9781249413684
9781249413691
9781249413707
9781249413714
9781249413721
9781249413738
9781249413745
9781249413752
9781249413776
9781249413783
9781249413790
9781249413806
9781249413820
9781249413837
9781249413844
9781249413868
9781249413875
9781249413882
9781249413899
9781249413905
9781249413912
9781249413929
9781249413943
9781249413950
9781249413967
9781249413974
9781249413981
9781249413998
9781249414001
9781249414018
9781249414025
9781249414032
9781249414049
9781249414056
9781249414063
9781249414070
9781249414087
9781249414094
9781249414100
9781249414117
9781249414124
9781249414131
9781249414148
9781249414155
9781249414162
9781249414186
9781249414193
9781249414209
9781249414216
9781249414223
9781249414247
9781249414254
9781249414261
9781249414292
9781249414315
9781249414322
9781249414339
9781249414346
9781249414353
9781249414360
9781249414377
9781249414384
9781249414391
9781249414407
9781249414414
9781249414421
9781249414438
9781249414445
9781249414452
9781249414476
9781249414490
9781249414513
9781249414520
9781249414537
9781249414544
9781249414551
9781249414575
9781249414582
9781249414599
9781249414605
9781249414612
9781249414629
9781249414636
9781249414643
9781249414667
9781249414674
9781249414698
9781249414711
9781249414728
9781249414735
9781249414742
9781249414759
9781249414766
9781249414773
9781249414780
9781249414797
9781249414810
9781249414834
9781249414858
9781249414865
9781249414872
9781249414896
9781249414919
9781249414926
9781249414933
9781249414940
9781249414957
9781249414964
9781249414971
9781249414988
9781249414995
9781249415008
9781249415015
9781249415022
9781249415039
9781249415053
9781249415060
9781249415084
9781249415091
9781249415107
9781249415114
9781249415121
9781249415138
9781249415145
9781249415152
9781249415169
9781249415176
9781249415183
9781249415190
9781249415206
9781249415213
9781249415220
9781249415237
9781249415244
9781249415251
9781249415268
9781249415275
9781249415282
9781249415305
9781249415312
9781249415329
9781249415336
9781249415343
9781249415350
9781249415367
9781249415374
9781249415381
9781249415398
9781249415404
9781249415411
9781249415428
9781249415435
9781249415442
9781249415459
9781249415466
9781249415473
9781249415480
9781249415497
9781249415503
9781249415510
9781249415527
9781249415534
9781249415541
9781249415558
9781249415565
9781249415572
9781249415589
9781249415596
9781249415602
9781249415619
9781249415626
9781249415633
9781249415640
9781249415664
9781249415671
9781249415688
9781249415695
9781249415701
9781249415718
9781249415725
9781249415732
9781249415749
9781249415756
9781249415763
9781249415770
9781249415787
9781249415794
9781249415817
9781249415824
9781249415831
9781249415848
9781249415855
9781249415862
9781249415879
9781249415886
9781249415893
9781249415909
9781249415916
9781249415923
9781249415930
9781249415947
9781249415954
9781249415961
9781249415978
9781249415985
9781249415992
9781249416005
9781249416012
9781249416029
9781249416036
9781249416043
9781249416050
9781249416067
9781249416074
9781249416081
9781249416098
9781249416104
9781249416111
9781249416128
9781249416135
9781249416142
9781249416159
9781249416166
9781249416173
9781249416180
9781249416197
9781249416203
9781249416210
9781249416227
9781249416234
9781249416241
9781249416258
9781249416265
9781249416272
9781249416289
9781249416296
9781249416302
9781249416319
9781249416326
9781249416333
9781249416340
9781249416357
9781249416364
9781249416371
9781249416388
9781249416395
9781249416401
9781249416418
9781249416425
9781249416432
9781249416449
9781249416456
9781249416463
9781249416470
9781249416487
9781249416494
9781249416500
9781249416517
9781249416524
9781249416531
9781249416548
9781249416555
9781249416562
9781249416579
9781249416586
9781249416593
9781249416609
9781249416616
9781249416623
9781249416630
9781249416647
9781249416654
9781249416661
9781249416678
9781249416685
9781249416692
9781249416708
9781249416715
9781249416722
9781249416739
9781249416746
9781249416753
9781249416760
9781249416777
9781249416784
9781249416791
9781249416814
9781249416821
9781249416838
9781249416845
9781249416852
9781249416869
9781249416876
9781249416883
9781249416890
9781249416906
9781249416913
9781249416920
9781249416937
9781249416944
9781249416951
9781249416968
9781249416975
9781249416982
9781249416999
9781249417002
9781249417019
9781249417033
9781249417040
9781249417057
9781249417064
9781249417071
9781249417088
9781249417095
9781249417101
9781249417118
9781249417125
9781249417132
9781249417149
9781249417156
9781249417163
9781249417170
9781249417187
9781249417194
9781249417200
9781249417217
9781249417224
9781249417231
9781249417248
9781249417255
9781249417262
9781249417279
9781249417286
9781249417293
9781249417309
9781249417316
9781249417323
9781249417330
9781249417347
9781249417354
9781249417361
9781249417378
9781249417385
9781249417392
9781249417408
9781249417415
9781249417422
9781249417439
9781249417446
9781249417453
9781249417460
9781249417477
9781249417484
9781249417491
9781249417507
9781249417514
9781249417521
9781249417538
9781249417545
9781249417552
9781249417569
9781249417576
9781249417583
9781249417590
9781249417606
9781249417613
9781249417620
9781249417637
9781249417644
9781249417651
9781249417668
9781249417675
9781249417682
9781249417699
9781249417705
9781249417712
9781249417729
9781249417736
9781249417743
9781249417750
9781249417767
9781249417774
9781249417781
9781249417798
9781249417804
9781249417811
9781249417828
9781249417835
9781249417842
9781249417859
9781249417866
9781249417873
9781249417880
9781249417897
9781249417903
9781249417910
9781249417927
9781249417934
9781249417941
9781249417958
9781249417965
9781249417972
9781249417989
9781249417996
9781249418009
9781249418016
9781249418023
9781249418030
9781249418047
9781249418054
9781249418061
9781249418078
9781249418085
9781249418092
9781249418108
9781249418115
9781249418122
9781249418139
9781249418146
9781249418153
9781249418160
9781249418177
9781249418184
9781249418191
9781249418207
9781249418214
9781249418221
9781249418238
9781249418245
9781249418252
9781249418269
9781249418283
9781249418290
9781249418306
9781249418320
9781249418337
9781249418344
9781249418351
9781249418368
9781249418375
9781249418382
9781249418399
9781249418405
9781249418412
9781249418429
9781249418436
9781249418443
9781249418450
9781249418467
9781249418474
9781249418481
9781249418498
9781249418504
9781249418511
9781249418528
9781249418535
9781249418542
9781249418559
9781249418566
9781249418573
9781249418580
9781249418597
9781249418603
9781249418610
9781249418627
9781249418634
9781249418641
9781249418658
9781249418665
9781249418672
9781249418689
9781249418696
9781249418702
9781249418719
9781249418726
9781249418740
9781249418757
9781249418764
9781249418771
9781249418788
9781249418795
9781249418801
9781249418818
9781249418825
9781249418832
9781249418849
9781249418856
9781249418863
9781249418870
9781249418894
9781249418900
9781249418917
9781249418924
9781249418931
9781249418948
9781249418955
9781249418962
9781249418979
9781249418986
9781249418993
9781249419006
9781249419013
9781249419020
9781249419037
9781249419044
9781249419051
9781249419068
9781249419075
9781249419082
9781249419099
9781249419105
9781249419112
9781249419129
9781249419136
9781249419143
9781249419150
9781249419167
9781249419174
9781249419181
9781249419198
9781249419204
9781249419211
9781249419228
9781249419235
9781249419242
9781249419259
9781249419266
9781249419273
9781249419280
9781249419297
9781249419303
9781249419310
9781249419327
9781249419334
9781249419341
9781249419358
9781249419365
9781249419372
9781249419389
9781249419396
9781249419402
9781249419419
9781249419426
9781249419433
9781249419440
9781249419457
9781249419464
9781249419471
9781249419488
9781249419495
9781249419501
9781249419518
9781249419525
9781249419532
9781249419549
9781249419556
9781249419563
9781249419570
9781249419587
9781249419594
9781249419600
9781249419617
9781249419624
9781249419648
9781249419655
9781249419662
9781249419679
9781249419686
9781249419693
9781249419709
9781249419716
9781249419723
9781249419730
9781249419747
9781249419754
9781249419761
9781249419778
9781249419785
9781249419792
9781249419808
9781249419815
9781249419822
9781249419846
9781249419860
9781249419877
9781249419884
9781249419891
9781249419907
9781249419914
9781249419921
9781249419938
9781249419952
9781249419969
9781249419976
9781249419983
9781249419990
9781249420002
9781249420019
9781249420026
9781249420033
9781249420040
9781249420057
9781249420064
9781249420071
9781249420088
9781249420095
9781249420101
9781249420118
9781249420125
9781249420132
9781249420149
9781249420156
9781249420163
9781249420170
9781249420187
9781249420194
9781249420200
9781249420217
9781249420224
9781249420231
9781249420248
9781249420255
9781249420262
9781249420279
9781249420286
9781249420293
9781249420309
9781249420316
9781249420323
9781249420330
9781249420347
9781249420354
9781249420361
9781249420378
9781249420385
9781249420392
9781249420408
9781249420415
9781249420422
9781249420439
9781249420446
9781249420453
9781249420460
9781249420477
9781249420484
9781249420491
9781249420507
9781249420514
9781249420521
9781249420538
9781249420545
9781249420552
9781249420569
9781249420576
9781249420583
9781249420590
9781249420606
9781249420613
9781249420620
9781249420637
9781249420644
9781249420651
9781249420668
9781249420675
9781249420682
9781249420699
9781249420705
9781249420712
9781249420729
9781249420736
9781249420743
9781249420750
9781249420767
9781249420774
9781249420781
9781249420798
9781249420804
9781249420811
9781249420828
9781249420835
9781249420842
9781249420859
9781249420866
9781249420873
9781249420880
9781249420897
9781249420903
9781249420910
9781249420927
9781249420934
9781249420941
9781249420958
9781249420965
9781249420972
9781249420989
9781249420996
9781249421009
9781249421016
9781249421023
9781249421030
9781249421047
9781249421054
9781249421061
9781249421078
9781249421085
9781249421092
9781249421108
9781249421115
9781249421122
9781249421139
9781249421146
9781249421153
9781249421160
9781249421177
9781249421184
9781249421191
9781249421207
9781249421214
9781249421221
9781249421276
9781249421290
9781249421313
9781249421320
9781249421337
9781249421344
9781249421351
9781249421375
9781249421382
9781249421399
9781249421405
9781249421412
9781249421429
9781249421436
9781249421443
9781249421450
9781249421467
9781249421474
9781249421481
9781249421498
9781249421504
9781249421511
9781249421528
9781249421535
9781249421542
9781249421559
9781249421566
9781249421573
9781249421580
9781249421597
9781249421603
9781249421610
9781249421627
9781249421634
9781249421641
9781249421665
9781249421672
9781249421689
9781249421696
9781249421702
9781249421719
9781249421726
9781249421733
9781249421740
9781249421757
9781249421764
9781249421771
9781249421788
9781249421795
9781249421801
9781249421818
9781249421825
9781249421832
9781249421849
9781249421856
9781249421863
9781249421870
9781249421887
9781249421894
9781249421900
9781249421917
9781249421924
9781249421931
9781249421948
9781249421955
9781249421962
9781249421979
9781249421986
9781249421993
9781249422006
9781249422013
9781249422020
9781249422037
9781249422044
9781249422051
9781249422068
9781249422075
9781249422082
9781249422099
9781249422105
9781249422112
9781249422129
9781249422136
9781249422143
9781249422150
9781249422167
9781249422174
9781249422181
9781249422198
9781249422204
9781249422211
9781249422228
9781249422235
9781249422242
9781249422259
9781249422266
9781249422273
9781249422280
9781249422297
9781249422303
9781249422310
9781249422327
9781249422334
9781249422341
9781249422358
9781249422365
9781249422372
9781249422389
9781249422396
9781249422402
9781249422419
9781249422426
9781249422433
9781249422440
9781249422457
9781249422464
9781249422471
9781249422488
9781249422495
9781249422501
9781249422518
9781249422525
9781249422532
9781249422549
9781249422556
9781249422563
9781249422570
9781249422587
9781249422594
9781249422600
9781249422617
9781249422624
9781249422631
9781249422648
9781249422655
9781249422662
9781249422679
9781249422686
9781249422693
9781249422709
9781249422716
9781249422723
9781249422730
9781249422747
9781249422754
9781249422761
9781249422778
9781249422785
9781249422792
9781249422808
9781249422815
9781249422822
9781249422839
9781249422846
9781249422853
9781249422860
9781249422877
9781249422884
9781249422891
9781249422907
9781249422914
9781249422921
9781249422938
9781249422945
9781249422952
9781249422969
9781249422983
9781249422990
9781249423003
9781249423010
9781249423027
9781249423034
9781249423041
9781249423058
9781249423065
9781249423072
9781249423089
9781249423096
9781249423102
9781249423119
9781249423126
9781249423133
9781249423140
9781249423157
9781249423164
9781249423171
9781249423188
9781249423195
9781249423201
9781249423225
9781249423232
9781249423249
9781249423256
9781249423263
9781249423270
9781249423287
9781249423294
9781249423300
9781249423317
9781249423324
9781249423331
9781249423348
9781249423355
9781249423362
9781249423379
9781249423386
9781249423393
9781249423409
9781249423416
9781249423423
9781249423430
9781249423447
9781249423454
9781249423461
9781249423478
9781249423485
9781249423492
9781249423508
9781249423515
9781249423522
9781249423539
9781249423546
9781249423553
9781249423560
9781249423577
9781249423584
9781249423591
9781249423607
9781249423614
9781249423621
9781249423638
9781249423645
9781249423652
9781249423669
9781249423676
9781249423683
9781249423690
9781249423706
9781249423713
9781249423720
9781249423737
9781249423744
9781249423751
9781249423768
9781249423775
9781249423782
9781249423799
9781249423805
9781249423812
9781249423829
9781249423836
9781249423843
9781249423850
9781249423867
9781249423874
9781249423881
9781249423898
9781249423904
9781249423911
9781249423928
9781249423935
9781249423942
9781249423959
9781249423966
9781249423973
9781249423980
9781249423997
9781249424000
9781249424017
9781249424024
9781249424031
9781249424048
9781249424055
9781249424062
9781249424079
9781249424086
9781249424093
9781249424109
9781249424116
9781249424123
9781249424130
9781249424147
9781249424154
9781249424161
9781249424178
9781249424185
9781249424208
9781249424215
9781249424222
9781249424239
9781249424246
9781249424253
9781249424260
9781249424277
9781249424284
9781249424291
9781249424307
9781249424314
9781249424321
9781249424338
9781249424345
9781249424352
9781249424369
9781249424376
9781249424383
9781249424390
9781249424406
9781249424413
9781249424420
9781249424437
9781249424444
9781249424451
9781249424468
9781249424475
9781249424482
9781249424499
9781249424505
9781249424512
9781249424529
9781249424536
9781249424543
9781249424550
9781249424567
9781249424574
9781249424581
9781249424598
9781249424604
9781249424611
9781249424628
9781249424635
9781249424642
9781249424659
9781249424666
9781249424673
9781249424680
9781249424697
9781249424703
9781249424710
9781249424727
9781249424734
9781249424741
9781249424758
9781249424765
9781249424772
9781249424789
9781249424796
9781249424802
9781249424819
9781249424826
9781249424833
9781249424840
9781249424857
9781249424864
9781249424871
9781249424888
9781249424895
9781249424901
9781249424918
9781249424925
9781249424932
9781249424949
9781249424956
9781249424963
9781249424970
9781249424987
9781249424994
9781249425007
9781249425014
9781249425021
9781249425038
9781249425045
9781249425052
9781249425069
9781249425076
9781249425083
9781249425090
9781249425106
9781249425113
9781249425120
9781249425137
9781249425144
9781249425151
9781249425175
9781249425182
9781249425199
9781249425205
9781249425212
9781249425229
9781249425236
9781249425243
9781249425250
9781249425267
9781249425274
9781249425281
9781249425298
9781249425304
9781249425311
9781249425328
9781249425335
9781249425342
9781249425359
9781249425366
9781249425373
9781249425380
9781249425397
9781249425403
9781249425410
9781249425427
9781249425434
9781249425441
9781249425458
9781249425465
9781249425472
9781249425489
9781249425496
9781249425502
9781249425519
9781249425526
9781249425533
9781249425540
9781249425557
9781249425564
9781249425571
9781249425588
9781249425595
9781249425601
9781249425618
9781249425625
9781249425632
9781249425649
9781249425656
9781249425663
9781249425670
9781249425687
9781249425694
9781249425717
9781249425724
9781249425731
9781249425748
9781249425755
9781249425762
9781249425779
9781249425786
9781249425793
9781249425809
9781249425816
9781249425823
9781249425830
9781249425847
9781249425861
9781249425878
9781249425885
9781249425892
9781249425908
9781249425915
9781249425922
9781249425939
9781249425946
9781249425953
9781249425960
9781249425977
9781249425984
9781249425991
9781249426004
9781249426011
9781249426028
9781249426035
9781249426042
9781249426059
9781249426066
9781249426073
9781249426080
9781249426097
9781249426103
9781249426110
9781249426127
9781249426134
9781249426141
9781249426158
9781249426165
9781249426172
9781249426189
9781249426196
9781249426202
9781249426219
9781249426226
9781249426233
9781249426240
9781249426257
9781249426264
9781249426271
9781249426288
9781249426295
9781249426301
9781249426318
9781249426325
9781249426332
9781249426349
9781249426356
9781249426363
9781249426370
9781249426523
9781249426707
9781249426714
9781249426851
9781249426868
9781249426875
9781249426882
9781249426899
9781249426905
9781249426912
9781249426929
9781249426936
9781249426943
9781249426950
9781249426967
9781249426974
9781249427001
9781249427605
9781249427612
9781249427636
9781249427643
9781249427650
9781249427667
9781249427674
9781249427698
9781249427704
9781249427728
9781249427735
9781249427759
9781249427766
9781249427773
9781249427797
9781249427803
9781249427810
9781249427827
9781249427834
9781249427841
9781249427858
9781249427865
9781249427872
9781249427889
9781249427896
9781249427902
9781249427919
9781249427926
9781249427933
9781249427988
9781249427995
9781249428008
9781249428015
9781249428022
9781249428039
9781249428046
9781249428053
9781249428077
9781249428084
9781249428091
9781249428107
9781249428114
9781249428138
9781249428169
9781249428176
9781249428183
9781249428190
9781249428206
9781249428213
9781249428268
9781249428275
9781249428299
9781249428305
9781249428312
9781249428329
9781249428343
9781249428350
9781249428367
9781249428381
9781249428404
9781249428411
9781249428435
9781249428466
9781249428473
9781249428480
9781249428497
9781249428503
9781249428534
9781249428541
9781249428565
9781249428572
9781249428589
9781249428602
9781249428633
9781249428657
9781249428688
9781249428695
9781249428756
9781249428763
9781249428770
9781249428787
9781249428794
9781249428800
9781249428817
9781249428831
9781249428848
9781249428855
9781249428862
9781249428879
9781249428886
9781249428893
9781249428909
9781249428916
9781249428923
9781249428930
9781249428947
9781249428961
9781249428978
9781249428985
9781249428992
9781249429005
9781249429012
9781249429029
9781249429036
9781249429043
9781249429050
9781249429067
9781249429074
9781249429098
9781249429111
9781249429135
9781249429159
9781249429166
9781249429197
9781249429210
9781249429227
9781249429234
9781249429241
9781249429258
9781249429265
9781249429272
9781249429296
9781249429302
9781249429319
9781249429333
9781249429340
9781249429357
9781249429364
9781249429371
9781249429388
9781249429395
9781249429418
9781249429425
9781249429432
9781249429449
9781249429456
9781249429470
9781249429487
9781249429494
9781249429517
9781249429524
9781249429531
9781249429548
9781249429555
9781249429562
9781249429579
9781249429586
9781249429593
9781249429609
9781249429616
9781249429623
9781249429630
9781249429647
9781249429654
9781249429661
9781249429678
9781249429685
9781249429708
9781249429715
9781249429722
9781249429739
9781249429746
9781249429753
9781249429760
9781249429777
9781249429784
9781249429791
9781249429807
9781249429814
9781249429821
9781249429838
9781249429852
9781249429869
9781249429876
9781249429883
9781249429890
9781249429906
9781249429913
9781249429920
9781249429937
9781249429944
9781249429951
9781249429968
9781249429975
9781249429982
9781249429999
9781249430001
9781249430018
9781249430025
9781249430032
9781249430049
9781249430056
9781249430063
9781249430070
9781249430087
9781249430094
9781249430100
9781249430117
9781249430124
9781249430131
9781249430148
9781249430155
9781249430162
9781249430179
9781249430186
9781249430193
9781249430209
9781249430216
9781249430223
9781249430230
9781249430247
9781249430254
9781249430261
9781249430278
9781249430285
9781249430292
9781249430308
9781249430315
9781249430322
9781249430339
9781249430346
9781249430353
9781249430360
9781249430377
9781249430384
9781249430391
9781249430407
9781249430414
9781249430421
9781249430438
9781249430445
9781249430452
9781249430469
9781249430476
9781249430483
9781249430490
9781249430506
9781249430513
9781249430520
9781249430537
9781249430544
9781249430551
9781249430568
9781249430575
9781249430582
9781249430599
9781249430605
9781249430612
9781249430629
9781249430636
9781249430643
9781249430650
9781249430667
9781249430674
9781249430681
9781249430698
9781249430704
9781249430711
9781249430728
9781249430735
9781249430742
9781249430759
9781249430766
9781249430773
9781249430780
9781249430797
9781249430803
9781249430810
9781249430827
9781249430834
9781249430841
9781249430858
9781249430865
9781249430872
9781249430889
9781249430896
9781249430902
9781249430919
9781249430926
9781249430933
9781249430940
9781249430957
9781249430964
9781249430971
9781249430988
9781249430995
9781249431008
9781249431015
9781249431022
9781249431039
9781249431046
9781249431053
9781249431060
9781249431077
9781249431084
9781249431091
9781249431107
9781249431114
9781249431121
9781249431138
9781249431145
9781249431152
9781249431169
9781249431176
9781249431183
9781249431190
9781249431206
9781249431213
9781249431220
9781249431237
9781249431244
9781249431251
9781249431268
9781249431275
9781249431282
9781249431299
9781249431305
9781249431312
9781249431329
9781249431336
9781249431343
9781249431350
9781249431367
9781249431374
9781249431381
9781249431398
9781249431404
9781249431411
9781249431428
9781249431435
9781249431442
9781249431459
9781249431466
9781249431473
9781249431480
9781249431497
9781249431503
9781249431510
9781249431527
9781249431534
9781249431541
9781249431558
9781249431565
9781249431572
9781249431589
9781249431596
9781249431602
9781249431619
9781249431626
9781249431633
9781249431640
9781249431657
9781249431664
9781249431671
9781249431688
9781249431695
9781249431701
9781249431718
9781249431725
9781249431732
9781249431749
9781249431756
9781249431763
9781249431770
9781249431787
9781249431794
9781249431800
9781249431817
9781249431824
9781249431831
9781249431848
9781249431855
9781249431862
9781249431879
9781249431886
9781249431893
9781249431909
9781249431916
9781249431923
9781249431930
9781249431947
9781249431954
9781249431961
9781249431978
9781249431985
9781249431992
9781249432005
9781249432012
9781249432029
9781249432036
9781249432043
9781249432050
9781249432067
9781249432074
9781249432081
9781249432098
9781249432104
9781249432111
9781249432128
9781249432135
9781249432142
9781249432159
9781249432166
9781249432173
9781249432180
9781249432197
9781249432203
9781249432210
9781249432227
9781249432234
9781249432241
9781249432258
9781249432265
9781249432272
9781249432289
9781249432296
9781249432302
9781249432319
9781249432326
9781249432333
9781249432340
9781249432357
9781249432364
9781249432371
9781249432388
9781249432395
9781249432401
9781249432418
9781249432425
9781249432432
9781249432449
9781249432456
9781249432463
9781249432470
9781249432487
9781249432494
9781249432500
9781249432517
9781249432524
9781249432531
9781249432548
9781249432555
9781249432562
9781249432579
9781249432586
9781249432593
9781249432609
9781249432616
9781249432623
9781249432630
9781249432647
9781249432654
9781249432661
9781249432678
9781249432685
9781249432692
9781249432708
9781249432715
9781249432722
9781249432739
9781249432746
9781249432753
9781249432777
9781249432784
9781249432791
9781249432807
9781249432814
9781249432821
9781249432838
9781249432845
9781249432852
9781249432869
9781249432876
9781249432883
9781249432890
9781249432906
9781249432913
9781249432920
9781249432937
9781249432944
9781249432951
9781249432968
9781249432975
9781249432982
9781249432999
9781249433002
9781249433019
9781249433026
9781249433033
9781249433040
9781249433057
9781249433064
9781249433071
9781249433088
9781249433095
9781249433101
9781249433118
9781249433125
9781249433132
9781249433149
9781249433156
9781249433163
9781249433170
9781249433187
9781249433194
9781249433200
9781249433217
9781249433224
9781249433231
9781249433248
9781249433255
9781249433262
9781249433279
9781249433286
9781249433293
9781249433309
9781249433316
9781249433323
9781249433330
9781249433347
9781249433354
9781249433361
9781249433378
9781249433385
9781249433392
9781249433408
9781249433415
9781249433422
9781249433439
9781249433446
9781249433453
9781249433460
9781249433477
9781249433484
9781249433491
9781249433507
9781249433514
9781249433521
9781249433538
9781249433545
9781249433552
9781249433569
9781249433576
9781249433583
9781249433590
9781249433606
9781249433613
9781249433620
9781249433637
9781249433644
9781249433651
9781249433668
9781249433675
9781249433682
9781249433705
9781249433712
9781249433729
9781249433736
9781249433743
9781249433750
9781249433767
9781249433774
9781249433781
9781249433798
9781249433804
9781249433811
9781249433828
9781249433835
9781249433842
9781249433859
9781249433866
9781249433873
9781249433880
9781249433897
9781249433903
9781249433910
9781249433927
9781249433934
9781249433941
9781249433958
9781249433965
9781249433972
9781249433989
9781249433996
9781249434009
9781249434016
9781249434023
9781249434030
9781249434047
9781249434054
9781249434061
9781249434078
9781249434085
9781249434092
9781249434108
9781249434115
9781249434122
9781249434139
9781249434146
9781249434153
9781249434160
9781249434177
9781249434184
9781249434191
9781249434207
9781249434214
9781249434221
9781249434238
9781249434245
9781249434252
9781249434269
9781249434276
9781249434283
9781249434290
9781249434306
9781249434313
9781249434320
9781249434337
9781249434344
9781249434351
9781249434368
9781249434375
9781249434382
9781249434399
9781249434405
9781249434412
9781249434429
9781249434436
9781249434443
9781249434467
9781249434474
9781249434481
9781249434498
9781249434504
9781249434511
9781249434528
9781249434535
9781249434542
9781249434559
9781249434566
9781249434573
9781249434580
9781249434597
9781249434603
9781249434610
9781249434627
9781249434634
9781249434641
9781249434658
9781249434665
9781249434672
9781249434689
9781249434696
9781249434702
9781249434719
9781249434726
9781249434733
9781249434740
9781249434757
9781249434764
9781249434771
9781249434788
9781249434795
9781249434801
9781249434818
9781249434825
9781249434832
9781249434849
9781249434856
9781249434863
9781249434870
9781249434894
9781249434900
9781249434917
9781249434924
9781249434931
9781249434948
9781249434955
9781249434962
9781249434979
9781249434986
9781249434993
9781249435006
9781249435013
9781249435020
9781249435037
9781249435044
9781249435051
9781249435068
9781249435075
9781249435082
9781249435099
9781249435105
9781249435112
9781249435129
9781249435136
9781249435143
9781249435150
9781249435167
9781249435174
9781249435181
9781249435198
9781249435204
9781249435211
9781249435228
9781249435235
9781249435242
9781249435259
9781249435266
9781249435273
9781249435280
9781249435297
9781249435303
9781249435310
9781249435327
9781249435334
9781249435341
9781249435358
9781249435365
9781249435372
9781249435389
9781249435396
9781249435402
9781249435419
9781249435426
9781249435433
9781249435440
9781249435457
9781249435464
9781249435471
9781249435488
9781249435495
9781249435501
9781249435518
9781249435525
9781249435532
9781249435549
9781249435556
9781249435563
9781249435570
9781249435587
9781249435594
9781249435600
9781249435617
9781249435624
9781249435631
9781249435648
9781249435655
9781249435662
9781249435679
9781249435686
9781249435693
9781249435709
9781249435716
9781249435723
9781249435730
9781249435747
9781249435754
9781249435761
9781249435785
9781249435792
9781249435808
9781249435815
9781249435822
9781249435839
9781249435846
9781249435853
9781249435860
9781249435877
9781249435884
9781249435891
9781249435907
9781249435914
9781249435921
9781249435938
9781249435945
9781249435952
9781249435969
9781249435976
9781249435983
9781249435990
9781249436003
9781249436010
9781249436027
9781249436034
9781249436041
9781249436058
9781249436065
9781249436072
9781249436089
9781249436096
9781249436102
9781249436119
9781249436126
9781249436133
9781249436140
9781249436157
9781249436164
9781249436171
9781249436188
9781249436195
9781249436201
9781249436218
9781249436225
9781249436232
9781249436249
9781249436256
9781249436263
9781249436270
9781249436287
9781249436294
9781249436300
9781249436317
9781249436324
9781249436331
9781249436348
9781249436355
9781249436362
9781249436379
9781249436386
9781249436393
9781249436409
9781249436416
9781249436423
9781249436430
9781249436447
9781249436454
9781249436461
9781249436478
9781249436485
9781249436492
9781249436508
9781249436515
9781249436522
9781249436539
9781249436546
9781249436553
9781249436577
9781249436584
9781249436591
9781249436607
9781249436614
9781249436621
9781249436638
9781249436645
9781249436652
9781249436669
9781249436676
9781249436683
9781249436690
9781249436706
9781249436713
9781249436720
9781249436737
9781249436744
9781249436751
9781249436768
9781249436775
9781249436782
9781249436799
9781249436805
9781249436812
9781249436829
9781249436836
9781249436843
9781249436850
9781249436867
9781249436874
9781249436881
9781249436898
9781249436904
9781249436911
9781249436928
9781249436935
9781249436942
9781249436959
9781249436966
9781249436973
9781249436980
9781249436997
9781249437000
9781249437017
9781249437024
9781249437031
9781249437048
9781249437055
9781249437062
9781249437079
9781249437086
9781249437093
9781249437109
9781249437116
9781249437123
9781249437130
9781249437147
9781249437154
9781249437161
9781249437178
9781249437185
9781249437192
9781249437208
9781249437215
9781249437222
9781249437239
9781249437246
9781249437253
9781249437260
9781249437277
9781249437284
9781249437291
9781249437307
9781249437321
9781249437338
9781249437345
9781249437352
9781249437369
9781249437376
9781249437383
9781249437390
9781249437406
9781249437413
9781249437420
9781249437437
9781249437444
9781249437451
9781249437468
9781249437475
9781249437482
9781249437499
9781249437505
9781249437512
9781249437529
9781249437536
9781249437543
9781249437550
9781249437567
9781249437574
9781249437581
9781249437598
9781249437604
9781249437611
9781249437628
9781249437635
9781249437642
9781249437659
9781249437666
9781249437673
9781249437680
9781249437697
9781249437703
9781249437710
9781249437727
9781249437734
9781249437741
9781249437758
9781249437765
9781249437772
9781249437789
9781249437796
9781249437802
9781249437819
9781249437826
9781249437833
9781249437840
9781249437857
9781249437864
9781249437871
9781249437888
9781249437895
9781249437901
9781249437918
9781249437932
9781249437949
9781249437956
9781249437963
9781249437970
9781249437987
9781249437994
9781249438007
9781249438021
9781249438045
9781249438052
9781249438069
9781249438076
9781249438083
9781249438090
9781249438106
9781249438113
9781249438120
9781249438137
9781249438144
9781249438151
9781249438168
9781249438175
9781249438182
9781249438199
9781249438205
9781249438212
9781249438229
9781249438243
9781249438250
9781249438267
9781249438274
9781249438281
9781249438298
9781249438304
9781249438311
9781249438328
9781249438335
9781249438342
9781249438359
9781249438373
9781249438380
9781249438397
9781249438403
9781249438410
9781249438427
9781249438434
9781249438441
9781249438458
9781249438465
9781249438472
9781249438489
9781249438496
9781249438502
9781249438519
9781249438526
9781249438533
9781249438540
9781249438557
9781249438564
9781249438571
9781249438588
9781249438595
9781249438601
9781249438618
9781249438625
9781249438632
9781249438649
9781249438656
9781249438663
9781249438670
9781249438687
9781249438694
9781249438700
9781249438717
9781249438724
9781249438731
9781249438748
9781249438755
9781249438762
9781249438779
9781249438786
9781249438793
9781249438809
9781249438816
9781249438823
9781249438830
9781249438847
9781249438854
9781249438861
9781249438878
9781249438885
9781249438892
9781249438908
9781249438915
9781249438922
9781249438939
9781249438946
9781249438953
9781249438960
9781249438977
9781249438984
9781249438991
9781249439004
9781249439011
9781249439028
9781249439035
9781249439042
9781249439059
9781249439066
9781249439073
9781249439080
9781249439097
9781249439103
9781249439110
9781249439127
9781249439134
9781249439141
9781249439158
9781249439165
9781249439172
9781249439189
9781249439196
9781249439202
9781249439219
9781249439226
9781249439233
9781249439240
9781249439257
9781249439264
9781249439271
9781249439288
9781249439295
9781249439301
9781249439318
9781249439325
9781249439332
9781249439349
9781249439356
9781249439363
9781249439370
9781249439387
9781249439394
9781249439400
9781249439417
9781249439424
9781249439431
9781249439448
9781249439455
9781249439462
9781249439479
9781249439486
9781249439493
9781249439509
9781249439516
9781249439523
9781249439530
9781249439547
9781249439554
9781249439561
9781249439578
9781249439585
9781249439592
9781249439608
9781249439615
9781249439622
9781249439639
9781249439646
9781249439653
9781249439660
9781249439677
9781249439684
9781249439691
9781249439707
9781249439714
9781249439721
9781249439738
9781249439745
9781249439752
9781249439769
9781249439776
9781249439783
9781249439790
9781249439806
9781249439813
9781249439820
9781249439837
9781249439844
9781249439851
9781249439868
9781249439899
9781249439905
9781249439912
9781249439929
9781249439936
9781249439943
9781249439974
9781249439981
9781249439998
9781249440000
9781249440017
9781249440024
9781249440031
9781249440048
9781249440055
9781249440062
9781249440093
9781249440116
9781249440123
9781249440130
9781249440147
9781249440192
9781249440208
9781249440222
9781249440239
9781249440253
9781249440277
9781249440307
9781249440314
9781249440321
9781249440338
9781249440345
9781249440352
9781249440369
9781249440376
9781249440383
9781249440390
9781249440406
9781249440420
9781249440437
9781249440444
9781249440451
9781249440468
9781249440499
9781249440505
9781249440512
9781249440529
9781249440536
9781249440543
9781249440550
9781249440567
9781249440574
9781249440581
9781249440604
9781249440611
9781249440628
9781249440635
9781249440642
9781249440659
9781249440673
9781249440703
9781249440727
9781249440758
9781249440772
9781249440789
9781249440796
9781249440819
9781249440826
9781249440833
9781249440871
9781249440888
9781249440895
9781249440925
9781249440949
9781249440956
9781249440963
9781249440987
9781249440994
9781249441007
9781249441014
9781249441021
9781249441038
9781249441045
9781249441052
9781249441076
9781249441106
9781249441120
9781249441144
9781249441151
9781249441175
9781249441182
9781249441199
9781249441212
9781249441236
9781249441243
9781249441250
9781249441267
9781249441274
9781249441281
9781249441298
9781249441304
9781249441311
9781249441328
9781249441335
9781249441342
9781249441359
9781249441366
9781249441373
9781249441380
9781249441397
9781249441403
9781249441410
9781249441427
9781249441434
9781249441441
9781249441458
9781249441465
9781249441472
9781249441489
9781249441496
9781249441502
9781249441519
9781249441526
9781249441533
9781249441540
9781249441557
9781249441564
9781249441571
9781249441588
9781249441595
9781249441601
9781249441618
9781249441625
9781249441632
9781249441649
9781249441656
9781249441663
9781249441670
9781249441687
9781249441694
9781249441700
9781249441717
9781249441724
9781249441731
9781249441748
9781249441755
9781249441762
9781249441779
9781249441786
9781249441793
9781249441809
9781249441816
9781249441823
9781249441830
9781249441847
9781249441854
9781249441861
9781249441878
9781249441885
9781249441892
9781249441908
9781249441915
9781249441922
9781249441939
9781249441946
9781249441953
9781249441960
9781249441977
9781249441984
9781249441991
9781249442004
9781249442011
9781249442028
9781249442035
9781249442042
9781249442059
9781249442066
9781249442073
9781249442080
9781249442097
9781249442103
9781249442110
9781249442127
9781249442134
9781249442141
9781249442158
9781249442165
9781249442172
9781249442189
9781249442196
9781249442202
9781249442219
9781249442226
9781249442233
9781249442240
9781249442257
9781249442264
9781249442271
9781249442288
9781249442295
9781249442301
9781249442318
9781249442325
9781249442332
9781249442349
9781249442356
9781249442363
9781249442370
9781249442387
9781249442394
9781249442400
9781249442417
9781249442424
9781249442431
9781249442448
9781249442455
9781249442462
9781249442479
9781249442486
9781249442493
9781249442509
9781249442516
9781249442523
9781249442530
9781249442547
9781249442554
9781249442561
9781249442578
9781249442585
9781249442592
9781249442608
9781249442615
9781249442622
9781249442639
9781249442646
9781249442653
9781249442660
9781249442677
9781249442684
9781249442691
9781249442707
9781249442714
9781249442721
9781249442738
9781249442745
9781249442752
9781249442769
9781249442776
9781249442783
9781249442790
9781249442806
9781249442813
9781249442820
9781249442851
9781249442868
9781249442875
9781249442882
9781249442899
9781249442905
9781249442912
9781249442929
9781249442936
9781249442943
9781249442950
9781249442967
9781249442974
9781249442981
9781249442998
9781249443001
9781249443018
9781249443025
9781249443032
9781249443049
9781249443056
9781249443063
9781249443070
9781249443087
9781249443094
9781249443100
9781249443117
9781249443124
9781249443131
9781249443148
9781249443155
9781249443162
9781249443186
9781249443193
9781249443209
9781249443216
9781249443223
9781249443230
9781249443247
9781249443261
9781249443278
9781249443285
9781249443292
9781249443308
9781249443315
9781249443322
9781249443339
9781249443346
9781249443353
9781249443360
9781249443377
9781249443384
9781249443391
9781249443407
9781249443414
9781249443438
9781249443445
9781249443452
9781249443469
9781249443476
9781249443483
9781249443490
9781249443506
9781249443513
9781249443520
9781249443537
9781249443544
9781249443551
9781249443568
9781249443575
9781249443582
9781249443599
9781249443605
9781249443612
9781249443629
9781249443636
9781249443643
9781249443650
9781249443667
9781249443674
9781249443681
9781249443698
9781249443704
9781249443711
9781249443728
9781249443735
9781249443742
9781249443759
9781249443766
9781249443773
9781249443780
9781249443797
9781249443803
9781249443810
9781249443827
9781249443834
9781249443841
9781249443858
9781249443865
9781249443872
9781249443889
9781249443896
9781249443902
9781249443919
9781249443926
9781249443933
9781249443940
9781249443957
9781249443964
9781249443988
9781249444008
9781249444015
9781249444022
9781249444039
9781249444046
9781249444053
9781249444060
9781249444077
9781249444084
9781249444091
9781249444107
9781249444114
9781249444121
9781249444138
9781249444145
9781249444152
9781249444169
9781249444176
9781249444183
9781249444190
9781249444206
9781249444213
9781249444220
9781249444237
9781249444244
9781249444251
9781249444268
9781249444275
9781249444282
9781249444299
9781249444305
9781249444312
9781249444329
9781249444336
9781249444343
9781249444350
9781249444367
9781249444374
9781249444381
9781249444398
9781249444404
9781249444411
9781249444428
9781249444435
9781249444442
9781249444459
9781249444466
9781249444473
9781249444480
9781249444497
9781249444503
9781249444510
9781249444527
9781249444534
9781249444541
9781249444558
9781249444565
9781249444572
9781249444589
9781249444596
9781249444602
9781249444619
9781249444626
9781249444633
9781249444640
9781249444657
9781249444664
9781249444671
9781249444688
9781249444695
9781249444701
9781249444718
9781249444725
9781249444732
9781249444749
9781249444756
9781249444763
9781249444770
9781249444787
9781249444794
9781249444800
9781249444817
9781249444824
9781249444831
9781249444848
9781249444855
9781249444862
9781249444879
9781249444886
9781249444893
9781249444909
9781249444916
9781249444923
9781249444930
9781249444947
9781249444954
9781249444961
9781249444978
9781249444985
9781249444992
9781249445005
9781249445012
9781249445029
9781249445036
9781249445043
9781249445050
9781249445067
9781249445074
9781249445081
9781249445098
9781249445104
9781249445111
9781249445128
9781249445135
9781249445142
9781249445159
9781249445166
9781249445173
9781249445180
9781249445197
9781249445203
9781249445210
9781249445227
9781249445234
9781249445241
9781249445258
9781249445272
9781249445289
9781249445296
9781249445302
9781249445319
9781249445326
9781249445333
9781249445340
9781249445357
9781249445364
9781249445371
9781249445388
9781249445395
9781249445401
9781249445418
9781249445425
9781249445432
9781249445449
9781249445456
9781249445463
9781249445470
9781249445487
9781249445494
9781249445500
9781249445517
9781249445524
9781249445531
9781249445548
9781249445555
9781249445562
9781249445579
9781249445586
9781249445593
9781249445609
9781249445616
9781249445623
9781249445630
9781249445647
9781249445654
9781249445661
9781249445678
9781249445685
9781249445692
9781249445708
9781249445715
9781249445722
9781249445739
9781249445746
9781249445753
9781249445760
9781249445777
9781249445784
9781249445791
9781249445807
9781249445814
9781249445821
9781249445838
9781249445845
9781249445852
9781249445869
9781249445883
9781249445890
9781249445906
9781249445913
9781249445920
9781249445937
9781249445944
9781249445951
9781249445968
9781249445975
9781249445982
9781249445999
9781249446002
9781249446019
9781249446026
9781249446033
9781249446040
9781249446057
9781249446064
9781249446071
9781249446088
9781249446095
9781249446101
9781249446118
9781249446125
9781249446132
9781249446149
9781249446156
9781249446163
9781249446170
9781249446187
9781249446194
9781249446200
9781249446217
9781249446224
9781249446231
9781249446248
9781249446255
9781249446262
9781249446279
9781249446286
9781249446293
9781249446309
9781249446316
9781249446323
9781249446330
9781249446347
9781249446354
9781249446361
9781249446378
9781249446385
9781249446392
9781249446408
9781249446415
9781249446422
9781249446439
9781249446446
9781249446453
9781249446460
9781249446477
9781249446484
9781249446491
9781249446507
9781249446514
9781249446521
9781249446538
9781249446545
9781249446552
9781249446569
9781249446576
9781249446583
9781249446590
9781249446606
9781249446613
9781249446620
9781249446637
9781249446644
9781249446651
9781249446668
9781249446675
9781249446682
9781249446699
9781249446705
9781249446712
9781249446729
9781249446736
9781249446743
9781249446750
9781249446767
9781249446774
9781249446781
9781249446798
9781249446804
9781249446811
9781249446828
9781249446835
9781249446842
9781249446859
9781249446866
9781249446873
9781249446880
9781249446897
9781249446903
9781249446910
9781249446927
9781249446934
9781249446941
9781249446958
9781249446965
9781249446972
9781249446989
9781249446996
9781249447009
9781249447016
9781249447023
9781249447030
9781249447047
9781249447054
9781249447061
9781249447078
9781249447085
9781249447092
9781249447108
9781249447115
9781249447122
9781249447139
9781249447184
9781249447191
9781249447207
9781249447214
9781249447221
9781249447238
9781249447245
9781249447252
9781249447269
9781249447276
9781249447283
9781249447290
9781249447306
9781249447313
9781249447320
9781249447337
9781249447344
9781249447351
9781249447368
9781249447375
9781249447382
9781249447399
9781249447405
9781249447412
9781249447429
9781249447436
9781249447443
9781249447450
9781249447467
9781249447474
9781249447481
9781249447498
9781249447504
9781249447511
9781249447528
9781249447535
9781249447542
9781249447559
9781249447566
9781249447573
9781249447580
9781249447597
9781249447603
9781249447610
9781249447627
9781249447634
9781249447641
9781249447658
9781249447665
9781249447672
9781249447689
9781249447696
9781249447702
9781249447719
9781249447726
9781249447740
9781249447757
9781249447764
9781249447771
9781249447788
9781249447795
9781249447801
9781249447818
9781249447825
9781249447832
9781249447849
9781249447856
9781249447863
9781249447870
9781249447887
9781249447894
9781249447900
9781249447917
9781249447924
9781249447931
9781249447948
9781249447955
9781249447962
9781249447979
9781249447986
9781249447993
9781249448006
9781249448013
9781249448020
9781249448037
9781249448044
9781249448051
9781249448068
9781249448075
9781249448082
9781249448099
9781249448105
9781249448112
9781249448129
9781249448136
9781249448143
9781249448150
9781249448167
9781249448174
9781249448181
9781249448198
9781249448204
9781249448211
9781249448228
9781249448235
9781249448242
9781249448259
9781249448266
9781249448273
9781249448280
9781249448297
9781249448303
9781249448310
9781249448327
9781249448334
9781249448341
9781249448358
9781249448365
9781249448372
9781249448389
9781249448396
9781249448402
9781249448419
9781249448426
9781249448433
9781249448440
9781249448457
9781249448464
9781249448471
9781249448488
9781249448495
9781249448501
9781249448518
9781249448525
9781249448532
9781249448549
9781249448556
9781249448563
9781249448570
9781249448587
9781249448594
9781249448600
9781249448617
9781249448624
9781249448631
9781249448648
9781249448655
9781249448662
9781249448679
9781249448686
9781249448693
9781249448709
9781249448716
9781249448723
9781249448730
9781249448747
9781249448754
9781249448761
9781249448778
9781249448785
9781249448792
9781249448808
9781249448815
9781249448839
9781249448846
9781249448853
9781249448860
9781249448877
9781249448884
9781249448907
9781249448914
9781249448921
9781249448938
9781249448945
9781249448952
9781249448969
9781249448976
9781249448983
9781249448990
9781249449003
9781249449027
9781249449034
9781249449041
9781249449058
9781249449089
9781249449096
9781249449119
9781249449133
9781249449140
9781249449157
9781249449164
9781249449188
9781249449195
9781249449201
9781249449218
9781249449225
9781249449232
9781249449263
9781249449270
9781249449287
9781249449294
9781249449300
9781249449317
9781249449324
9781249449331
9781249449355
9781249449362
9781249449386
9781249449393
9781249449409
9781249449416
9781249449423
9781249449430
9781249449454
9781249449461
9781249449478
9781249449492
9781249449515
9781249449522
9781249449546
9781249449560
9781249449577
9781249449591
9781249449607
9781249449614
9781249449638
9781249449645
9781249449652
9781249449669
9781249449676
9781249449683
9781249449690
9781249449706
9781249449713
9781249449720
9781249449737
9781249449744
9781249449751
9781249449768
9781249449775
9781249449782
9781249449799
9781249449805
9781249449812
9781249449829
9781249449836
9781249449843
9781249449850
9781249449867
9781249449874
9781249449881
9781249449898
9781249449904
9781249449911
9781249449928
9781249449935
9781249449942
9781249449959
9781249449966
9781249449973
9781249449980
9781249450009
9781249450016
9781249450023
9781249450030
9781249450047
9781249450054
9781249450061
9781249450078
9781249450085
9781249450092
9781249450108
9781249450115
9781249450146
9781249450153
9781249450160
9781249450177
9781249450184
9781249450191
9781249450207
9781249450214
9781249450221
9781249450238
9781249450245
9781249450252
9781249450269
9781249450276
9781249450290
9781249450306
9781249450313
9781249450320
9781249450337
9781249450344
9781249450351
9781249450368
9781249450375
9781249450382
9781249450399
9781249450405
9781249450412
9781249450429
9781249450436
9781249450443
9781249450450
9781249450467
9781249450474
9781249450481
9781249450498
9781249450504
9781249450511
9781249450528
9781249450535
9781249450542
9781249450559
9781249450566
9781249450573
9781249450580
9781249450597
9781249450603
9781249450610
9781249450627
9781249450634
9781249450641
9781249450658
9781249450665
9781249450672
9781249450689
9781249450696
9781249450702
9781249450719
9781249450733
9781249450740
9781249450757
9781249450764
9781249450771
9781249450788
9781249450795
9781249450801
9781249450818
9781249450825
9781249450832
9781249450849
9781249450856
9781249450870
9781249450887
9781249450894
9781249450917
9781249450924
9781249450931
9781249450948
9781249450955
9781249450962
9781249450979
9781249450986
9781249450993
9781249451006
9781249451013
9781249451020
9781249451037
9781249451099
9781249451112
9781249451129
9781249451150
9781249451181
9781249451211
9781249451228
9781249451242
9781249451259
9781249451266
9781249451280
9781249451297
9781249451303
9781249451389
9781249451426
9781249451563
9781249451808
9781249451822
9781249451839
9781249451860
9781249451877
9781249451884
9781249451891
9781249451914
9781249451921
9781249451938
9781249451945
9781249451952
9781249451969
9781249451976
9781249451983
9781249451990
9781249452010
9781249452027
9781249452034
9781249452041
9781249452065
9781249452089
9781249452102
9781249452119
9781249452126
9781249452133
9781249452140
9781249452164
9781249452188
9781249452195
9781249452201
9781249452249
9781249452263
9781249452287
9781249452294
9781249452300
9781249452317
9781249452324
9781249452331
9781249452348
9781249452355
9781249452362
9781249452379
9781249452393
9781249452409
9781249452416
9781249452423
9781249452430
9781249452447
9781249452454
9781249452461
9781249452478
9781249452485
9781249452492
9781249452515
9781249452522
9781249452539
9781249452553
9781249452560
9781249452577
9781249452584
9781249452591
9781249452607
9781249452614
9781249452638
9781249452645
9781249452652
9781249452669
9781249452676
9781249452683
9781249452690
9781249452706
9781249452713
9781249452720
9781249452737
9781249452744
9781249452751
9781249452768
9781249452775
9781249452782
9781249452799
9781249452812
9781249452843
9781249452850
9781249452867
9781249452874
9781249452898
9781249452966
9781249453031
9781249453116
9781249453123
9781249453130
9781249453154
9781249453178
9781249453253
9781249453260
9781249453291
9781249453314
9781249453321
9781249453338
9781249453345
9781249453383
9781249453413
9781249453437
9781249453444
9781249453451
9781249453468
9781249453475
9781249453482
9781249453499
9781249453505
9781249453529
9781249453543
9781249453550
9781249453567
9781249453581
9781249453598
9781249453604
9781249453611
9781249453635
9781249453642
9781249453659
9781249453666
9781249453673
9781249453680
9781249453697
9781249453703
9781249453710
9781249453741
9781249453758
9781249453765
9781249453789
9781249453819
9781249453826
9781249453857
9781249453871
9781249453895
9781249453956
9781249453963
9781249453970
9781249454045
9781249454052
9781249454069
9781249454076
9781249454083
9781249454090
9781249454106
9781249454113
9781249454120
9781249454137
9781249454151
9781249454168
9781249454175
9781249454182
9781249454199
9781249454212
9781249454236
9781249454243
9781249454250
9781249454267
9781249454274
9781249454281
9781249454298
9781249454304
9781249454311
9781249454328
9781249454335
9781249454342
9781249454359
9781249454366
9781249454373
9781249454380
9781249454397
9781249454403
9781249454410
9781249454427
9781249454434
9781249454441
9781249454458
9781249454465
9781249454472
9781249454489
9781249454496
9781249454502
9781249454519
9781249454526
9781249454533
9781249454540
9781249454557
9781249454564
9781249454571
9781249454588
9781249454595
9781249454601
9781249454618
9781249454625
9781249454632
9781249454649
9781249454656
9781249454663
9781249454670
9781249454687
9781249454694
9781249454700
9781249454717
9781249454724
9781249454731
9781249454748
9781249454755
9781249454762
9781249454779
9781249454786
9781249454793
9781249454809
9781249454823
9781249454861
9781249454878
9781249454885
9781249454908
9781249454915
9781249454922
9781249454946
9781249454953
9781249454960
9781249454984
9781249455004
9781249455011
9781249455028
9781249455035
9781249455042
9781249455059
9781249455066
9781249455073
9781249455080
9781249455097
9781249455103
9781249455134
9781249455141
9781249455158
9781249455165
9781249455172
9781249455196
9781249455233
9781249455264
9781249455271
9781249455301
9781249455318
9781249455363
9781249455370
9781249455387
9781249455394
9781249455400
9781249455424
9781249455431
9781249455448
9781249455455
9781249455479
9781249455509
9781249455516
9781249455523
9781249455530
9781249455547
9781249455554
9781249455561
9781249455578
9781249455608
9781249455622
9781249455639
9781249455677
9781249455684
9781249455707
9781249455714
9781249455721
9781249455738
9781249455745
9781249455769
9781249455783
9781249455790
9781249455806
9781249455844
9781249455851
9781249455868
9781249455875
9781249455882
9781249455899
9781249455929
9781249455943
9781249455974
9781249455998
9781249456001
9781249456025
9781249456049
9781249456087
9781249456094
9781249456100
9781249456162
9781249456193
9781249456209
9781249456216
9781249456230
9781249456445
9781249456452
9781249456469
9781249456476
9781249456483
9781249456506
9781249456513
9781249456520
9781249456537
9781249456544
9781249456551
9781249456568
9781249456575
9781249456582
9781249456599
9781249456605
9781249456612
9781249456629
9781249456636
9781249456643
9781249456650
9781249456667
9781249456704
9781249456711
9781249456728
9781249456735
9781249456766
9781249456773
9781249456797
9781249456803
9781249456858
9781249456865
9781249456872
9781249456889
9781249456896
9781249456902
9781249456919
9781249456926
9781249456957
9781249456964
9781249456971
9781249456988
9781249456995
9781249457015
9781249457022
9781249457039
9781249457046
9781249457053
9781249457060
9781249457084
9781249457107
9781249457114
9781249457138
9781249457145
9781249457152
9781249457169
9781249457176
9781249457183
9781249457190
9781249457206
9781249457213
9781249457220
9781249457237
9781249457244
9781249457312
9781249457336
9781249457343
9781249457350
9781249457381
9781249457404
9781249457442
9781249457459
9781249457466
9781249457473
9781249457503
9781249457510
9781249457527
9781249457565
9781249457619
9781249457640
9781249457657
9781249457688
9781249457725
9781249457770
9781249457817
9781249457855
9781249457886
9781249457893
9781249457909
9781249457954
9781249457961
9781249457985
9781249458012
9781249458029
9781249458036
9781249458043
9781249458050
9781249458104
9781249458111
9781249458128
9781249458159
9781249458166
9781249458173
9781249458197
9781249458210
9781249458227
9781249458241
9781249458258
9781249458272
9781249458302
9781249458326
9781249458333
9781249458340
9781249458357
9781249458371
9781249458388
9781249458395
9781249458401
9781249458418
9781249458425
9781249458432
9781249458449
9781249458456
9781249458463
9781249458470
9781249458487
9781249458494
9781249458500
9781249458517
9781249458524
9781249458531
9781249458548
9781249458555
9781249458562
9781249458579
9781249458586
9781249458593
9781249458609
9781249458616
9781249458623
9781249458630
9781249458647
9781249458654
9781249458661
9781249458678
9781249458685
9781249458692
9781249458708
9781249458715
9781249458722
9781249458739
9781249458746
9781249458753
9781249458760
9781249458777
9781249458784
9781249458791
9781249458807
9781249458814
9781249458821
9781249458838
9781249458845
9781249458852
9781249458869
9781249458876
9781249458883
9781249458890
9781249458906
9781249458913
9781249458920
9781249458937
9781249458944
9781249458951
9781249458968
9781249458975
9781249458982
9781249458999
9781249459002
9781249459019
9781249459026
9781249459033
9781249459040
9781249459057
9781249459064
9781249459071
9781249459088
9781249459095
9781249459101
9781249459118
9781249459125
9781249459132
9781249459149
9781249459156
9781249459163
9781249459170
9781249459187
9781249459194
9781249459200
9781249459217
9781249459224
9781249459231
9781249459248
9781249459255
9781249459262
9781249459279
9781249459286
9781249459293
9781249459309
9781249459316
9781249459323
9781249459330
9781249459347
9781249459354
9781249459361
9781249459378
9781249459385
9781249459392
9781249459408
9781249459415
9781249459422
9781249459439
9781249459446
9781249459453
9781249459460
9781249459477
9781249459484
9781249459491
9781249459507
9781249459514
9781249459521
9781249459538
9781249459545
9781249459552
9781249459569
9781249459576
9781249459583
9781249459590
9781249459606
9781249459613
9781249459620
9781249459637
9781249459644
9781249459651
9781249459668
9781249459675
9781249459682
9781249459699
9781249459705
9781249459712
9781249459729
9781249459736
9781249459743
9781249459750
9781249459767
9781249459774
9781249459781
9781249459798
9781249459804
9781249459811
9781249459828
9781249459835
9781249459842
9781249459859
9781249459866
9781249459873
9781249459880
9781249459897
9781249459903
9781249459910
9781249459927
9781249459934
9781249459941
9781249459958
9781249459965
9781249459972
9781249459989
9781249459996
9781249460008
9781249460015
9781249460022
9781249460039
9781249460046
9781249460053
9781249460060
9781249460077
9781249460084
9781249460091
9781249460107
9781249460114
9781249460121
9781249460138
9781249460145
9781249460152
9781249460169
9781249460176
9781249460183
9781249460190
9781249460206
9781249460213
9781249460220
9781249460237
9781249460244
9781249460251
9781249460268
9781249460275
9781249460282
9781249460299
9781249460305
9781249460312
9781249460329
9781249460336
9781249460343
9781249460350
9781249460367
9781249460374
9781249460381
9781249460398
9781249460404
9781249460411
9781249460428
9781249460435
9781249460442
9781249460459
9781249460466
9781249460473
9781249460480
9781249460497
9781249460503
9781249460510
9781249460527
9781249460534
9781249460541
9781249460558
9781249460565
9781249460572
9781249460589
9781249460596
9781249460602
9781249460619
9781249460626
9781249460633
9781249460640
9781249460657
9781249460664
9781249460671
9781249460688
9781249460695
9781249460701
9781249460718
9781249460725
9781249460732
9781249460749
9781249460756
9781249460763
9781249460770
9781249460787
9781249460794
9781249460800
9781249460817
9781249460824
9781249460831
9781249460848
9781249460855
9781249460862
9781249460879
9781249460886
9781249460893
9781249460909
9781249460916
9781249460923
9781249460930
9781249460947
9781249460954
9781249460961
9781249460978
9781249460985
9781249461005
9781249461012
9781249461029
9781249461036
9781249461043
9781249461050
9781249461067
9781249461074
9781249461098
9781249461104
9781249461111
9781249461159
9781249461166
9781249461173
9781249461180
9781249461197
9781249461203
9781249461210
9781249461227
9781249461234
9781249461241
9781249461258
9781249461265
9781249461272
9781249461289
9781249461296
9781249461302
9781249461319
9781249461326
9781249461333
9781249461340
9781249461357
9781249461364
9781249461371
9781249461388
9781249461395
9781249461401
9781249461418
9781249461425
9781249461432
9781249461449
9781249461456
9781249461463
9781249461470
9781249461487
9781249461500
9781249461517
9781249461524
9781249461531
9781249461548
9781249461555
9781249461562
9781249461579
9781249461586
9781249461593
9781249461616
9781249461623
9781249461630
9781249461647
9781249461654
9781249461661
9781249461678
9781249461685
9781249461708
9781249461715
9781249461722
9781249461739
9781249461753
9781249461760
9781249461777
9781249461784
9781249461821
9781249461845
9781249461890
9781249461951
9781249461975
9781249461999
9781249462019
9781249462033
9781249462057
9781249462088
9781249462095
9781249462101
9781249462170
9781249462200
9781249462279
9781249462286
9781249462316
9781249462323
9781249462330
9781249462422
9781249462453
9781249462477
9781249462491
9781249462590
9781249462613
9781249462644
9781249462736
9781249462750
9781249462767
9781249462774
9781249462798
9781249462804
9781249462835
9781249462842
9781249462859
9781249462866
9781249462897
9781249462927
9781249462934
9781249462965
9781249463115
9781249463153
9781249463184
9781249463191
9781249463238
9781249463344
9781249463351
9781249463375
9781249463399
9781249463412
9781249463481
9781249463559
9781249463566
9781249463634
9781249463658
9781249463665
9781249463672
9781249463689
9781249463801
9781249463849
9781249463993
9781249464006
9781249464068
9781249464075
9781249464082
9781249464099
9781249464167
9781249464174
9781249464204
9781249464242
9781249464266
9781249464297
9781249464389
9781249464396
9781249464402
9781249464518
9781249464525
9781249464556
9781249464600
9781249464662
9781249464693
9781249464754
9781249464792
9781249464808
9781249464846
9781249464891
9781249464938
9781249464952
9781249464990
9781249465010
9781249465058
9781249465089
9781249465140
9781249465164
9781249465188
9781249465225
9781249465256
9781249465379
9781249465430
9781249465461
9781249465485
9781249465522
9781249465539
9781249465621
9781249465638
9781249465683
9781249465713
9781249465744
9781249465799
9781249465843
9781249466048
9781249466116
9781249466123
9781249466178
9781249466239
9781249466246
9781249466277
9781249466314
9781249466338
9781249466352
9781249466390
9781249466413
9781249466420
9781249466529
9781249466581
9781249466604
9781249466642
9781249466666
9781249466734
9781249466758
9781249466765
9781249466772
9781249466796
9781249466826
9781249466857
9781249466864
9781249466871
9781249466925
9781249466932
9781249466949
9781249467038
9781249467052
9781249467069
9781249467083
9781249467137
9781249467168
9781249467182
9781249467199
9781249467380
9781249467502
9781249467540
9781249467564
9781249467649
9781249467656
9781249467670
9781249467724
9781249467748
9781249467786
9781249467939
9781249467977
9781249468103
9781249468134
9781249468165
9781249468196
9781249468240
9781249468295
9781249468325
9781249468363
9781249468387
9781249468462
9781249468493
9781249468547
9781249468592
9781249468677
9781249468738
9781249468776
9781249468813
9781249468851
9781249468875
9781249468905
9781249468912
9781249468950
9781249468981
9781249469032
9781249469087
9781249469094
9781249469100
9781249469162
9781249469285
9781249469346
9781249469377
9781249469384
9781249469483
9781249469506
9781249469513
9781249469520
9781249469575
9781249469636
9781249469827
9781249469841
9781249469872
9781249469889
9781249469902
9781249469926
9781249469933
9781249469957
9781249469971
9781249469995
9781249470076
9781249470120
9781249470250
9781249470267
9781249470298
9781249470328
9781249470359
9781249470366
9781249470373
9781249470397
9781249470427
9781249470434
9781249470441
9781249470458
9781249470465
9781249470472
9781249470489
9781249470519
9781249470526
9781249470618
9781249470731
9781249470748
9781249470809
9781249470816
9781249470823
9781249470847
9781249470861
9781249470908
9781249470915
9781249470922
9781249470946
9781249470991
9781249471011
9781249471042
9781249471066
9781249471080
9781249471134
9781249471219
9781249471233
9781249471240
9781249471295
9781249471356
9781249471363
9781249471400
9781249471417
9781249471431
9781249471509
9781249471530
9781249471622
9781249471660
9781249471677
9781249471691
9781249471707
9781249471776
9781249471783
9781249471806
9781249471820
9781249471851
9781249471868
9781249471882
9781249471936
9781249471943
9781249472124
9781249472131
9781249472148
9781249472315
9781249472322
9781249472339
9781249472346
9781249472377
9781249472414
9781249472513
9781249472636
9781249472667
9781249472674
9781249472698
9781249472711
9781249472735
9781249472773
9781249472780
9781249472797
9781249472827
9781249472834
9781249472858
9781249472865
9781249472889
9781249472896
9781249472902
9781249472926
9781249472957
9781249472964
9781249473008
9781249473039
9781249473336
9781249473343
9781249473411
9781249473435
9781249473459
9781249473466
9781249473473
9781249473497
9781249473503
9781249473541
9781249473558
9781249473565
9781249473572
9781249473602
9781249473688
9781249473701
9781249473732
9781249473749
9781249473756
9781249473770
9781249473787
9781249473800
9781249473855
9781249473893
9781249473909
9781249473954
9781249473961
9781249474043
9781249474081
9781249474098
9781249474128
9781249474166
9781249474203
9781249474241
9781249474296
9781249474319
9781249474333
9781249474340
9781249474418
9781249474456
9781249474463
9781249474609
9781249474616
9781249474630
9781249474654
9781249474715
9781249474722
9781249474753
9781249474760
9781249474845
9781249474883
9781249474906
9781249474937
9781249475019
9781249475026
9781249475057
9781249475071
9781249475101
9781249475156
9781249475163
9781249475231
9781249475248
9781249475316
9781249475378
9781249475491
9781249475507
9781249475521
9781249475590
9781249475644
9781249475651
9781249475675
9781249475682
9781249475729
9781249475743
9781249475750
9781249475781
9781249475835
9781249475880
9781249475897
9781249475996
9781249476047
9781249476078
9781249476115
9781249476177
9781249476245
9781249476252
9781249476283
9781249476290
9781249476412
9781249476436
9781249476535
9781249476580
9781249476634
9781249476771
9781249476818
9781249476894
9781249476900
9781249476993
9781249477051
9781249477105
9781249477136
9781249477150
9781249477167
9781249477204
9781249477280
9781249477334
9781249477358
9781249477389
9781249477396
9781249477495
9781249477662
9781249477679
9781249477686
9781249477716
9781249477754
9781249477785
9781249477792
9781249477853
9781249477990
9781249478003
9781249478027
9781249478034
9781249478072
9781249478195
9781249478201
9781249478270
9781249478287
9781249478348
9781249478355
9781249478379
9781249478430
9781249478454
9781249478492
9781249478553
9781249478560
9781249478584
9781249478614
9781249478638
9781249478652
9781249478737
9781249478744
9781249478751
9781249478782
9781249478874
9781249478904
9781249478942
9781249478973
9781249478980
9781249479031
9781249479079
9781249479093
9781249479123
9781249479154
9781249479215
9781249479222
9781249479260
9781249479284
9781249479383
9781249479390
9781249479451
9781249479468
9781249479505
9781249479550
9781249479574
9781249479635
9781249479642
9781249479666
9781249479697
9781249479727
9781249479758
9781249479796
9781249479802
9781249479819
9781249479826
9781249479901
9781249479949
9781249479963
9781249479994
9781249480044
9781249480105
9781249480129
9781249480136
9781249480235
9781249480242
9781249480266
9781249480273
9781249480327
9781249480464
9781249480501
9781249480563
9781249480570
9781249480631
9781249480648
9781249480778
9781249480839
9781249480877
9781249480938
9781249481003
9781249481041
9781249481058
9781249481102
9781249481119
9781249481232
9781249481263
9781249481270
9781249481294
9781249481300
9781249481317
9781249481355
9781249481386
9781249481393
9781249481461
9781249481492
9781249481508
9781249481553
9781249481621
9781249481744
9781249481751
9781249481768
9781249481911
9781249481973
9781249482062
9781249482086
9781249482093
9781249482147
9781249482208
9781249482246
9781249482291
9781249482307
9781249482321
9781249482437
9781249482444
9781249482482
9781249482499
9781249482567
9781249482581
9781249482604
9781249482642
9781249482659
9781249482673
9781249482697
9781249482703
9781249482758
9781249482864
9781249482895
9781249482918
9781249482932
9781249482956
9781249483014
9781249483021
9781249483038
9781249483045
9781249483076
9781249483106
9781249483120
9781249483175
9781249483267
9781249483281
9781249483298
9781249483304
9781249483335
9781249483380
9781249483397
9781249483403
9781249483465
9781249483472
9781249483489
9781249483526
9781249483618
9781249483656
9781249483670
9781249483731
9781249483786
9781249483823
9781249483847
9781249483854
9781249483922
9781249484028
9781249484073
9781249484141
9781249484226
9781249484240
9781249484301
9781249484318
9781249484325
9781249484356
9781249484387
9781249484424
9781249484448
9781249484455
9781249484516
9781249484554
9781249484561
9781249484578
9781249484639
9781249484653
9781249484660
9781249484707
9781249484714
9781249484882
9781249484912
9781249484950
9781249484998
9781249485001
9781249485025
9781249485032
9781249485049
9781249485063
9781249485070
9781249485087
9781249485100
9781249485148
9781249485155
9781249485209
9781249485223
9781249485285
9781249485292
9781249485391
9781249485407
9781249485445
9781249485452
9781249485537
9781249485582
9781249485674
9781249485704
9781249485766
9781249485797
9781249485810
9781249485827
9781249485841
9781249485919
9781249485926
9781249485940
9781249485957
9781249485964
9781249485995
9781249486008
9781249486084
9781249486107
9781249486138
9781249486152
9781249486176
9781249486190
9781249486213
9781249486237
9781249486244
9781249486299
9781249486312
9781249486350
9781249486442
9781249486459
9781249486497
9781249486527
9781249486572
9781249486626
9781249486657
9781249486718
9781249486732
9781249486749
9781249486756
9781249486862
9781249486879
9781249486893
9781249486916
9781249486992
9781249487005
9781249487029
9781249487050
9781249487135
9781249487159
9781249487166
9781249487173
9781249487258
9781249487319
9781249487333
9781249487340
9781249487418
9781249487425
9781249487449
9781249487470
9781249487531
9781249487555
9781249487562
9781249487609
9781249487654
9781249487661
9781249487685
9781249487722
9781249487739
9781249487821
9781249487838
9781249487920
9781249487982
9781249487999
9781249488019
9781249488026
9781249488118
9781249488170
9781249488187
9781249488194
9781249488231
9781249488255
9781249488293
9781249488316
9781249488422
9781249488507
9781249488545
9781249488569
9781249488576
9781249488613
9781249488651
9781249488668
9781249488699
9781249488705
9781249488743
9781249488750
9781249488781
9781249488804
9781249488811
9781249488866
9781249488903
9781249488910
9781249488927
9781249488972
9781249488989
9781249489085
9781249489115
9781249489139
9781249489153
9781249489177
9781249489191
9781249489214
9781249489245
9781249489283
9781249489436
9781249489443
9781249489450
9781249489559
9781249489573
9781249489597
9781249489610
9781249489665
9781249489672
9781249489702
9781249489726
9781249489887
9781249489931
9781249490036
9781249490067
9781249490128
9781249490197
9781249490227
9781249490241
9781249490258
9781249490296
9781249490319
9781249490340
9781249490357
9781249490364
9781249490388
9781249490432
9781249490449
9781249490456
9781249490517
9781249490579
9781249490609
9781249490630
9781249490678
9781249490708
9781249490715
9781249490722
9781249490746
9781249490760
9781249490807
9781249490838
9781249490869
9781249490913
9781249490920
9781249490968
9781249491040
9781249491071
9781249491095
9781249491118
9781249491132
9781249491156
9781249491187
9781249491200
9781249491217
9781249491248
9781249491354
9781249491378
9781249491408
9781249491453
9781249491477
9781249491484
9781249491507
9781249491569
9781249491590
9781249491644
9781249491651
9781249491682
9781249491712
9781249491736
9781249491750
9781249491798
9781249491859
9781249491897
9781249491903
9781249491927
9781249491972
9781249492023
9781249492047
9781249492078
9781249492085
9781249492092
9781249492122
9781249492139
9781249492153
9781249492207
9781249492214
9781249492221
9781249492429
9781249492467
9781249492474
9781249492511
9781249492542
9781249492719
9781249492962
9781249492979
9781249493068
9781249493235
9781249493259
9781249493266
9781249493280
9781249493303
9781249493341
9781249493389
9781249493402
9781249493440
9781249493495
9781249493525
9781249493563
9781249493570
9781249493600
9781249493648
9781249493662
9781249493709
9781249493716
9781249493754
9781249493815
9781249493846
9781249493914
9781249494089
9781249494102
9781249494126
9781249494133
9781249494225
9781249494256
9781249494416
9781249494492
9781249494553
9781249494560
9781249494591
9781249494652
9781249494676
9781249494737
9781249494744
9781249494782
9781249494850
9781249494874
9781249495000
9781249495116
9781249495123
9781249495130
9781249495154
9781249495192
9781249495222
9781249495239
9781249495284
9781249495291
9781249495321
9781249495352
9781249495413
9781249495420
9781249495437
9781249495451
9781249495529
9781249495598
9781249495611
9781249495642
9781249495666
9781249495673
9781249495680
9781249495697
9781249495789
9781249495864
9781249495888
9781249495970
9781249496007
9781249496052
9781249496205
9781249496212
9781249496274
9781249496281
9781249496366
9781249496380
9781249496410
9781249496465
9781249496519
9781249496571
9781249496595
9781249496618
9781249496656
9781249496694
9781249496748
9781249496786
9781249496793
9781249496809
9781249496878
9781249496915
9781249497028
9781249497042
9781249497066
9781249497141
9781249497172
9781249497233
9781249497240
9781249497257
9781249497264
9781249497271
9781249497288
9781249497295
9781249497301
9781249497318
9781249497325
9781249497332
9781249497349
9781249497387
9781249497394
9781249497400
9781249497417
9781249497424
9781249497431
9781249497448
9781249497455
9781249497462
9781249497479
9781249497486
9781249497493
9781249497509
9781249497516
9781249497523
9781249497547
9781249497554
9781249497561
9781249497578
9781249497585
9781249497592
9781249497608
9781249497615
9781249497622
9781249497639
9781249497646
9781249497653
9781249497677
9781249497684
9781249497691
9781249497707
9781249497714
9781249497721
9781249497738
9781249497752
9781249497769
9781249497783
9781249497790
9781249497806
9781249497813
9781249497820
9781249497837
9781249497844
9781249497851
9781249497868
9781249497875
9781249497882
9781249497899
9781249497905
9781249497912
9781249497929
9781249497974
9781249498056
9781249498063
9781249498070
9781249498131
9781249498148
9781249498155
9781249498162
9781249498179
9781249498186
9781249498193
9781249498209
9781249498216
9781249498223
9781249498230
9781249498247
9781249498254
9781249498261
9781249498278
9781249498285
9781249498292
9781249498308
9781249498315
9781249498322
9781249498339
9781249498346
9781249498353
9781249498360
9781249498377
9781249498384
9781249498391
9781249498407
9781249498414
9781249498469
9781249498476
9781249498483
9781249498490
9781249498513
9781249498520
9781249498537
9781249498551
9781249498568
9781249498575
9781249498605
9781249498643
9781249498674
9781249498704
9781249498711
9781249498728
9781249498735
9781249498759
9781249498766
9781249498773
9781249498797
9781249498803
9781249498810
9781249498827
9781249498841
9781249498865
9781249498872
9781249498889
9781249498902
9781249498919
9781249498926
9781249498957
9781249498964
9781249498988
9781249499008
9781249499015
9781249499022
9781249499039
9781249499046
9781249499053
9781249499060
9781249499077
9781249499084
9781249499107
9781249499114
9781249499121
9781249499138
9781249499145
9781249499152
9781249499169
9781249499183
9781249499190
9781249499206
9781249499213
9781249499220
9781249499237
9781249499244
9781249499251
9781249499268
9781249499275
9781249499282
9781249499299
9781249499305
9781249499312
9781249499329
9781249499336
9781249499343
9781249499350
9781249499367
9781249499374
9781249499381
9781249499398
9781249499404
9781249499411
9781249499428
9781249499435
9781249499442
9781249499459
9781249499466
9781249499473
9781249499480
9781249499497
9781249499503
9781249499510
9781249499527
9781249499534
9781249499541
9781249499558
9781249499565
9781249499572
9781249499589
9781249499596
9781249499602
9781249499619
9781249499626
9781249499633
9781249499640
9781249499657
9781249499664
9781249499671
9781249499688
9781249499695
9781249499701
9781249499718
9781249499725
9781249499732
9781249499749
9781249499756
9781249499763
9781249499770
9781249499787
9781249499794
9781249499800
9781249499817
9781249499824
9781249499831
9781249499848
9781249499855
9781249499862
9781249499879
9781249499886
9781249499893
9781249499909
9781249499916
9781249499923
9781249499930
9781249499947
9781249499954
9781249499961
9781249499978
9781249499985
9781249499992
9781249500001
9781249500018
9781249500025
9781249500032
9781249500049
9781249500056
9781249500063
9781249500070
9781249500087
9781249500094
9781249500100
9781249500117
9781249500124
9781249500131
9781249500148
9781249500155
9781249500162
9781249500179
9781249500186
9781249500193
9781249500209
9781249500216
9781249500223
9781249500230
9781249500247
9781249500254
9781249500261
9781249500278
9781249500285
9781249500292
9781249500308
9781249500315
9781249500322
9781249500339
9781249500346
9781249500353
9781249500360
9781249500377
9781249500384
9781249500391
9781249500407
9781249500414
9781249500421
9781249500438
9781249500483
9781249500490
9781249500544
9781249500551
9781249500568
9781249500575
9781249500582
9781249500599
9781249500605
9781249500612
9781249500629
9781249500636
9781249500643
9781249500650
9781249500667
9781249500674
9781249500681
9781249500704
9781249500711
9781249500728
9781249500735
9781249500742
9781249500759
9781249500766
9781249500773
9781249500780
9781249500797
9781249500803
9781249500810
9781249500827
9781249500834
9781249500841
9781249500858
9781249500865
9781249500872
9781249500889
9781249500896
9781249500902
9781249500919
9781249500926
9781249500933
9781249500940
9781249500957
9781249500964
9781249500971
9781249500988
9781249500995
9781249501008
9781249501015
9781249501022
9781249501039
9781249501046
9781249501053
9781249501060
9781249501077
9781249501084
9781249501091
9781249501107
9781249501114
9781249501121
9781249501138
9781249501145
9781249501152
9781249501169
9781249501176
9781249501183
9781249501190
9781249501206
9781249501213
9781249501220
9781249501237
9781249501244
9781249501251
9781249501268
9781249501275
9781249501282
9781249501299
9781249501305
9781249501312
9781249501329
9781249501336
9781249501343
9781249501350
9781249501367
9781249501374
9781249501381
9781249501398
9781249501404
9781249501411
9781249501428
9781249501435
9781249501442
9781249501459
9781249501466
9781249501473
9781249501480
9781249501497
9781249501503
9781249501510
9781249501527
9781249501534
9781249501541
9781249501558
9781249501565
9781249501572
9781249501589
9781249501596
9781249501602
9781249501619
9781249501626
9781249501633
9781249501640
9781249501657
9781249501664
9781249501671
9781249501688
9781249501695
9781249501701
9781249501718
9781249501725
9781249501732
9781249501749
9781249501756
9781249501763
9781249501770
9781249501787
9781249501794
9781249501800
9781249501817
9781249501824
9781249501831
9781249501848
9781249501855
9781249501862
9781249501879
9781249501886
9781249501893
9781249501909
9781249501916
9781249501923
9781249501930
9781249501947
9781249501954
9781249501961
9781249501978
9781249501985
9781249501992
9781249502005
9781249502012
9781249502029
9781249502036
9781249502043
9781249502050
9781249502067
9781249502074
9781249502081
9781249502098
9781249502104
9781249502111
9781249502128
9781249502135
9781249502142
9781249502159
9781249502166
9781249502173
9781249502180
9781249502197
9781249502203
9781249502210
9781249502227
9781249502234
9781249502241
9781249502258
9781249502265
9781249502272
9781249502289
9781249502296
9781249502302
9781249502319
9781249502326
9781249502333
9781249502340
9781249502357
9781249502364
9781249502371
9781249502388
9781249502395
9781249502401
9781249502418
9781249502425
9781249502432
9781249502449
9781249502456
9781249502463
9781249502470
9781249502487
9781249502494
9781249502500
9781249502517
9781249502524
9781249502531
9781249502548
9781249502555
9781249502562
9781249502579
9781249502586
9781249502609
9781249502616
9781249502623
9781249502630
9781249502647
9781249502654
9781249502661
9781249502678
9781249502685
9781249502692
9781249502708
9781249502739
9781249502746
9781249502753
9781249502777
9781249502784
9781249502791
9781249502807
9781249502814
9781249502821
9781249502838
9781249502845
9781249502852
9781249502869
9781249502876
9781249502883
9781249502890
9781249502906
9781249502913
9781249502920
9781249502937
9781249502944
9781249502951
9781249502968
9781249502975
9781249502982
9781249502999
9781249503002
9781249503019
9781249503026
9781249503033
9781249503040
9781249503057
9781249503064
9781249503071
9781249503088
9781249503095
9781249503101
9781249503118
9781249503125
9781249503132
9781249503149
9781249503156
9781249503163
9781249503170
9781249503187
9781249503194
9781249503200
9781249503217
9781249503224
9781249503231
9781249503248
9781249503255
9781249503262
9781249503279
9781249503293
9781249503309
9781249503316
9781249503323
9781249503330
9781249503347
9781249503354
9781249503361
9781249503378
9781249503385
9781249503392
9781249503408
9781249503415
9781249503422
9781249503439
9781249503446
9781249503453
9781249503460
9781249503477
9781249503484
9781249503491
9781249503507
9781249503514
9781249503521
9781249503538
9781249503552
9781249503576
9781249503606
9781249503620
9781249503637
9781249503644
9781249503651
9781249503668
9781249503675
9781249503699
9781249503712
9781249503743
9781249503798
9781249503811
9781249503828
9781249503835
9781249503842
9781249503859
9781249503866
9781249503873
9781249503880
9781249503927
9781249503934
9781249503941
9781249503958
9781249503965
9781249503972
9781249503989
9781249503996
9781249504009
9781249504016
9781249504023
9781249504030
9781249504047
9781249504054
9781249504061
9781249504078
9781249504085
9781249504092
9781249504108
9781249504115
9781249504122
9781249504139
9781249504146
9781249504153
9781249504160
9781249504177
9781249504184
9781249504191
9781249504207
9781249504214
9781249504221
9781249504238
9781249504245
9781249504252
9781249504269
9781249504276
9781249504283
9781249504290
9781249504306
9781249504313
9781249504337
9781249504344
9781249504351
9781249504399
9781249504429
9781249504436
9781249504443
9781249504450
9781249504474
9781249504498
9781249504504
9781249504511
9781249504559
9781249504573
9781249504597
9781249504603
9781249504610
9781249504627
9781249504634
9781249504641
9781249504658
9781249504665
9781249504672
9781249504689
9781249504696
9781249504719
9781249504726
9781249504740
9781249504757
9781249504764
9781249504771
9781249504788
9781249504795
9781249504801
9781249504818
9781249504825
9781249504849
9781249504856
9781249504863
9781249504887
9781249504917
9781249504924
9781249504931
9781249504948
9781249504962
9781249504986
9781249504993
9781249505020
9781249505037
9781249505044
9781249505051
9781249505068
9781249505075
9781249505082
9781249505099
9781249505129
9781249505150
9781249505167
9781249505174
9781249505181
9781249505198
9781249505204
9781249505211
9781249505228
9781249505235
9781249505242
9781249505273
9781249505280
9781249505297
9781249505303
9781249505310
9781249505327
9781249505334
9781249505341
9781249505358
9781249505365
9781249505372
9781249505389
9781249505402
9781249505419
9781249505594
9781249505686
9781249505716
9781249506058
9781249506065
9781249506102
9781249506164
9781249506225
9781249506348
9781249506379
9781249506386
9781249506409
9781249506416
9781249506508
9781249506584
9781249506669
9781249506706
9781249506737
9781249506744
9781249506775
9781249506799
9781249506836
9781249506843
9781249506904
9781249506966
9781249506973
9781249507116
9781249507130
9781249507215
9781249507239
9781249507253
9781249507284
9781249507321
9781249507390
9781249507451
9781249507505
9781249507512
9781249507543
9781249507666
9781249507734
9781249507819
9781249507833
9781249507895
9781249508052
9781249508168
9781249508250
9781249508427
9781249508434
9781249508533
9781249508618
9781249508632
9781249508878
9781249508885
9781249508922
9781249508953
9781249508984
9781249509004
9781249509042
9781249509059
9781249509066
9781249509080
9781249509172
9781249509196
9781249509202
9781249509356
9781249509394
9781249509417
9781249509424
9781249509431
9781249509455
9781249509462
9781249509479
9781249509509
9781249509547
9781249509554
9781249509561
9781249509578
9781249509608
9781249509615
9781249509622
9781249509714
9781249509738
9781249509783
9781249509790
9781249509844
9781249509899
9781249509943
9781249509974
9781249510031
9781249510048
9781249510055
9781249510079
9781249510116
9781249510123
9781249510192
9781249510222
9781249510246
9781249510277
9781249510376
9781249510390
9781249510475
9781249510550
9781249510574
9781249510673
9781249510697
9781249510734
9781249510765
9781249510826
9781249510833
9781249510840
9781249511076
9781249511144
9781249511151
9781249511182
9781249511229
9781249511274
9781249511298
9781249511335
9781249511366
9781249511373
9781249511397
9781249511502
9781249511540
9781249511618
9781249511625
9781249511687
9781249511717
9781249511724
9781249511779
9781249511830
9781249511847
9781249511861
9781249511892
9781249511953
9781249511960
9781249511984
9781249512042
9781249512066
9781249512110
9781249512141
9781249512172
9781249512233
9781249512257
9781249512264
9781249512325
9781249512370
9781249512462
9781249512486
9781249512592
9781249512615
9781249512721
9781249512738
9781249512769
9781249512806
9781249512899
9781249512912
9781249512950
9781249513018
9781249513070
9781249513100
9781249513117
9781249513216
9781249513223
9781249513285
9781249513308
9781249513315
9781249513445
9781249513452
9781249513469
9781249513476
9781249513544
9781249513582
9781249513605
9781249513612
9781249513629
9781249513650
9781249513728
9781249513759
9781249513780
9781249513810
9781249513858
9781249513865
9781249513896
9781249513919
9781249513988
9781249514077
9781249514121
9781249514206
9781249514343
9781249514398
9781249514404
9781249514435
9781249514442
9781249514640
9781249514701
9781249514756
9781249514794
9781249514848
9781249514930
9781249515005
9781249515036
9781249515159
9781249515234
9781249515302
9781249515319
9781249515333
9781249515395
9781249515449
9781249515463
9781249515548
9781249515562
9781249515623
9781249515708
9781249515739
9781249515760
9781249515784
9781249515814
9781249515869
9781249515937
9781249515982
9781249516019
9781249516033
9781249516156
9781249516217
9781249516293
9781249516309
9781249516347
9781249516385
9781249516392
9781249516422
9781249516569
9781249516583
9781249516613
9781249516637
9781249516651
9781249516798
9781249516873
9781249516927
9781249516941
9781249517030
9781249517139
9781249517191
9781249517283
9781249517351
9781249517382
9781249517443
9781249517450
9781249517467
9781249517511
9781249517542
9781249517580
9781249517665
9781249517689
9781249517726
9781249517788
9781249517818
9781249517849
9781249517931
9781249518006
9781249518068
9781249518129
9781249518136
9781249518143
9781249518273
9781249518334
9781249518341
9781249518488
9781249518501
9781249518570
9781249518594
9781249518600
9781249518624
9781249518686
9781249518754
9781249518785
9781249518839
9781249518952
9781249518969
9781249518976
9781249519027
9781249519034
9781249519058
9781249519072
9781249519119
9781249519218
9781249519287
9781249519300
9781249519447
9781249519485
9781249519522
9781249519584
9781249519591
9781249519607
9781249519669
9781249519690
9781249519768
9781249519812
9781249519850
9781249519898
9781249519928
9781249519935
9781249519959
9781249519980
9781249520030
9781249520054
9781249520061
9781249520139
9781249520184
9781249520214
9781249520221
9781249520238
9781249520504
9781249520511
9781249520580
9781249520634
9781249520641
9781249520726
9781249520757
9781249520894
9781249520979
9781249521013
9781249521037
9781249521068
9781249521075
9781249521082
9781249521105
9781249521129
9781249521143
9781249521150
9781249521167
9781249521174
9781249521204
9781249521211
9781249521242
9781249521266
9781249521273
9781249521280
9781249521372
9781249521389
9781249521419
9781249521433
9781249521440
9781249521525
9781249521570
9781249521594
9781249521624
9781249521662
9781249521686
9781249521754
9781249521761
9781249521860
9781249521877
9781249521891
9781249521921
9781249521969
9781249521976
9781249522027
9781249522119
9781249522126
9781249522188
9781249522256
9781249522287
9781249522300
9781249522324
9781249522379
9781249522416
9781249522447
9781249522539
9781249522546
9781249522638
9781249522669
9781249522690
9781249522706
9781249522713
9781249522744
9781249522768
9781249522799
9781249522812
9781249522836
9781249522867
9781249522874
9781249522973
9781249523093
9781249523130
9781249523154
9781249523246
9781249523253
9781249523260
9781249523314
9781249523406
9781249523451
9781249523468
9781249523475
9781249523598
9781249523642
9781249523666
9781249523703
9781249523727
9781249523758
9781249523765
9781249523819
9781249523888
9781249524106
9781249524168
9781249524175
9781249524182
9781249524205
9781249524229
9781249524236
9781249524250
9781249524281
9781249524304
9781249524311
9781249524342
9781249524373
9781249524397
9781249524571
9781249524687
9781249524694
9781249524762
9781249524779
9781249524823
9781249524830
9781249524861
9781249524946
9781249524953
9781249524960
9781249525004
9781249525011
9781249525059
9781249525110
9781249525141
9781249525202
9781249525318
9781249525332
9781249525349
9781249525448
9781249525462
9781249525479
9781249525523
9781249525554
9781249525646
9781249525813
9781249525837
9781249525882
9781249525943
9781249525967
9781249525974
9781249526100
9781249526148
9781249526285
9781249526308
9781249526339
9781249526346
9781249526377
9781249526384
9781249526438
9781249526490
9781249526513
9781249526520
9781249526544
9781249526599
9781249526629
9781249526650
9781249526667
9781249526674
9781249526698
9781249526728
9781249526735
9781249526742
9781249526803
9781249526827
9781249526834
9781249526933
9781249527107
9781249527190
9781249527367
9781249527411
9781249527435
9781249527527
9781249527558
9781249527565
9781249527749
9781249527763
9781249527770
9781249527824
9781249528012
9781249528067
9781249528081
9781249528166
9781249528203
9781249528241
9781249528258
9781249528463
9781249528494
9781249528517
9781249528548
9781249528623
9781249528630
9781249528661
9781249528692
9781249528715
9781249528746
9781249528821
9781249528913
9781249528968
9781249529071
9781249529149
9781249529224
9781249529286
9781249529309
9781249529385
9781249529477
9781249529521
9781249529545
9781249529552
9781249529606
9781249529668
9781249529682
9781249529774
9781249529842
9781249529859
9781249529897
9781249530077
9781249530121
9781249530145
9781249530152
9781249530237
9781249530336
9781249530435
9781249530442
9781249530497
9781249530510
9781249530534
9781249530565
9781249530572
9781249530596
9781249530626
9781249530657
9781249530701
9781249530763
9781249530794
9781249530831
9781249530947
9781249530954
9781249530985
9781249531012
9781249531081
9781249531104
9781249531111
9781249531166
9781249531357
9781249531395
9781249531418
9781249531432
9781249531456
9781249531487
9781249531906
9781249531913
9781249532057
9781249532071
9781249532316
9781249532606
9781249532705
9781249532972
9781249533375
9781249533399
9781249533467
9781249533481
9781249533573
9781249533702
9781249533757
9781249533795
9781249533894
9781249533917
9781249533931
9781249533986
9781249534020
9781249534044
9781249534082
9781249534136
9781249534341
9781249534372
9781249534402
9781249534594
9781249534600
9781249534662
9781249534679
9781249534686
9781249534730
9781249534891
9781249534907
9781249535096
9781249535751
9781249535775
9781249535782
9781249535799
9781249535843
9781249535904
9781249535973
9781249536093
9781249536154
9781249536536
9781249536567
9781249536666
9781249536772
9781249536840
9781249536949
9781249537014
9781249537069
9781249537083
9781249537106
9781249537113
9781249537151
9781249537212
9781249537281
9781249537304
9781249537311
9781249537366
9781249537373
9781249537397
9781249537427
9781249537441
9781249537489
9781249537496
9781249537526
9781249537571
9781249537601
9781249537724
9781249537731
9781249537755
9781249537786
9781249537793
9781249537816
9781249537823
9781249537885
9781249537960
9781249537984
9781249538059
9781249538103
9781249538189
9781249538196
9781249538240
9781249538349
9781249538356
9781249538363
9781249538417
9781249538424
9781249538462
9781249538479
9781249538516
9781249538523
9781249538592
9781249538608
9781249538639
9781249538646
9781249538721
9781249538783
9781249538851
9781249538882
9781249538967
9781249538981
9781249539148
9781249539179
9781249539285
9781249539292
9781249539308
9781249539438
9781249539469
9781249539551
9781249539568
9781249539599
9781249539636
9781249539650
9781249539735
9781249539742
9781249539759
9781249539766
9781249539780
9781249539827
9781249539834
9781249539841
9781249539919
9781249539957
9781249539964
9781249539971
9781249540014
9781249540045
9781249540113
9781249540144
9781249540175
9781249540250
9781249540267
9781249540274
9781249540397
9781249540410
9781249540526
9781249540762
9781249540793
9781249540847
9781249540915
9781249540953
9781249540960
9781249540977
9781249540984
9781249541011
9781249541028
9781249541042
9781249541066
9781249541073
9781249541172
9781249541233
9781249541240
9781249541349
9781249541370
9781249541394
9781249541400
9781249541431
9781249541448
9781249541554
9781249541738
9781249541813
9781249541837
9781249541844
9781249541868
9781249541875
9781249542094
9781249542131
9781249542230
9781249542261
9781249542278
9781249542292
9781249542315
9781249542353
9781249542360
9781249542445
9781249542452
9781249542483
9781249542506
9781249542520
9781249542537
9781249542575
9781249542667
9781249542766
9781249542773
9781249542797
9781249542827
9781249542834
9781249542865
9781249542926
9781249542988
9781249543046
9781249543114
9781249543121
9781249543145
9781249543343
9781249543398
9781249543411
9781249543442
9781249543497
9781249543596
9781249543602
9781249543619
9781249543633
9781249543657
9781249543831
9781249543848
9781249543855
9781249544050
9781249544098
9781249544104
9781249544128
9781249544159
9781249544197
9781249544241
9781249544319
9781249544333
9781249544340
9781249544364
9781249544388
9781249544432
9781249544524
9781249544609
9781249544616
9781249544654
9781249544722
9781249544760
9781249544777
9781249544845
9781249544869
9781249544876
9781249544937
9781249544944
9781249544968
9781249544975
9781249545019
9781249545033
9781249545057
9781249545064
9781249545071
9781249545088
9781249545118
9781249545156
9781249545200
9781249545330
9781249545385
9781249545491
9781249545699
9781249545828
9781249545866
9781249545910
9781249546139
9781249546146
9781249546191
9781249546214
9781249546269
9781249546399
9781249546436
9781249546450
9781249546504
9781249546580
9781249546696
9781249546702
9781249546726
9781249546733
9781249546757
9781249546795
9781249546849
9781249546887
9781249546900
9781249546917
9781249547051
9781249547068
9781249547099
9781249547105
9781249547181
9781249547266
9781249547280
9781249547341
9781249547440
9781249547457
9781249547471
9781249547648
9781249547655
9781249547686
9781249547716
9781249547747
9781249547761
9781249547785
9781249547884
9781249547938
9781249548010
9781249548058
9781249548065
9781249548072
9781249548089
9781249548096
9781249548171
9781249548263
9781249548300
9781249548492
9781249548553
9781249548591
9781249548638
9781249548683
9781249548799
9781249548829
9781249548836
9781249548928
9781249548997
9781249549185
9781249549215
9781249549307
9781249549314
9781249549369
9781249549413
9781249549451
9781249549543
9781249549666
9781249549697
9781249549772
9781249549796
9781249549857
9781249549864
9781249550006
9781249550037
9781249550044
9781249550136
9781249550204
9781249550273
9781249550280
9781249550303
9781249550389
9781249550426
9781249550440
9781249550464
9781249550471
9781249550495
9781249550617
9781249550624
9781249550655
9781249550686
9781249550716
9781249550730
9781249550815
9781249550853
9781249550877
9781249550907
9781249550976
9781249551010
9781249551034
9781249551089
9781249551171
9781249551300
9781249551416
9781249551737
9781249551836
9781249551850
9781249551904
9781249552055
9781249552079
9781249552123
9781249552208
9781249552284
9781249552352
9781249552451
9781249552475
9781249552499
9781249552529
9781249552543
9781249552550
9781249552567
9781249552635
9781249552666
9781249552680
9781249554455
9781249554509
9781249554516
9781249554530
9781249554554
9781249554639
9781249554660
9781249554684
9781249554707
9781249554769
9781249554776
9781249554868
9781249554943
9781249554974
9781249555001
9781249555025
9781249555124
9781249555148
9781249555216
9781249555278
9781249555315
9781249555346
9781249555377
9781249555421
9781249555445
9781249555476
9781249555483
9781249555490
9781249555506
9781249555513
9781249555520
9781249555537
9781249555544
9781249555551
9781249555568
9781249555575
9781249555582
9781249555599
9781249555605
9781249555612
9781249555629
9781249555636
9781249555643
9781249555650
9781249555667
9781249555674
9781249555681
9781249555698
9781249555704
9781249555711
9781249555728
9781249555735
9781249555742
9781249555759
9781249555766
9781249555773
9781249555780
9781249555797
9781249555803
9781249555810
9781249555827
9781249555834
9781249555841
9781249555858
9781249555865
9781249555872
9781249555889
9781249555896
9781249555902
9781249555919
9781249555926
9781249555933
9781249555940
9781249555957
9781249555964
9781249555971
9781249555988
9781249555995
9781249556008
9781249556039
9781249556053
9781249556060
9781249556084
9781249556107
9781249556114
9781249556121
9781249556138
9781249556152
9781249556183
9781249556190
9781249556206
9781249556220
9781249556251
9781249556268
9781249556275
9781249556282
9781249556299
9781249556305
9781249556312
9781249556329
9781249556336
9781249556343
9781249556398
9781249556404
9781249556411
9781249556428
9781249556442
9781249556459
9781249556466
9781249556473
9781249556480
9781249556503
9781249556510
9781249556527
9781249556541
9781249556565
9781249556572
9781249556589
9781249556596
9781249556602
9781249556619
9781249556626
9781249556640
9781249556657
9781249556756
9781249556770
9781249556787
9781249556794
9781249556800
9781249556817
9781249556824
9781249556831
9781249556855
9781249556862
9781249556879
9781249556886
9781249556893
9781249556916
9781249556923
9781249556930
9781249556947
9781249556954
9781249556961
9781249557005
9781249557012
9781249557029
9781249557036
9781249557067
9781249557074
9781249557081
9781249557098
9781249557104
9781249557111
9781249557128
9781249557135
9781249557142
9781249557159
9781249557166
9781249557180
9781249557197
9781249557234
9781249557265
9781249557272
9781249557302
9781249557319
9781249557333
9781249557357
9781249557371
9781249557388
9781249557395
9781249557418
9781249557425
9781249557449
9781249557456
9781249557463
9781249557470
9781249557494
9781249557500
9781249557517
9781249557524
9781249557531
9781249557555
9781249557562
9781249557579
9781249557586
9781249557593
9781249557616
9781249557661
9781249557678
9781249557685
9781249557692
9781249557708
9781249557715
9781249557722
9781249557739
9781249557746
9781249557753
9781249557760
9781249557777
9781249557784
9781249557791
9781249557814
9781249557821
9781249557838
9781249557845
9781249557852
9781249557876
9781249557883
9781249557890
9781249557906
9781249557913
9781249557920
9781249557937
9781249557944
9781249557951
9781249557968
9781249557975
9781249557982
9781249557999
9781249558002
9781249558019
9781249558026
9781249558033
9781249558040
9781249558057
9781249558064
9781249558071
9781249558088
9781249558095
9781249558101
9781249558125
9781249558132
9781249558149
9781249558156
9781249558163
9781249558170
9781249558194
9781249558200
9781249558217
9781249558224
9781249558231
9781249558248
9781249558255
9781249558262
9781249558279
9781249558286
9781249558316
9781249558323
9781249558354
9781249558361
9781249558378
9781249558408
9781249558422
9781249558439
9781249558453
9781249558460
9781249558477
9781249558545
9781249558552
9781249558576
9781249558590
9781249558606
9781249558613
9781249558620
9781249558644
9781249558668
9781249558675
9781249558682
9781249558699
9781249558712
9781249558729
9781249558736
9781249558743
9781249558750
9781249558774
9781249558804
9781249558828
9781249558835
9781249558842
9781249558873
9781249558880
9781249558897
9781249558910
9781249558934
9781249558941
9781249558958
9781249558965
9781249558972
9781249558989
9781249558996
9781249559009
9781249559016
9781249559023
9781249559030
9781249559047
9781249559054
9781249559061
9781249559078
9781249559085
9781249559092
9781249559108
9781249559115
9781249559122
9781249559139
9781249559146
9781249559153
9781249559160
9781249559177
9781249559184
9781249559191
9781249559207
9781249559214
9781249559221
9781249559238
9781249559245
9781249559252
9781249559269
9781249559276
9781249559283
9781249559290
9781249559306
9781249559313
9781249559320
9781249559337
9781249559344
9781249559351
9781249559368
9781249559375
9781249559382
9781249559399
9781249559405
9781249559412
9781249559429
9781249559436
9781249559443
9781249559450
9781249559467
9781249559474
9781249559481
9781249559498
9781249559504
9781249559511
9781249559528
9781249559535
9781249559542
9781249559559
9781249559566
9781249559573
9781249559580
9781249559597
9781249559603
9781249559610
9781249559627
9781249559634
9781249559641
9781249559658
9781249559665
9781249559672
9781249559689
9781249559696
9781249559702
9781249559719
9781249559726
9781249559733
9781249559740
9781249559757
9781249559764
9781249559771
9781249559788
9781249559795
9781249559801
9781249559818
9781249559825
9781249559832
9781249559849
9781249559856
9781249559863
9781249559870
9781249559887
9781249559894
9781249559900
9781249559917
9781249559924
9781249559931
9781249559948
9781249559955
9781249559962
9781249559979
9781249559986
9781249559993
9781249560012
9781249560029
9781249560036
9781249560043
9781249560050
9781249560067
9781249560074
9781249560081
9781249560098
9781249560104
9781249560111
9781249560128
9781249560135
9781249560142
9781249560159
9781249560166
9781249560173
9781249560197
9781249560203
9781249560210
9781249560227
9781249560234
9781249560241
9781249560258
9781249560265
9781249560272
9781249560289
9781249560296
9781249560302
9781249560319
9781249560326
9781249560333
9781249560340
9781249560357
9781249560364
9781249560371
9781249560388
9781249560395
9781249560401
9781249560418
9781249560425
9781249560432
9781249560449
9781249560456
9781249560463
9781249560470
9781249560487
9781249560494
9781249560500
9781249560517
9781249560524
9781249560531
9781249560548
9781249560555
9781249560562
9781249560579
9781249560586
9781249560593
9781249560609
9781249560616
9781249560623
9781249560630
9781249560654
9781249560678
9781249560692
9781249560708
9781249560715
9781249560739
9781249560746
9781249560753
9781249560777
9781249560784
9781249560791
9781249560807
9781249560814
9781249560845
9781249560876
9781249560883
9781249560913
9781249560920
9781249560968
9781249560975
9781249560999
9781249561019
9781249561033
9781249561040
9781249561057
9781249561088
9781249561095
9781249561101
9781249561125
9781249561132
9781249561149
9781249561156
9781249561163
9781249561170
9781249561187
9781249561194
9781249561200
9781249561217
9781249561224
9781249561231
9781249561248
9781249561255
9781249561262
9781249561279
9781249561286
9781249561293
9781249561309
9781249561316
9781249561323
9781249561330
9781249561347
9781249561354
9781249561361
9781249561378
9781249561385
9781249561392
9781249561408
9781249561415
9781249561422
9781249561439
9781249561453
9781249561460
9781249561477
9781249561484
9781249561491
9781249561507
9781249561514
9781249561521
9781249561538
9781249561545
9781249561552
9781249561569
9781249561576
9781249561583
9781249561606
9781249561613
9781249561620
9781249561637
9781249561644
9781249561651
9781249561675
9781249561682
9781249561699
9781249561705
9781249561712
9781249561729
9781249561736
9781249561743
9781249561750
9781249561767
9781249561774
9781249561798
9781249561811
9781249561828
9781249561835
9781249561859
9781249561866
9781249561873
9781249561880
9781249561910
9781249561934
9781249561941
9781249561958
9781249561989
9781249561996
9781249562009
9781249562016
9781249562078
9781249562085
9781249562108
9781249562139
9781249562146
9781249562160
9781249562245
9781249562252
9781249562290
9781249562306
9781249562320
9781249562337
9781249562344
9781249562351
9781249562399
9781249562405
9781249562412
9781249562429
9781249562436
9781249562443
9781249562467
9781249562474
9781249562481
9781249562498
9781249562528
9781249562535
9781249562542
9781249562566
9781249562573
9781249562580
9781249562597
9781249562603
9781249562610
9781249562627
9781249562634
9781249562641
9781249562658
9781249562665
9781249562672
9781249562689
9781249562702
9781249562719
9781249562726
9781249562733
9781249562740
9781249562764
9781249562771
9781249562788
9781249562795
9781249562801
9781249562818
9781249562825
9781249562849
9781249562856
9781249562863
9781249562870
9781249562887
9781249562894
9781249562900
9781249562924
9781249562931
9781249562948
9781249562955
9781249562962
9781249562993
9781249563006
9781249563013
9781249563020
9781249563044
9781249563051
9781249563068
9781249563075
9781249563082
9781249563099
9781249563105
9781249563112
9781249563129
9781249563136
9781249563143
9781249563150
9781249563167
9781249563174
9781249563181
9781249563198
9781249563204
9781249563211
9781249563228
9781249563235
9781249563242
9781249563259
9781249563266
9781249563273
9781249563280
9781249563297
9781249563303
9781249563310
9781249563327
9781249563334
9781249563341
9781249563358
9781249563365
9781249563372
9781249563389
9781249563396
9781249563402
9781249563419
9781249563426
9781249563433
9781249563440
9781249563457
9781249563464
9781249563471
9781249563488
9781249563495
9781249563501
9781249563518
9781249563525
9781249563532
9781249563549
9781249563556
9781249563563
9781249563570
9781249563587
9781249563594
9781249563600
9781249563617
9781249563624
9781249563631
9781249563648
9781249563655
9781249563662
9781249563679
9781249563686
9781249563693
9781249563709
9781249563716
9781249563723
9781249563730
9781249563747
9781249563761
9781249563785
9781249563792
9781249563808
9781249563815
9781249563822
9781249563839
9781249563846
9781249563853
9781249563860
9781249563877
9781249563884
9781249563891
9781249563907
9781249563914
9781249563921
9781249563938
9781249563945
9781249563952
9781249563969
9781249563976
9781249563983
9781249563990
9781249564003
9781249564010
9781249564027
9781249564034
9781249564041
9781249564058
9781249564065
9781249564072
9781249564089
9781249564096
9781249564102
9781249564119
9781249564126
9781249564133
9781249564140
9781249564157
9781249564164
9781249564171
9781249564188
9781249564195
9781249564201
9781249564218
9781249564225
9781249564232
9781249564249
9781249564256
9781249564263
9781249564270
9781249564287
9781249564294
9781249564300
9781249564317
9781249564324
9781249564331
9781249564348
9781249564355
9781249564362
9781249564379
9781249564386
9781249564393
9781249564409
9781249564416
9781249564423
9781249564430
9781249564447
9781249564454
9781249564461
9781249564478
9781249564485
9781249564492
9781249564508
9781249564515
9781249564522
9781249564539
9781249564546
9781249564553
9781249564560
9781249564577
9781249564591
9781249564607
9781249564614
9781249564621
9781249564638
9781249564645
9781249564652
9781249564669
9781249564676
9781249564683
9781249564690
9781249564706
9781249564713
9781249564720
9781249564737
9781249564751
9781249564768
9781249564775
9781249564782
9781249564799
9781249564805
9781249564829
9781249564836
9781249564843
9781249564850
9781249564867
9781249564874
9781249564881
9781249564898
9781249564904
9781249564911
9781249564935
9781249564942
9781249564959
9781249564966
9781249564973
9781249564980
9781249564997
9781249565000
9781249565017
9781249565024
9781249565048
9781249565055
9781249565062
9781249565079
9781249565086
9781249565093
9781249565109
9781249565116
9781249565123
9781249565130
9781249565147
9781249565154
9781249565161
9781249565178
9781249565185
9781249565192
9781249565208
9781249565215
9781249565222
9781249565239
9781249565246
9781249565253
9781249565260
9781249565277
9781249565284
9781249565291
9781249565307
9781249565314
9781249565321
9781249565338
9781249565345
9781249565352
9781249565369
9781249565376
9781249565383
9781249565390
9781249565406
9781249565413
9781249565420
9781249565437
9781249565468
9781249565475
9781249565482
9781249565499
9781249565505
9781249565512
9781249565529
9781249565536
9781249565543
9781249565581
9781249565598
9781249565604
9781249565611
9781249565628
9781249565635
9781249565642
9781249565666
9781249565673
9781249565697
9781249565703
9781249565710
9781249565727
9781249565734
9781249565741
9781249565758
9781249565765
9781249565772
9781249565789
9781249565796
9781249565802
9781249565819
9781249565826
9781249565833
9781249565840
9781249565857
9781249565864
9781249565871
9781249565888
9781249565895
9781249565901
9781249565918
9781249565925
9781249565932
9781249565949
9781249565956
9781249565963
9781249565970
9781249565987
9781249565994
9781249566007
9781249566014
9781249566021
9781249566045
9781249566052
9781249566069
9781249566076
9781249566083
9781249566090
9781249566106
9781249566120
9781249566144
9781249566151
9781249566168
9781249566175
9781249566182
9781249566199
9781249566212
9781249566236
9781249566243
9781249566250
9781249566267
9781249566274
9781249566281
9781249566298
9781249566304
9781249566328
9781249566335
9781249566342
9781249566359
9781249566366
9781249566373
9781249566397
9781249566403
9781249566410
9781249566427
9781249566434
9781249566441
9781249566458
9781249566465
9781249566472
9781249566489
9781249566496
9781249566502
9781249566519
9781249566526
9781249566533
9781249566540
9781249566557
9781249566564
9781249566571
9781249566588
9781249566595
9781249566601
9781249566618
9781249566625
9781249566632
9781249566649
9781249566656
9781249566663
9781249566670
9781249566687
9781249566694
9781249566700
9781249566717
9781249566724
9781249566731
9781249566748
9781249566755
9781249566762
9781249566779
9781249566786
9781249566793
9781249566809
9781249566816
9781249566830
9781249566847
9781249566854
9781249566878
9781249566885
9781249566915
9781249566922
9781249566939
9781249566946
9781249566953
9781249566960
9781249566977
9781249566991
9781249567011
9781249567028
9781249567035
9781249567042
9781249567059
9781249567066
9781249567073
9781249567080
9781249567097
9781249567103
9781249567110
9781249567127
9781249567134
9781249567141
9781249567158
9781249567165
9781249567172
9781249567189
9781249567196
9781249567202
9781249567219
9781249567226
9781249567233
9781249567240
9781249567257
9781249567264
9781249567271
9781249567288
9781249567295
9781249567301
9781249567318
9781249567325
9781249567332
9781249567349
9781249567356
9781249567363
9781249567370
9781249567387
9781249567394
9781249567400
9781249567417
9781249567424
9781249567431
9781249567448
9781249567455
9781249567462
9781249567479
9781249567486
9781249567493
9781249567509
9781249567516
9781249567523
9781249567530
9781249567547
9781249567554
9781249567561
9781249567578
9781249567585
9781249567592
9781249567608
9781249567615
9781249567622
9781249567639
9781249567646
9781249567653
9781249567660
9781249567677
9781249567684
9781249567691
9781249567707
9781249567714
9781249567721
9781249567738
9781249567745
9781249567752
9781249567769
9781249567776
9781249567783
9781249567790
9781249567806
9781249567813
9781249567820
9781249567837
9781249567844
9781249567851
9781249567868
9781249567875
9781249567882
9781249567899
9781249567905
9781249567912
9781249567929
9781249567936
9781249567943
9781249567950
9781249567967
9781249567974
9781249567981
9781249567998
9781249568001
9781249568018
9781249568025
9781249568032
9781249568049
9781249568056
9781249568063
9781249568070
9781249568087
9781249568094
9781249568100
9781249568117
9781249568124
9781249568131
9781249568148
9781249568155
9781249568162
9781249568179
9781249568186
9781249568193
9781249568209
9781249568216
9781249568223
9781249568230
9781249568247
9781249568254
9781249568261
9781249568278
9781249568285
9781249568292
9781249568308
9781249568315
9781249568322
9781249568339
9781249568346
9781249568353
9781249568360
9781249568377
9781249568384
9781249568391
9781249568407
9781249568414
9781249568421
9781249568438
9781249568445
9781249568452
9781249568469
9781249568476
9781249568483
9781249568490
9781249568506
9781249568513
9781249568520
9781249568537
9781249568544
9781249568551
9781249568568
9781249568575
9781249568582
9781249568599
9781249568605
9781249568612
9781249568629
9781249568636
9781249568643
9781249568650
9781249568667
9781249568674
9781249568681
9781249568698
9781249568704
9781249568711
9781249568728
9781249568735
9781249568742
9781249568759
9781249568766
9781249568773
9781249568780
9781249568797
9781249568803
9781249568810
9781249568827
9781249568834
9781249568841
9781249568858
9781249568865
9781249568872
9781249568889
9781249568896
9781249568902
9781249568919
9781249568940
9781249568957
9781249568964
9781249568971
9781249568988
9781249569008
9781249569015
9781249569039
9781249569046
9781249569053
9781249569060
9781249569077
9781249569084
9781249569091
9781249569107
9781249569121
9781249569145
9781249569152
9781249569169
9781249569206
9781249569213
9781249569220
9781249569237
9781249569244
9781249569251
9781249569268
9781249569275
9781249569282
9781249569299
9781249569305
9781249569312
9781249569329
9781249569336
9781249569343
9781249569350
9781249569367
9781249569374
9781249569381
9781249569398
9781249569404
9781249569435
9781249569442
9781249569459
9781249569466
9781249569480
9781249569503
9781249569534
9781249569541
9781249569558
9781249569572
9781249569589
9781249569596
9781249569619
9781249569626
9781249569633
9781249569688
9781249569701
9781249569855
9781249569886
9781249569909
9781249569916
9781249569923
9781249569930
9781249569947
9781249569954
9781249569961
9781249569978
9781249569985
9781249569992
9781249570011
9781249570028
9781249570059
9781249570097
9781249570110
9781249570127
9781249570134
9781249570141
9781249570158
9781249570172
9781249570189
9781249570196
9781249570202
9781249570219
9781249570226
9781249570233
9781249570240
9781249570257
9781249570264
9781249570271
9781249570288
9781249570295
9781249570301
9781249570318
9781249570325
9781249570332
9781249570349
9781249570356
9781249570370
9781249570394
9781249570400
9781249570424
9781249570431
9781249570448
9781249570455
9781249570486
9781249570493
9781249570509
9781249570516
9781249570523
9781249570530
9781249570547
9781249570561
9781249570578
9781249570585
9781249570592
9781249570608
9781249570615
9781249570622
9781249570639
9781249570646
9781249570660
9781249570677
9781249570684
9781249570707
9781249570738
9781249570745
9781249570752
9781249570769
9781249570776
9781249570790
9781249570806
9781249570820
9781249570837
9781249570844
9781249571100
9781249571186
9781249571193
9781249571209
9781249571216
9781249571223
9781249571230
9781249571247
9781249571254
9781249571261
9781249571278
9781249571285
9781249571292
9781249571315
9781249571322
9781249571339
9781249571346
9781249571353
9781249571360
9781249571377
9781249571384
9781249571391
9781249571407
9781249571414
9781249571421
9781249571438
9781249571445
9781249571469
9781249571476
9781249571490
9781249571520
9781249571537
9781249571544
9781249571551
9781249571568
9781249571575
9781249571582
9781249571599
9781249571605
9781249571612
9781249571629
9781249571636
9781249571643
9781249571650
9781249571667
9781249571674
9781249571681
9781249571698
9781249571704
9781249571711
9781249571728
9781249571735
9781249571766
9781249571773
9781249571780
9781249571797
9781249571810
9781249571841
9781249571858
9781249571889
9781249571919
9781249571926
9781249571940
9781249571957
9781249571964
9781249571988
9781249572015
9781249572022
9781249572077
9781249572084
9781249572091
9781249572114
9781249572138
9781249572152
9781249572169
9781249572176
9781249572183
9781249572190
9781249572206
9781249572213
9781249572220
9781249572237
9781249572244
9781249572336
9781249572343
9781249572350
9781249572381
9781249572404
9781249572411
9781249572428
9781249572435
9781249572442
9781249572459
9781249572466
9781249572473
9781249572480
9781249572510
9781249572527
9781249572534
9781249572541
9781249572558
9781249572565
9781249572589
9781249572596
9781249572602
9781249572619
9781249572626
9781249572633
9781249572657
9781249572671
9781249572695
9781249572725
9781249572732
9781249572749
9781249572756
9781249573241
9781249573456
9781249573470
9781249573616
9781249574507
9781249574538
9781249574651
9781249574675
9781249574729
9781249574750
9781249574781
9781249574804
9781249574811
9781249574828
9781249574880
9781249574897
9781249574972
9781249575054
9781249575061
9781249575078
9781249575085
9781249575092
9781249575108
9781249575115
9781249575122
9781249575146
9781249575160
9781249575184
9781249575191
9781249575207
9781249575214
9781249575221
9781249575238
9781249575252
9781249575269
9781249575276
9781249575283
9781249575306
9781249575313
9781249575320
9781249575337
9781249575344
9781249575368
9781249575375
9781249575412
9781249575429
9781249575436
9781249575528
9781249575535
9781249575559
9781249575566
9781249575573
9781249575580
9781249575702
9781249575719
9781249575726
9781249575733
9781249575740
9781249575757
9781249575764
9781249575795
9781249575801
9781249575825
9781249575856
9781249575863
9781249575870
9781249575887
9781249575894
9781249575900
9781249575917
9781249575924
9781249575931
9781249575948
9781249575955
9781249575962
9781249575979
9781249575986
9781249575993
9781249576006
9781249576013
9781249576020
9781249576037
9781249576044
9781249576051
9781249576068
9781249576075
9781249576082
9781249576099
9781249576105
9781249576112
9781249576129
9781249576136
9781249576143
9781249576150
9781249576167
9781249576181
9781249576198
9781249576204
9781249576211
9781249576228
9781249576235
9781249576242
9781249576259
9781249576273
9781249576280
9781249576297
9781249576303
9781249576310
9781249576327
9781249576334
9781249576341
9781249576358
9781249576365
9781249576372
9781249576396
9781249576402
9781249576419
9781249576426
9781249576433
9781249576440
9781249576457
9781249576464
9781249576471
9781249576488
9781249576495
9781249576501
9781249576518
9781249576525
9781249576532
9781249576556
9781249576570
9781249576587
9781249576594
9781249576600
9781249576617
9781249576624
9781249576648
9781249576655
9781249576679
9781249576686
9781249576709
9781249576716
9781249576730
9781249576754
9781249576778
9781249576792
9781249576822
9781249576846
9781249576853
9781249576860
9781249576877
9781249576884
9781249576891
9781249576907
9781249576914
9781249576921
9781249576945
9781249576952
9781249576976
9781249576983
9781249576990
9781249577010
9781249577027
9781249577034
9781249577041
9781249577058
9781249577065
9781249577072
9781249577102
9781249577119
9781249577133
9781249577140
9781249577157
9781249577164
9781249577171
9781249577188
9781249577195
9781249577201
9781249577218
9781249577225
9781249577232
9781249577256
9781249577270
9781249577287
9781249577294
9781249577300
9781249577324
9781249577331
9781249577348
9781249577355
9781249577362
9781249577379
9781249577386
9781249577393
9781249577416
9781249577423
9781249577430
9781249577454
9781249577461
9781249577508
9781249577515
9781249577591
9781249578109
9781249578147
9781249578161
9781249578208
9781249578215
9781249578239
9781249578253
9781249578307
9781249578314
9781249578321
9781249578338
9781249578345
9781249578352
9781249578376
9781249578390
9781249578413
9781249578420
9781249578437
9781249578451
9781249578468
9781249578475
9781249578499
9781249578505
9781249578512
9781249578536
9781249578543
9781249578550
9781249578567
9781249578574
9781249578581
9781249578604
9781249578611
9781249578628
9781249578642
9781249578659
9781249578666
9781249578703
9781249578727
9781249578734
9781249578741
9781249578765
9781249578772
9781249578789
9781249578802
9781249578819
9781249578826
9781249578833
9781249578840
9781249578864
9781249578871
9781249578888
9781249578895
9781249578918
9781249578925
9781249578932
9781249578949
9781249578956
9781249578970
9781249578994
9781249579007
9781249579014
9781249579021
9781249579038
9781249579045
9781249579076
9781249579083
9781249579106
9781249579113
9781249579120
9781249579151
9781249579168
9781249579175
9781249579182
9781249579205
9781249579229
9781249579236
9781249579243
9781249579250
9781249579267
9781249579281
9781249579304
9781249579311
9781249579328
9781249579342
9781249579366
9781249579380
9781249579397
9781249579403
9781249579410
9781249579427
9781249579441
9781249579465
9781249579489
9781249579502
9781249579526
9781249579533
9781249579540
9781249579557
9781249579755
9781249579762
9781249579830
9781249579847
9781249579854
9781249579861
9781249579878
9781249579885
9781249579892
9781249579908
9781249579915
9781249579922
9781249579939
9781249579946
9781249579953
9781249579960
9781249579977
9781249579984
9781249579991
9781249580003
9781249580010
9781249580027
9781249580041
9781249580058
9781249580065
9781249580072
9781249580089
9781249580096
9781249580102
9781249580119
9781249580126
9781249580133
9781249580157
9781249580164
9781249580171
9781249580195
9781249580218
9781249580225
9781249580232
9781249580249
9781249580256
9781249580270
9781249580287
9781249580294
9781249580300
9781249580317
9781249580324
9781249580331
9781249580348
9781249580355
9781249580362
9781249580379
9781249580386
9781249580393
9781249580409
9781249580416
9781249580423
9781249580430
9781249580447
9781249580454
9781249580461
9781249580478
9781249580485
9781249580492
9781249580508
9781249580515
9781249580522
9781249580539
9781249580546
9781249580553
9781249580560
9781249580577
9781249580584
9781249580591
9781249580607
9781249580614
9781249580621
9781249580638
9781249580645
9781249580652
9781249580669
9781249580683
9781249580690
9781249580713
9781249580720
9781249580737
9781249580744
9781249580751
9781249580768
9781249580775
9781249580782
9781249580799
9781249580805
9781249580812
9781249580829
9781249580836
9781249580843
9781249580850
9781249580904
9781249580935
9781249580966
9781249580973
9781249580980
9781249580997
9781249581000
9781249581017
9781249581024
9781249581031
9781249581048
9781249581062
9781249581109
9781249581130
9781249581161
9781249581178
9781249581192
9781249581208
9781249581215
9781249581239
9781249581246
9781249581253
9781249581260
9781249581277
9781249581284
9781249581291
9781249581314
9781249581321
9781249581338
9781249581345
9781249581352
9781249581406
9781249581413
9781249581420
9781249581444
9781249581475
9781249581482
9781249581499
9781249581550
9781249581598
9781249581611
9781249581642
9781249581659
9781249581673
9781249581680
9781249581703
9781249581710
9781249581727
9781249581734
9781249581741
9781249581758
9781249581765
9781249581772
9781249581796
9781249581833
9781249581864
9781249581871
9781249581888
9781249581895
9781249581901
9781249581918
9781249581932
9781249581949
9781249581956
9781249581963
9781249581987
9781249581994
9781249582007
9781249582021
9781249582038
9781249582045
9781249582052
9781249582069
9781249582076
9781249582083
9781249582090
9781249582106
9781249582113
9781249582120
9781249582137
9781249582144
9781249582151
9781249582175
9781249582182
9781249582229
9781249582250
9781249582267
9781249582274
9781249582281
9781249582298
9781249582304
9781249582311
9781249582328
9781249582335
9781249582342
9781249582359
9781249582366
9781249582397
9781249582410
9781249582427
9781249582434
9781249582441
9781249582465
9781249582472
9781249582489
9781249582496
9781249582502
9781249582519
9781249582526
9781249582533
9781249582564
9781249582571
9781249582588
9781249582595
9781249582601
9781249582625
9781249582632
9781249582649
9781249582656
9781249582687
9781249582694
9781249582700
9781249582717
9781249582724
9781249582731
9781249582748
9781249582755
9781249582762
9781249582779
9781249582847
9781249582861
9781249582892
9781249582922
9781249583219
9781249583226
9781249583240
9781249583257
9781249583455
9781249583462
9781249583479
9781249583486
9781249583493
9781249583509
9781249583516
9781249583523
9781249583530
9781249583547
9781249583554
9781249583561
9781249583578
9781249583585
9781249583592
9781249583608
9781249583615
9781249583622
9781249583639
9781249583646
9781249583653
9781249583660
9781249583677
9781249583684
9781249583691
9781249583714
9781249583721
9781249583738
9781249583745
9781249583769
9781249583776
9781249583783
9781249583790
9781249583806
9781249583813
9781249583820
9781249583837
9781249583844
9781249583899
9781249583943
9781249584018
9781249584025
9781249584032
9781249584049
9781249584056
9781249584063
9781249584087
9781249584094
9781249584100
9781249584117
9781249584124
9781249584131
9781249584148
9781249584155
9781249584162
9781249584179
9781249584186
9781249584193
9781249584216
9781249584223
9781249584230
9781249584247
9781249584254
9781249584261
9781249584278
9781249584285
9781249584292
9781249584308
9781249584322
9781249584346
9781249584353
9781249584360
9781249584384
9781249584391
9781249584407
9781249584414
9781249584421
9781249584438
9781249584445
9781249584452
9781249584469
9781249584476
9781249584483
9781249584490
9781249584506
9781249584513
9781249584520
9781249584537
9781249584544
9781249584551
9781249584568
9781249584575
9781249584582
9781249584599
9781249584605
9781249584612
9781249584629
9781249584636
9781249584643
9781249584650
9781249584667
9781249584674
9781249584681
9781249584698
9781249584704
9781249584711
9781249584728
9781249584735
9781249584742
9781249584759
9781249584766
9781249584773
9781249584780
9781249584797
9781249584810
9781249584827
9781249584834
9781249584858
9781249584865
9781249584872
9781249584889
9781249584896
9781249584902
9781249584919
9781249584926
9781249584933
9781249584940
9781249584957
9781249584964
9781249584971
9781249584988
9781249584995
9781249585008
9781249585015
9781249585022
9781249585039
9781249585046
9781249585053
9781249585060
9781249585077
9781249585084
9781249585091
9781249585107
9781249585114
9781249585121
9781249585138
9781249585145
9781249585152
9781249585169
9781249585176
9781249585183
9781249585190
9781249585206
9781249585213
9781249585220
9781249585237
9781249585244
9781249585251
9781249585268
9781249585275
9781249585282
9781249585299
9781249585305
9781249585312
9781249585329
9781249585336
9781249585343
9781249585350
9781249585374
9781249585381
9781249585398
9781249585404
9781249585411
9781249585428
9781249585435
9781249585442
9781249585459
9781249585466
9781249585473
9781249585480
9781249585497
9781249585503
9781249585527
9781249585534
9781249585541
9781249585558
9781249585565
9781249585572
9781249585589
9781249585596
9781249585602
9781249585619
9781249585626
9781249585633
9781249585640
9781249585657
9781249585664
9781249585671
9781249585688
9781249585695
9781249585701
9781249585718
9781249585725
9781249585732
9781249585749
9781249585756
9781249585763
9781249585770
9781249585787
9781249585794
9781249585800
9781249585817
9781249585824
9781249585831
9781249585855
9781249585862
9781249585879
9781249585886
9781249585893
9781249585909
9781249585916
9781249585923
9781249585930
9781249585947
9781249585954
9781249585961
9781249585978
9781249585985
9781249585992
9781249586005
9781249586012
9781249586029
9781249586036
9781249586043
9781249586050
9781249586067
9781249586074
9781249586081
9781249586098
9781249586104
9781249586111
9781249586128
9781249586135
9781249586142
9781249586159
9781249586166
9781249586173
9781249586180
9781249586197
9781249586203
9781249586210
9781249586227
9781249586234
9781249586241
9781249586258
9781249586265
9781249586272
9781249586289
9781249586296
9781249586302
9781249586319
9781249586326
9781249586333
9781249586340
9781249586357
9781249586364
9781249586371
9781249586388
9781249586395
9781249586401
9781249586418
9781249586425
9781249586432
9781249586449
9781249586456
9781249586463
9781249586470
9781249586494
9781249586500
9781249586517
9781249586524
9781249586548
9781249586555
9781249586562
9781249586579
9781249586586
9781249586593
9781249586609
9781249586616
9781249586623
9781249586630
9781249586647
9781249586654
9781249586661
9781249586678
9781249586685
9781249586692
9781249586708
9781249586722
9781249586739
9781249586746
9781249586753
9781249586760
9781249586784
9781249586791
9781249586807
9781249586814
9781249586821
9781249586838
9781249586845
9781249586852
9781249586869
9781249586876
9781249586890
9781249586906
9781249586913
9781249586937
9781249586944
9781249586951
9781249586968
9781249586975
9781249586982
9781249586999
9781249587002
9781249587033
9781249587040
9781249587057
9781249587071
9781249587088
9781249587095
9781249587101
9781249587118
9781249587125
9781249587132
9781249587149
9781249587170
9781249587187
9781249587194
9781249587200
9781249587217
9781249587224
9781249587255
9781249587279
9781249587286
9781249587293
9781249587309
9781249587316
9781249587323
9781249587330
9781249587347
9781249587354
9781249587361
9781249587378
9781249587385
9781249587392
9781249587408
9781249587415
9781249587422
9781249587439
9781249587446
9781249587460
9781249587477
9781249587484
9781249587507
9781249587514
9781249587545
9781249587552
9781249587569
9781249587576
9781249587583
9781249587590
9781249587606
9781249587613
9781249587620
9781249587637
9781249587644
9781249587651
9781249587668
9781249587675
9781249587682
9781249587699
9781249587705
9781249587712
9781249587729
9781249587736
9781249587743
9781249587750
9781249587767
9781249587774
9781249587781
9781249587798
9781249587811
9781249587828
9781249587835
9781249587842
9781249587859
9781249587866
9781249587873
9781249587880
9781249587903
9781249587910
9781249587927
9781249587934
9781249587941
9781249587958
9781249587965
9781249587972
9781249587989
9781249587996
9781249588009
9781249588016
9781249588023
9781249588030
9781249588047
9781249588054
9781249588061
9781249588078
9781249588085
9781249588092
9781249588108
9781249588115
9781249588122
9781249588139
9781249588146
9781249588153
9781249588160
9781249588177
9781249588184
9781249588191
9781249588207
9781249588214
9781249588221
9781249588245
9781249588269
9781249588276
9781249588290
9781249588306
9781249588313
9781249588320
9781249588337
9781249588344
9781249588351
9781249588450
9781249588474
9781249588481
9781249588535
9781249588542
9781249588566
9781249588580
9781249588597
9781249588603
9781249588610
9781249588863
9781249589020
9781249589204
9781249589211
9781249589235
9781249589242
9781249589259
9781249589297
9781249589303
9781249589334
9781249589495
9781249589518
9781249589556
9781249589594
9781249589631
9781249589655
9781249589686
9781249589693
9781249589709
9781249589747
9781249589983
9781249590088
9781249590118
9781249590125
9781249590132
9781249590149
9781249590156
9781249590163
9781249590170
9781249590187
9781249590194
9781249590224
9781249590439
9781249590446
9781249590453
9781249590675
9781249590682
9781249590699
9781249590705
9781249590712
9781249590729
9781249590736
9781249590750
9781249590767
9781249590774
9781249590781
9781249590798
9781249590804
9781249590811
9781249590866
9781249590873
9781249590880
9781249590903
9781249590910
9781249590927
9781249590934
9781249590941
9781249590958
9781249590965
9781249590972
9781249590989
9781249591009
9781249591016
9781249591023
9781249591030
9781249591047
9781249591054
9781249591061
9781249591078
9781249591085
9781249591092
9781249591108
9781249591115
9781249591139
9781249591146
9781249591153
9781249591191
9781249591207
9781249591214
9781249591221
9781249591252
9781249591313
9781249591320
9781249591368
9781249591382
9781249591399
9781249591412
9781249591443
9781249591474
9781249591481
9781249591498
9781249591504
9781249591511
9781249591528
9781249591535
9781249591573
9781249591641
9781249591658
9781249591665
9781249591672
9781249591689
9781249591696
9781249591719
9781249591733
9781249591740
9781249591771
9781249591788
9781249591795
9781249591801
9781249591818
9781249591832
9781249591894
9781249591917
9781249591948
9781249591955
9781249591962
9781249591979
9781249591986
9781249591993
9781249592006
9781249592013
9781249592020
9781249592037
9781249592044
9781249592051
9781249592068
9781249592075
9781249592082
9781249592099
9781249592105
9781249592112
9781249592129
9781249592136
9781249592143
9781249592150
9781249592167
9781249592174
9781249592181
9781249592198
9781249592204
9781249592211
9781249592228
9781249592235
9781249592242
9781249592259
9781249592266
9781249592273
9781249592280
9781249592297
9781249592303
9781249592310
9781249592327
9781249592334
9781249592341
9781249592358
9781249592365
9781249592372
9781249592389
9781249592396
9781249592402
9781249592419
9781249592426
9781249592433
9781249592440
9781249592457
9781249592464
9781249592471
9781249592488
9781249592495
9781249592501
9781249592518
9781249592525
9781249592532
9781249592549
9781249592556
9781249592563
9781249592570
9781249592594
9781249592600
9781249592617
9781249592624
9781249592631
9781249592648
9781249592655
9781249592662
9781249592679
9781249592686
9781249592693
9781249592709
9781249592716
9781249592723
9781249592730
9781249592747
9781249592754
9781249592761
9781249592778
9781249592785
9781249592792
9781249592808
9781249592815
9781249592822
9781249592839
9781249592846
9781249592853
9781249592860
9781249592877
9781249592884
9781249592891
9781249592907
9781249592914
9781249592921
9781249592938
9781249592945
9781249592952
9781249592969
9781249592976
9781249592983
9781249592990
9781249593003
9781249593010
9781249593027
9781249593034
9781249593041
9781249593065
9781249593072
9781249593089
9781249593096
9781249593102
9781249593119
9781249593126
9781249593133
9781249593140
9781249593157
9781249593171
9781249593188
9781249593195
9781249593201
9781249593218
9781249593225
9781249593232
9781249593249
9781249593263
9781249593270
9781249593287
9781249593294
9781249593300
9781249593317
9781249593324
9781249593331
9781249593348
9781249593355
9781249593362
9781249593379
9781249593386
9781249593393
9781249593416
9781249593423
9781249593430
9781249593447
9781249593454
9781249593461
9781249593478
9781249593485
9781249593492
9781249593508
9781249593515
9781249593522
9781249593539
9781249593546
9781249593553
9781249593560
9781249593584
9781249593607
9781249593614
9781249593621
9781249593638
9781249593645
9781249593652
9781249593669
9781249593676
9781249593683
9781249593690
9781249593706
9781249593713
9781249593720
9781249593737
9781249593744
9781249593751
9781249593775
9781249593782
9781249593799
9781249593805
9781249593812
9781249593829
9781249593836
9781249593843
9781249593850
9781249593867
9781249593874
9781249593881
9781249593898
9781249593904
9781249593928
9781249593935
9781249593942
9781249593959
9781249593966
9781249593973
9781249593980
9781249593997
9781249594000
9781249594017
9781249594024
9781249594031
9781249594048
9781249594055
9781249594062
9781249594079
9781249594086
9781249594109
9781249594116
9781249594123
9781249594130
9781249594147
9781249594154
9781249594161
9781249594178
9781249594185
9781249594192
9781249594208
9781249594215
9781249594222
9781249594239
9781249594246
9781249594253
9781249594260
9781249594277
9781249594284
9781249594291
9781249594307
9781249594314
9781249594321
9781249594338
9781249594345
9781249594369
9781249594383
9781249594390
9781249594406
9781249594413
9781249594420
9781249594437
9781249594444
9781249594451
9781249594468
9781249594482
9781249594505
9781249594512
9781249594529
9781249594536
9781249594543
9781249594550
9781249594567
9781249594574
9781249594581
9781249594598
9781249594604
9781249594628
9781249594635
9781249594642
9781249594659
9781249594666
9781249594673
9781249594680
9781249594697
9781249594703
9781249594710
9781249594727
9781249594734
9781249594758
9781249594765
9781249594772
9781249594789
9781249594796
9781249594802
9781249594826
9781249594840
9781249594864
9781249594888
9781249594901
9781249594918
9781249594925
9781249594932
9781249594949
9781249594956
9781249594963
9781249594970
9781249594987
9781249594994
9781249595007
9781249595014
9781249595021
9781249595038
9781249595045
9781249595052
9781249595069
9781249595076
9781249595083
9781249595090
9781249595106
9781249595113
9781249595137
9781249595144
9781249595151
9781249595168
9781249595175
9781249595182
9781249595199
9781249595205
9781249595212
9781249595229
9781249595236
9781249595243
9781249595250
9781249595267
9781249595274
9781249595281
9781249595298
9781249595304
9781249595311
9781249595342
9781249595359
9781249595366
9781249595373
9781249595380
9781249595397
9781249595403
9781249595410
9781249595427
9781249595434
9781249595441
9781249595458
9781249595465
9781249595472
9781249595489
9781249595496
9781249595502
9781249595519
9781249595526
9781249595533
9781249595540
9781249595557
9781249595564
9781249595571
9781249595588
9781249595595
9781249595601
9781249595618
9781249595625
9781249595632
9781249595649
9781249595656
9781249595663
9781249595670
9781249595687
9781249595694
9781249595717
9781249595724
9781249595731
9781249595748
9781249595755
9781249595762
9781249595779
9781249595786
9781249595793
9781249595809
9781249595816
9781249595823
9781249595830
9781249595847
9781249595854
9781249595861
9781249595878
9781249595885
9781249595892
9781249595908
9781249595915
9781249595922
9781249595939
9781249595946
9781249595953
9781249595960
9781249595977
9781249595984
9781249595991
9781249596004
9781249596011
9781249596028
9781249596035
9781249596042
9781249596059
9781249596066
9781249596073
9781249596080
9781249596103
9781249596110
9781249596127
9781249596134
9781249596141
9781249596158
9781249596165
9781249596172
9781249596189
9781249596202
9781249596226
9781249596240
9781249596257
9781249596264
9781249596271
9781249596288
9781249596295
9781249596301
9781249596325
9781249596332
9781249596349
9781249596356
9781249596363
9781249596370
9781249596394
9781249596417
9781249596431
9781249596462
9781249596479
9781249596486
9781249596493
9781249596509
9781249596516
9781249596530
9781249596547
9781249596561
9781249596578
9781249596608
9781249596615
9781249596622
9781249596639
9781249596677
9781249596769
9781249596790
9781249596868
9781249596936
9781249596974
9781249597032
9781249597049
9781249597056
9781249597087
9781249597162
9781249597193
9781249597292
9781249597308
9781249597346
9781249597353
9781249597377
9781249597391
9781249597445
9781249597452
9781249597469
9781249597582
9781249597629
9781249597681
9781249597704
9781249597711
9781249597766
9781249597780
9781249597797
9781249597803
9781249597810
9781249597827
9781249597834
9781249597841
9781249597858
9781249597865
9781249597889
9781249597896
9781249597902
9781249597919
9781249597926
9781249597933
9781249597957
9781249597964
9781249597971
9781249597988
9781249598008
9781249598015
9781249598022
9781249598039
9781249598046
9781249598060
9781249598077
9781249598091
9781249598107
9781249598114
9781249598121
9781249598138
9781249598145
9781249598190
9781249598206
9781249598213
9781249598220
9781249598251
9781249598268
9781249598275
9781249598282
9781249598299
9781249598305
9781249598312
9781249598336
9781249598343
9781249598367
9781249598374
9781249598381
9781249598411
9781249598428
9781249598435
9781249598442
9781249598459
9781249598473
9781249598503
9781249598510
9781249598534
9781249598541
9781249598558
9781249598572
9781249598589
9781249598602
9781249598626
9781249598633
9781249598640
9781249598657
9781249598664
9781249598671
9781249598688
9781249598695
9781249598701
9781249598725
9781249598732
9781249598749
9781249598756
9781249598763
9781249598770
9781249598787
9781249598794
9781249598800
9781249598831
9781249598961
9781249598978
9781249598985
9781249598992
9781249599005
9781249599012
9781249599029
9781249599036
9781249599043
9781249599074
9781249599180
9781249599234
9781249599258
9781249599272
9781249599289
9781249599296
9781249599333
9781249599531
9781249599555
9781249599678
9781249599692
9781249599708
9781249599715
9781249599722
9781249599739
9781249599746
9781249599753
9781249599777
9781249599784
9781249599791
9781249599807
9781249599814
9781249599838
9781249599845
9781249599852
9781249599869
9781249599876
9781249600008
9781249600039
9781249600046
9781249600053
9781249600060
9781249600077
9781249600084
9781249600091
9781249600114
9781249600121
9781249600138
9781249600145
9781249600169
9781249600183
9781249600190
9781249600206
9781249600213
9781249600220
9781249600237
9781249600244
9781249600251
9781249600268
9781249600275
9781249600282
9781249600299
9781249600305
9781249600312
9781249600329
9781249600343
9781249600350
9781249600367
9781249600374
9781249600381
9781249600398
9781249600404
9781249600411
9781249600428
9781249600435
9781249600442
9781249600459
9781249600466
9781249600473
9781249600480
9781249600497
9781249600503
9781249600510
9781249600527
9781249600534
9781249600541
9781249600565
9781249600572
9781249600589
9781249600596
9781249600602
9781249600619
9781249600626
9781249600633
9781249600640
9781249600657
9781249600664
9781249600671
9781249600688
9781249600718
9781249600725
9781249600732
9781249600749
9781249600756
9781249600770
9781249600787
9781249600794
9781249600800
9781249600817
9781249600824
9781249600893
9781249600909
9781249600916
9781249600923
9781249600930
9781249601111
9781249601135
9781249601173
9781249601180
9781249601197
9781249601203
9781249601234
9781249601258
9781249601289
9781249601296
9781249601302
9781249601319
9781249601326
9781249601333
9781249601357
9781249601364
9781249601371
9781249601388
9781249601449
9781249601456
9781249601487
9781249601494
9781249601517
9781249601593
9781249601609
9781249601616
9781249601623
9781249601630
9781249601647
9781249601746
9781249601777
9781249601838
9781249601869
9781249601883
9781249601890
9781249601920
9781249602002
9781249602033
9781249602057
9781249602163
9781249602170
9781249602194
9781249602217
9781249602255
9781249602262
9781249602279
9781249602293
9781249602309
9781249602323
9781249602347
9781249602361
9781249602378
9781249602385
9781249602408
9781249602439
9781249602446
9781249602460
9781249602477
9781249602620
9781249602637
9781249602668
9781249602699
9781249602729
9781249602743
9781249602767
9781249602781
9781249602798
9781249602804
9781249602828
9781249602835
9781249602842
9781249602866
9781249602880
9781249602897
9781249602903
9781249602927
9781249602965
9781249602972
9781249602989
9781249603023
9781249603085
9781249603122
9781249603153
9781249603207
9781249603238
9781249603269
9781249603283
9781249603399
9781249603405
9781249603412
9781249603436
9781249603498
9781249603535
9781249603573
9781249603603
9781249603610
9781249603658
9781249603719
9781249603771
9781249603801
9781249603832
9781249603856
9781249603887
9781249603917
9781249604006
9781249604051
9781249604068
9781249604082
9781249604099
9781249604105
9781249604167
9781249604259
9781249604341
9781249604372
9781249604402
9781249604433
9781249604464
9781249604471
9781249604488
9781249604495
9781249604518
9781249604563
9781249604648
9781249604655
9781249604709
9781249604723
9781249604808
9781249604822
9781249604884
9781249604938
9781249604945
9781249604983
9781249605041
9781249605126
9781249605140
9781249605157
9781249605164
9781249605188
9781249605249
9781249605263
9781249605270
9781249605355
9781249605362
9781249605379
9781249605386
9781249605393
9781249605416
9781249605584
9781249605645
9781249605676
9781249605720
9781249605751
9781249605775
9781249605799
9781249605874
9781249605904
9781249606017
9781249606024
9781249606055
9781249606093
9781249606109
9781249606116
9781249606130
9781249606185
9781249606192
9781249606239
9781249606253
9781249606345
9781249606376
9781249606390
9781249606420
9781249606444
9781249606468
9781249606475
9781249606512
9781249606543
9781249606567
9781249606611
9781249606635
9781249606666
9781249606727
9781249606765
9781249606796
9781249606857
9781249606871
9781249606987
9781249606994
9781249607014
9781249607038
9781249607083
9781249607113
9781249607151
9781249607175
9781249607182
9781249607212
9781249607229
9781249607236
9781249607250
9781249607267
9781249607281
9781249607335
9781249607342
9781249607373
9781249607403
9781249607502
9781249607526
9781249607564
9781249607618
9781249607663
9781249607748
9781249607779
9781249607830
9781249607892
9781249607946
9781249607984
9781249608035
9781249608066
9781249608127
9781249608172
9781249608189
9781249608202
9781249608226
9781249608233
9781249608257
9781249608264
9781249608288
9781249608325
9781249608332
9781249608349
9781249608356
9781249608363
9781249608387
9781249608417
9781249608448
9781249608479
9781249608486
9781249608509
9781249608516
9781249608530
9781249608622
9781249608639
9781249608646
9781249608769
9781249608806
9781249608813
9781249608837
9781249608844
9781249608899
9781249608912
9781249608950
9781249608967
9781249608998
9781249609001
9781249609032
9781249609056
9781249609100
9781249609124
9781249609162
9781249609186
9781249609230
9781249609247
9781249609278
9781249609315
9781249609360
9781249609384
9781249609391
9781249609414
9781249609452
9781249609490
9781249609506
9781249609544
9781249609568
9781249609582
9781249609612
9781249609636
9781249609650
9781249609681
9781249609704
9781249609728
9781249609735
9781249609766
9781249609803
9781249609810
9781249609865
9781249609872
9781249609919
9781249609933
9781249609957
9781249609964
9781249610038
9781249610069
9781249610076
9781249610083
9781249610113
9781249610137
9781249610151
9781249610199
9781249610243
9781249610267
9781249610311
9781249610373
9781249610380
9781249610427
9781249610441
9781249610458
9781249610496
9781249610519
9781249610564
9781249610571
9781249610588
9781249610601
9781249610625
9781249610656
9781249610700
9781249610748
9781249610755
9781249610762
9781249610786
9781249610793
9781249610823
9781249610878
9781249610892
9781249610908
9781249610922
9781249610946
9781249610960
9781249610991
9781249611004
9781249611028
9781249611080
9781249611158
9781249611165
9781249611257
9781249611301
9781249611349
9781249611356
9781249611370
9781249611387
9781249611394
9781249611400
9781249611417
9781249611431
9781249611479
9781249611486
9781249611493
9781249611509
9781249611523
9781249611585
9781249611660
9781249611677
9781249611714
9781249611745
9781249611783
9781249611806
9781249611820
9781249611837
9781249611844
9781249611882
9781249611905
9781249611929
9781249611967
9781249611998
9781249612001
9781249612025
9781249612049
9781249612087
9781249612094
9781249612117
9781249612131
9781249612520
9781249612568
9781249612582
9781249612636
9781249612650
9781249612698
9781249612759
9781249612766
9781249612780
9781249612810
9781249612834
9781249612872
9781249612971
9781249612995
9781249613060
9781249613169
9781249613206
9781249613244
9781249613251
9781249613275
9781249613299
9781249613312
9781249613329
9781249613336
9781249613343
9781249613350
9781249613367
9781249613374
9781249613381
9781249613411
9781249613428
9781249613435
9781249613442
9781249613459
9781249613466
9781249613541
9781249613565
9781249613572
9781249613589
9781249613596
9781249613602
9781249613619
9781249613626
9781249613633
9781249613657
9781249613664
9781249613695
9781249613701
9781249613763
9781249613800
9781249613817
9781249613824
9781249613923
9781249613930
9781249613978
9781249614029
9781249614050
9781249614067
9781249614098
9781249614111
9781249614197
9781249614210
9781249614265
9781249614272
9781249614289
9781249614333
9781249614555
9781249614630
9781249614708
9781249614715
9781249614784
9781249614883
9781249614890
9781249614968
9781249614982
9781249615019
9781249615088
9781249615125
9781249615170
9781249615187
9781249615194
9781249615217
9781249615347
9781249615354
9781249615361
9781249615422
9781249615477
9781249615484
9781249615514
9781249615576
9781249615606
9781249615804
9781249615842
9781249615866
9781249615873
9781249615989
9781249615996
9781249616030
9781249616092
9781249616115
9781249616139
9781249616160
9781249616207
9781249616245
9781249616276
9781249616344
9781249616399
9781249616405
9781249616498
9781249616511
9781249616535
9781249616610
9781249616641
9781249616696
9781249616764
9781249616795
9781249616818
9781249616832
9781249616849
9781249616887
9781249616948
9781249617013
9781249617044
9781249617143
9781249617150
9781249617167
9781249617174
9781249617204
9781249617235
9781249617297
9781249617341
9781249617372
9781249617396
9781249617440
9781249617464
9781249617525
9781249617556
9781249617600
9781249617617
9781249617655
9781249617723
9781249617846
9781249617853
9781249617914
9781249617945
9781249617983
9781249617990
9781249618065
9781249618089
9781249618102
9781249618119
9781249618126
9781249618157
9781249618171
9781249618201
9781249618225
9781249618249
9781249618256
9781249618263
9781249618294
9781249618317
9781249618331
9781249618355
9781249618393
9781249618416
9781249618430
9781249618454
9781249618508
9781249618607
9781249618621
9781249618645
9781249618652
9781249618690
9781249618713
9781249618768
9781249618850
9781249618867
9781249618898
9781249618928
9781249618935
9781249618966
9781249619000
9781249619017
9781249619024
9781249619031
9781249619055
9781249619109
9781249619185
9781249619239
9781249619253
9781249619260
9781249619284
9781249619291
9781249619437
9781249619444
9781249619451
9781249619598
9781249619611
9781249619642
9781249619673
9781249619680
9781249619703
9781249619710
9781249619741
9781249619758
9781249619826
9781249619888
9781249619949
9781249619956
9781249620037
9781249620105
9781249620112
9781249620136
9781249620174
9781249620198
9781249620204
9781249620242
9781249620303
9781249620327
9781249620464
9781249620471
9781249620488
9781249620501
9781249620549
9781249620563
9781249620600
9781249620624
9781249620662
9781249620716
9781249620761
9781249620839
9781249620846
9781249620877
9781249620945
9781249621003
9781249621041
9781249621058
9781249621072
9781249621140
9781249621157
9781249621393
9781249621409
9781249621430
9781249621478
9781249621508
9781249621515
9781249621584
9781249621591
9781249621614
9781249621676
9781249621690
9781249621737
9781249621751
9781249621782
9781249621829
9781249621911
9781249621928
9781249621980
9781249621997
9781249622017
9781249622048
9781249622055
9781249622154
9781249622208
9781249622246
9781249622260
9781249622284
9781249622321
9781249622420
9781249622505
9781249622703
9781249622710
9781249622741
9781249622772
9781249622789
9781249622796
9781249622888
9781249622918
9781249622925
9781249622963
9781249623106
9781249623137
9781249623243
9781249623250
9781249623267
9781249623342
9781249623359
9781249623373
9781249623397
9781249623403
9781249623434
9781249623465
9781249623502
9781249623533
9781249623564
9781249623588
9781249623601
9781249623649
9781249623656
9781249623687
9781249623748
9781249623755
9781249623809
9781249623823
9781249623885
9781249623908
9781249623939
9781249623953
9781249623977
9781249623984
9781249624011
9781249624035
9781249624042
9781249624059
9781249624073
9781249624080
9781249624103
9781249624127
9781249624141
9781249624165
9781249624189
9781249624196
9781249624202
9781249624226
9781249624264
9781249624318
9781249624332
9781249624356
9781249624431
9781249624448
9781249624455
9781249624479
9781249624493
9781249624516
9781249624530
9781249624578
9781249624615
9781249624691
9781249624745
9781249624783
9781249624790
9781249624813
9781249624844
9781249624851
9781249624899
9781249624905
9781249624912
9781249625018
9781249625049
9781249625247
9781249625438
9781249625858
9781249625872
9781249625902
9781249626077
9781249626138
9781249626152
9781249626190
9781249626459
9781249626503
9781249626602
9781249626626
9781249626657
9781249626664
9781249626725
9781249626756
9781249626794
9781249626862
9781249626954
9781249626985
9781249627012
9781249627036
9781249627074
9781249627098
9781249627128
9781249627210
9781249627289
9781249627326
9781249627463
9781249627470
9781249627500
9781249627548
9781249627555
9781249627562
9781249627593
9781249627685
9781249627760
9781249627791
9781249627807
9781249627814
9781249627869
9781249627890
9781249627920
9781249627999
9781249628002
9781249628064
9781249628101
9781249628156
9781249628200
9781249628231
9781249628286
9781249628293
9781249628347
9781249628354
9781249628378
9781249628408
9781249628477
9781249628521
9781249628606
9781249628620
9781249628644
9781249628729
9781249628767
9781249628781
9781249628804
9781249628842
9781249628880
9781249628989
9781249629009
9781249629016
9781249629054
9781249629122
9781249629146
9781249629221
9781249629313
9781249629320
9781249629399
9781249629450
9781249629504
9781249629597
9781249630159
9781249630258
9781249630333
9781249630418
9781249630500
9781249630579
9781249630630
9781249630654
9781249630739
9781249630777
9781249631187
9781249631255
9781249631347
9781249631422
9781249631538
9781249631736
9781249631743
9781249631750
9781249631781
9781249631873
9781249632207
9781249632641
9781249632719
9781249632757
9781249632795
9781249632979
9781249633013
9781249633037
9781249633044
9781249633235
9781249633259
9781249633334
9781249633389
9781249633419
9781249633471
9781249633501
9781249633525
9781249633556
9781249633587
9781249633648
9781249633679
9781249633945
9781249633990
9781249634027
9781249634102
9781249634126
9781249634232
9781249634287
9781249634317
9781249634355
9781249634362
9781249634386
9781249634423
9781249634430
9781249634492
9781249634508
9781249634522
9781249634560
9781249634621
9781249634669
9781249634676
9781249634706
9781249634843
9781249634980
9781249635178
9781249635185
9781249635192
9781249635215
9781249635222
9781249635246
9781249635277
9781249635314
9781249635390
9781249635420
9781249635444
9781249635468
9781249635475
9781249635482
9781249635505
9781249635512
9781249635543
9781249635635
9781249635642
9781249635697
9781249635710
9781249635826
9781249635857
9781249635888
9781249635901
9781249635949
9781249636014
9781249636038
9781249636151
9781249636229
9781249636250
9781249636274
9781249636298
9781249636380
9781249636427
9781249636434
9781249636496
9781249636502
9781249636533
9781249636557
9781249636588
9781249636595
9781249636632
9781249636670
9781249636687
9781249636700
9781249636717
9781249636748
9781249636762
9781249636816
9781249636830
9781249636908
9781249636984
9781249637066
9781249637103
9781249637189
9781249637196
9781249637233
9781249637257
9781249637264
9781249637271
9781249637318
9781249637325
9781249637332
9781249637349
9781249637486
9781249637493
9781249637523
9781249637530
9781249637547
9781249637585
9781249637592
9781249637707
9781249637714
9781249637981
9781249637998
9781249638049
9781249638087
9781249638094
9781249638148
9781249638193
9781249638223
9781249638421
9781249638438
9781249638469
9781249638476
9781249638490
9781249638551
9781249638599
9781249638667
9781249638698
9781249638704
9781249638735
9781249638759
9781249638810
9781249638834
9781249638865
9781249638896
9781249638933
9781249638988
9781249639015
9781249639022
9781249639046
9781249639053
9781249639077
9781249639084
9781249639114
9781249639121
9781249639138
9781249639176
9781249639206
9781249639251
9781249639336
9781249639350
9781249639381
9781249639398
9781249639411
9781249639435
9781249639503
9781249639589
9781249639596
9781249639626
9781249639664
9781249639701
9781249639732
9781249639749
9781249639824
9781249639893
9781249639954
9781249639961
9781249639978
9781249640004
9781249640134
9781249640141
9781249640158
9781249640172
9781249640189
9781249640202
9781249640257
9781249640318
9781249640462
9781249640479
9781249640509
9781249640622
9781249640639
9781249640646
9781249640691
9781249640714
9781249640806
9781249640813
9781249640875
9781249640882
9781249641025
9781249641049
9781249641056
9781249641070
9781249641100
9781249641186
9781249641285
9781249641292
9781249641308
9781249641353
9781249641377
9781249641384
9781249641407
9781249641483
9781249641490
9781249641513
9781249641568
9781249641575
9781249641582
9781249641612
9781249641629
9781249641667
9781249641674
9781249641681
9781249641742
9781249641759
9781249641766
9781249641858
9781249641889
9781249641940
9781249641957
9781249641988
9781249642114
9781249642206
9781249642411
9781249642473
9781249642497
9781249642534
9781249642541
9781249642565
9781249642640
9781249642688
9781249642695
9781249642879
9781249642886
9781249643012
9781249643043
9781249643050
9781249643074
9781249643081
9781249643159
9781249643227
9781249643234
9781249643333
9781249643364
9781249643388
9781249643395
9781249643432
9781249643524
9781249643555
9781249643562
9781249643609
9781249643647
9781249643685
9781249643746
9781249643753
9781249643760
9781249643777
9781249643821
9781249643838
9781249643869
9781249643906
9781249643920
9781249643975
9781249644019
9781249644057
9781249644071
9781249644187
9781249644200
9781249644347
9781249644385
9781249644392
9781249644484
9781249644491
9781249644521
9781249644552
9781249644606
9781249644620
9781249644644
9781249644675
9781249644699
9781249644705
9781249644743
9781249644811
9781249644828
9781249644866
9781249644897
9781249644989
9781249645054
9781249645122
9781249645139
9781249645177
9781249645276
9781249645290
9781249645436
9781249645498
9781249645566
9781249645627
9781249645665
9781249645719
9781249645832
9781249645849
9781249645863
9781249645955
9781249646051
9781249646242
9781249646259
9781249646280
9781249646310
9781249646327
9781249646341
9781249646365
9781249646419
9781249646488
9781249646495
9781249646617
9781249646624
9781249646693
9781249646709
9781249646716
9781249646747
9781249646822
9781249646839
9781249646877
9781249646952
9781249647010
9781249647188
9781249647195
9781249647225
9781249647294
9781249647348
9781249647355
9781249647362
9781249647386
9781249647430
9781249647454
9781249647560
9781249647621
9781249647720
9781249647737
9781249647744
9781249647751
9781249647775
9781249647812
9781249647928
9781249647942
9781249647959
9781249648086
9781249648154
9781249648246
9781249648260
9781249648277
9781249648284
9781249648406
9781249648505
9781249648529
9781249648598
9781249648628
9781249648642
9781249648673
9781249648680
9781249648741
9781249648758
9781249648833
9781249648840
9781249648864
9781249648925
9781249648963
9781249649014
9781249649038
9781249649045
9781249649069
9781249649199
9781249649229
9781249649236
9781249649243
9781249649250
9781249649267
9781249649335
9781249649380
9781249649434
9781249649489
9781249649564
9781249649632
9781249649649
9781249649670
9781249649694
9781249649717
9781249649762
9781249649816
9781249649854
9781249649885
9781249649953
9781249649960
9781249650065
9781249650249
9781249650362
9781249650386
9781249650423
9781249650430
9781249650461
9781249650522
9781249650577
9781249650591
9781249650614
9781249650638
9781249650645
9781249650669
9781249650676
9781249650713
9781249650768
9781249650782
9781249650829
9781249650881
9781249650904
9781249650911
9781249650928
9781249650942
9781249650973
9781249650997
9781249651017
9781249651048
9781249651062
9781249651079
9781249651093
9781249651116
9781249651123
9781249651130
9781249651185
9781249651192
9781249651208
9781249651239
9781249651253
9781249651260
9781249651291
9781249651314
9781249651376
9781249651468
9781249651543
9781249651550
9781249651611
9781249651710
9781249651727
9781249651765
9781249651819
9781249651871
9781249651956
9781249652090
9781249652120
9781249652236
9781249652250
9781249652274
9781249652298
9781249652304
9781249652311
9781249652380
9781249652489
9781249652526
9781249652595
9781249652670
9781249652687
9781249652717
9781249652748
9781249652762
9781249652793
9781249652847
9781249652854
9781249652878
9781249652908
9781249652953
9781249652977
9781249653011
9781249653028
9781249653066
9781249653097
9781249653134
9781249653165
9781249653219
9781249653318
9781249653356
9781249653486
9781249653585
9781249653608
9781249653622
9781249653820
9781249653837
9781249653844
9781249653875
9781249653950
9781249654018
9781249654063
9781249654094
9781249654117
9781249654155
9781249654292
9781249654346
9781249654360
9781249654377
9781249654407
9781249654414
9781249654445
9781249654469
9781249654568
9781249654629
9781249654834
9781249654858
9781249655053
9781249655152
9781249655176
9781249655213
9781249655305
9781249655343
9781249655367
9781249655442
9781249655480
9781249655527
9781249655596
9781249655671
9781249655688
9781249655732
9781249655749
9781249655756
9781249655770
9781249655893
9781249655930
9781249656029
9781249656111
9781249656210
9781249656241
9781249656272
9781249656289
9781249656333
9781249656449
9781249656593
9781249656746
9781249656753
9781249656814
9781249656890
9781249656906
9781249656944
9781249657033
9781249657132
9781249657156
9781249657170
9781249657187
9781249657194
9781249657248
9781249657354
9781249657408
9781249657422
9781249657576
9781249657620
9781249657767
9781249657774
9781249658160
9781249658276
9781249658368
9781249658450
9781249658573
9781249658641
9781249658689
9781249658726
9781249658771
9781249658979
9781249659112
9781249659198
9781249659419
9781249659501
9781249659594
9781249659730
9781249659846
9781249659969
9781249659976
9781249660255
9781249660293
9781249660514
9781249660705
9781249660927
9781249661047
9781249661306
9781249661399
9781249661412
9781249661641
9781249661702
9781249661979
9781249662099
9781249662136
9781249662716
9781249663218
9781249663317
9781249663904
9781249663942
9781249664178
9781249666103
9781249666301
9781249666790
9781249667162
9781249667490
9781249668039
9781249668442
9781249668855
9781249669036
9781249669104
9781249669265
9781249669456
9781249669975
9781249670070
9781249670582
9781249670971
9781249673514
9781249673545
9781249673569
9781249674085
9781249674641
9781249674658
9781249675723
9781249675969
9781249676188
9781249676270
9781249676423
9781249677222
9781249677352
9781249677475
9781249677826
9781249678014
9781249678663
9781249678687
9781249678922
9781249679141
9781249679530
9781249680345
9781249680628
9781249680826
9781249681182
9781249681571
9781249681731
9781249681779
9781249682141
9781249682202
9781249682561
9781249682899
9781249683117
9781249683155
9781249683407
9781249683476
9781249683544
9781249683612
9781249683643
9781249683865
9781249683919
9781249683940
9781249684015
9781249684060
9781249684121
9781249684152
9781249684305
9781249684343
9781249684374
9781249684428
9781249684442
9781249684497
9781249684527
9781249684541
9781249684565
9781249684589
9781249684695
9781249684787
9781249684794
9781249684824
9781249684831
9781249684855
9781249684879
9781249684916
9781249684992
9781249685005
9781249685081
9781249685104
9781249685111
9781249685128
9781249685135
9781249685142
9781249685180
9781249685210
9781249685289
9781249685296
9781249685357
9781249685364
9781249685395
9781249685456
9781249685463
9781249685630
9781249685685
9781249685715
9781249685746
9781249685753
9781249685784
9781249685791
9781249685838
9781249685852
9781249685869
9781249685906
9781249685920
9781249685951
9781249686064
9781249686170
9781249686224
9781249686231
9781249686248
9781249686262
9781249686279
9781249686293
9781249686347
9781249686378
9781249686392
9781249686408
9781249686484
9781249686491
9781249686507
9781249686514
9781249686613
9781249686620
9781249686682
9781249686743
9781249686798
9781249686811
9781249686859
9781249686880
9781249686910
9781249686934
9781249686958
9781249687047
9781249687146
9781249687306
9781249687337
9781249687351
9781249687405
9781249687429
9781249687436
9781249687610
9781249687665
9781249687689
9781249687788
9781249687795
9781249687818
9781249687863
9781249687887
9781249688013
9781249688068
9781249688129
9781249688136
9781249688167
9781249688259
9781249688297
9781249688341
9781249688433
9781249688495
9781249688501
9781249688518
9781249688655
9781249688907
9781249688945
9781249689065
9781249689102
9781249689171
9781249689188
9781249689232
9781249689256
9781249689324
9781249689621
9781249689645
9781249690016
9781249690030
9781249690207
9781249690252
9781249690290
9781249690375
9781249690580
9781249690948
9781249691037
9781249691099
9781249691211
9781249691310
9781249691532
9781249691655
9781249691730
9781249691754
9781249691815
9781249691853
9781249691969
9781249692041
9781249692102
9781249692232
9781249692348
9781249692355
9781249692430
9781249692478
9781249692515
9781249692584
9781249692645
9781249692683
9781249692706
9781249692775
9781249692904
9781249692966
9781249693147
9781249693277
9781249693352
9781249693642
9781249693772
9781249693925
9781249694090
9781249694427
9781249694700
9781249694779
9781249694960
9781249695271
9781249697343
9781249703839
9781249704478
9781249706137
9781249710011
9781249710066
9781249710288
9781249710547
9781249710622
9781249710882
9781249711186
9781249711216
9781249711315
9781249711346
9781249711353
9781249712091
9781249712152
9781249712183
9781249712206
9781249712244
9781249712367
9781249712374
9781249712466
9781249712527
9781249712800
9781249712992
9781249713180
9781249713432
9781249713555
9781249713654
9781249714101
9781249714149
9781249714507
9781249714569
9781249714798
9781249714903
9781249715016
9781249715139
9781249715283
9781249715399
9781249715665
9781249715740
9781249715962
9781249716051
9781249716174
9781249716259
9781249716396
9781249716402
9781249716433
9781249716518
9781249716617
9781249716716
9781249716853
9781249716860
9781249717232
9781249717348
9781249717683
9781249717768
9781249717812
9781249717850
9781249717904
9781249717942
9781249718147
9781249718178
9781249718345
9781249718451
9781249718550
9781249718598
9781249718758
9781249721369
9781249721635
9781249722663
9781249723011
9781249723127
9781249723219
9781249723684
9781249723912
9781249724315
9781249724391
9781249724759
9781249725855
9781249725879
9781249725916
9781249725961
9781249726050
9781249726128
9781249726142
9781249726210
9781249726456
9781249726609
9781249726883
9781249727033
9781249727354
9781249727385
9781249727439
9781249727576
9781249727859
9781249727941
9781249727965
9781249728580
9781249728849
9781249728962
9781249729181
9781249729570
9781249729839
9781249729877
9781249730095
9781249730309
9781249731030
9781249733027
9781249733263
9781249733867
9781249734444
9781249736554
9781249736578
9781249737070
9781249737193
9781249737643
9781249739432
9781249739630
9781249739661
9781249740186
9781249740926
9781249743224
9781249744016
9781249744238
9781249744863
9781249745365
9781249746133
9781249746577
9781249746614
9781249747376
9781249748298
9781249748908
9781249750260
9781249750758
9781249751151
9781249751212
9781249753919
9781249754039
9781249756378
9781249757573
9781249757580
9781249757702
9781249757719
9781249758334
9781249758563
9781249758624
9781249759751
9781249760009
9781249760290
9781249760481
9781249760658
9781249760719
9781249760795
9781249760962
9781249761068
9781249761143
9781249761181
9781249761273
9781249761280
9781249761297
9781249761457
9781249761488
9781249761686
9781249761808
9781249761853
9781249761952
9781249762102
9781249762447
9781249762461
9781249762478
9781249762560
9781249762652
9781249762706
9781249762751
9781249762812
9781249762898
9781249763000
9781249763017
9781249763093
9781249763123
9781249763192
9781249763239
9781249763345
9781249763383
9781249763390
9781249763437
9781249763475
9781249763574
9781249763635
9781249763673
9781249763680
9781249763710
9781249763758
9781249763765
9781249763802
9781249763819
9781249763826
9781249763864
9781249763888
9781249763987
9781249763994
9781249764038
9781249764076
9781249764083
9781249764090
9781249764113
9781249764137
9781249764144
9781249764168
9781249764182
9781249764199
9781249764205
9781249764212
9781249764267
9781249764281
9781249764304
9781249764328
9781249764335
9781249764342
9781249764373
9781249764434
9781249764489
9781249764502
9781249764571
9781249764632
9781249764663
9781249764687
9781249764724
9781249764793
9781249764809
9781249764885
9781249764892
9781249764953
9781249765059
9781249765110
9781249765141
9781249765233
9781249765288
9781249765318
9781249765325
9781249765394
9781249765417
9781249765448
9781249765455
9781249765523
9781249765714
9781249765745
9781249765769
9781249765783
9781249765806
9781249765837
9781249765868
9781249765882
9781249765912
9781249765943
9781249765967
9781249766018
9781249766063
9781249766094
9781249766124
9781249766131
9781249766186
9781249766285
9781249766346
9781249766377
9781249766384
9781249766438
9781249766445
9781249766469
9781249766513
9781249766520
9781249766551
9781249766582
9781249766629
9781249766650
9781249766728
9781249766742
9781249766759
9781249766773
9781249766865
9781249766919
9781249766964
9781249766995
9781249767015
9781249767039
9781249767084
9781249767091
9781249767107
9781249767138
9781249767220
9781249767244
9781249767268
9781249767329
9781249767343
9781249767558
9781249767596
9781249767763
9781249767787
9781249768029
9781249768111
9781249768203
9781249768234
9781249768326
9781249768357
9781249768425
9781249768432
9781249768449
9781249768456
9781249768487
9781249768548
9781249768555
9781249768654
9781249768678
9781249768869
9781249768944
9781249769033
9781249769064
9781249769125
9781249769170
9781249769194
9781249769262
9781249769293
9781249769309
9781249769385
9781249769507
9781249769521
9781249769736
9781249769781
9781249769804
9781249769811
9781249769842
9781249769880
9781249769965
9781249769989
9781249770046
9781249770114
9781249770138
9781249770220
9781249770329
9781249770343
9781249770381
9781249770442
9781249770459
9781249770473
9781249770497
9781249770572
9781249770589
9781249770688
9781249770763
9781249770770
9781249770879
9781249770916
9781249770961
9781249770978
9781249770985
9781249771005
9781249771081
9781249771098
9781249771128
9781249771166
9781249771180
9781249771234
9781249771265
9781249771302
9781249771319
9781249771357
9781249771371
9781249771401
9781249771487
9781249771500
9781249771548
9781249771647
9781249771692
9781249771715
9781249771722
9781249771746
9781249771753
9781249771814
9781249771869
9781249771968
9781249771982
9781249772026
9781249772057
9781249772095
9781249772132
9781249772149
9781249772187
9781249772224
9781249772248
9781249772262
9781249772279
9781249772293
9781249772354
9781249772378
9781249772385
9781249772453
9781249772477
9781249772545
9781249772569
9781249772606
9781249772637
9781249772668
9781249772675
9781249772699
9781249772736
9781249772774
9781249772798
9781249772866
9781249772972
9781249772989
9781249773047
9781249773061
9781249773078
9781249773115
9781249773139
9781249773177
9781249773191
9781249773238
9781249773276
9781249773344
9781249773382
9781249773528
9781249773535
9781249773559
9781249773610
9781249773702
9781249773740
9781249773757
9781249773788
9781249773825
9781249773832
9781249773849
9781249773863
9781249773894
9781249773924
9781249773993
9781249774013
9781249774044
9781249774099
9781249774129
9781249774143
9781249774150
9781249774204
9781249774235
9781249774242
9781249774327
9781249774334
9781249774358
9781249774419
9781249774426
9781249774440
9781249774594
9781249774716
9781249774761
9781249774778
9781249774884
9781249774945
9781249774969
9781249774983
9781249774990
9781249775072
9781249775102
9781249775201
9781249775249
9781249775256
9781249775393
9781249775522
9781249775577
9781249775621
9781249775713
9781249775737
9781249775768
9781249775881
9781249775898
9781249775904
9781249776062
9781249776147
9781249776154
9781249776192
9781249776260
9781249776284
9781249776314
9781249776383
9781249776413
9781249776468
9781249776475
9781249776499
9781249776536
9781249776604
9781249776635
9781249776703
9781249776727
9781249776741
9781249776796
9781249776864
9781249776949
9781249777076
9781249777090
9781249777151
9781249777205
9781249777212
9781249777250
9781249777304
9781249777342
9781249777366
9781249777373
9781249777397
9781249777489
9781249777496
9781249777502
9781249777540
9781249777588
9781249777663
9781249777670
9781249777687
9781249777762
9781249777861
9781249777892
9781249777939
9781249777977
9781249778004
9781249778035
9781249778080
9781249778097
9781249778134
9781249778158
9781249778196
9781249778226
9781249778240
9781249778448
9781249778462
9781249778516
9781249778523
9781249778547
9781249778592
9781249778677
9781249778721
9781249778752
9781249778769
9781249778837
9781249778851
9781249778905
9781249778929
9781249778967
9781249778998
9781249779124
9781249779131
9781249779162
9781249779186
9781249779216
9781249779254
9781249779278
9781249779285
9781249779292
9781249779346
9781249779445
9781249779483
9781249779551
9781249779568
9781249779650
9781249779681
9781249779698
9781249779728
9781249779834
9781249779933
9781249779995
9781249780038
9781249780090
9781249780106
9781249780120
9781249780199
9781249780236
9781249780250
9781249780328
9781249780335
9781249780410
9781249780434
9781249780519
9781249780557
9781249780588
9781249780632
9781249780663
9781249780670
9781249780687
9781249780700
9781249780717
9781249780748
9781249780823
9781249780830
9781249780885
9781249780908
9781249780922
9781249780939
9781249780953
9781249780960
9781249781011
9781249781066
9781249781127
9781249781141
9781249781158
9781249781189
9781249781257
9781249781271
9781249781332
9781249781387
9781249781448
9781249781462
9781249781479
9781249781523
9781249781592
9781249781653
9781249781707
9781249781714
9781249781721
9781249781820
9781249781844
9781249781868
9781249781899
9781249781929
9781249781981
9781249782001
9781249782018
9781249782025
9781249782032
9781249782063
9781249782094
9781249782124
9781249782162
9781249782223
9781249782261
9781249782353
9781249782360
9781249782377
9781249782438
9781249782445
9781249782452
9781249782506
9781249782551
9781249782612
9781249782773
9781249782858
9781249782872
9781249782926
9781249782971
9781249783022
9781249783053
9781249783077
9781249783190
9781249783244
9781249783282
9781249783343
9781249783442
9781249783473
9781249783602
9781249783626
9781249783640
9781249783657
9781249783664
9781249783688
9781249783756
9781249783800
9781249783855
9781249783862
9781249783893
9781249783947
9781249783992
9781249784050
9781249784203
9781249784210
9781249784258
9781249784265
9781249784401
9781249784418
9781249784463
9781249784555
9781249784586
9781249784593
9781249784678
9781249784722
9781249784746
9781249784791
9781249784821
9781249784845
9781249784913
9781249784968
9781249784975
9781249784999
9781249785033
9781249785057
9781249785224
9781249785248
9781249785279
9781249785286
9781249785293
9781249785316
9781249785354
9781249785408
9781249785705
9781249785781
9781249785828
9781249785866
9781249785927
9781249785972
9781249785996
9781249786030
9781249786191
9781249786207
9781249786313
9781249786351
9781249786368
9781249786399
9781249786412
9781249786443
9781249786474
9781249786511
9781249786542
9781249786566
9781249786610
9781249786689
9781249786726
9781249786733
9781249786757
9781249786764
9781249786955
9781249787068
9781249787099
9781249787143
9781249787273
9781249787303
9781249787372
9781249787433
9781249787464
9781249787730
9781249787969
9781249788010
9781249788027
9781249788072
9781249788188
9781249788201
9781249788546
9781249788751
9781249788836
9781249788867
9781249788874
9781249788911
9781249789093
9781249789116
9781249789314
9781249789345
9781249789376
9781249789390
9781249789406
9781249789437
9781249790686
9781249790716
9781249790730
9781249790747
9781249791218
9781249791263
9781249791300
9781249791386
9781249791461
9781249791553
9781249791805
9781249791997
9781249792147
9781249792192
9781249792321
9781249792352
9781249792406
9781249792420
9781249792475
9781249792697
9781249792833
9781249792918
9781249792963
9781249793052
9781249793205
9781249793571
9781249794011
9781249794301
9781249794981
9781249795377
9781249795797
9781249795810
9781249795827
9781249796312
9781249796794
9781249796831
9781249796961
9781249797555
9781249797975
9781249798507
9781249798699
9781249799412
9781249801436
9781249801481
9781249802099
9781249802785
9781249802938
9781249803447
9781249803515
9781249803935
9781249804536
9781249804819
9781249804857
9781249804895
9781249805076
9781249805458
9781249805663
9781249806240
9781249806448
9781249806912
9781249806950
9781249807209
9781249807216
9781249807643
9781249808916
9781249810025
9781249810803
9781249810940
9781249811619
9781249811626
9781249811978
9781249812012
9781249812081
9781249812166
9781249812289
9781249812425
9781249812678
9781249812814
9781249813491
9781249814115
9781249814139
9781249814276
9781249814467
9781249814498
9781249815105
9781249815310
9781249815501
9781249816386
9781249818014
9781249818229
9781249818946
9781249819424
9781249819431
9781249819448
9781249819653
9781249819660
9781249819813
9781249822226
9781249822394
9781249823308
9781249824114
9781249824282
9781249824299
9781249824343
9781249824442
9781249825005
9781249825081
9781249825265
9781249826521
9781249826576
9781249826798
9781249826811
9781249827023
9781249827047
9781249827054
9781249827061
9781249827078
9781249827085
9781249827092
9781249827108
9781249827139
9781249827146
9781249827153
9781249827160
9781249827191
9781249827207
9781249827238
9781249827245
9781249827252
9781249827269
9781249827276
9781249827283
9781249827290
9781249827306
9781249827313
9781249827320
9781249827337
9781249827344
9781249827351
9781249827368
9781249827375
9781249827382
9781249827429
9781249827436
9781249827443
9781249827467
9781249827474
9781249827481
9781249827504
9781249827511
9781249827528
9781249827535
9781249827542
9781249827559
9781249827566
9781249827573
9781249827580
9781249827597
9781249827603
9781249827610
9781249827627
9781249827634
9781249827641
9781249827658
9781249827665
9781249827672
9781249827696
9781249827702
9781249827733
9781249827740
9781249827771
9781249827795
9781249827801
9781249827825
9781249827849
9781249827863
9781249827870
9781249827887
9781249827948
9781249827955
9781249827979
9781249827986
9781249828037
9781249828044
9781249828068
9781249828075
9781249828082
9781249828112
9781249828136
9781249828143
9781249828174
9781249828181
9781249828204
9781249828228
9781249828235
9781249828242
9781249828266
9781249828297
9781249828327
9781249828334
9781249828365
9781249828419
9781249828464
9781249828471
9781249828488
9781249828518
9781249828549
9781249828563
9781249828594
9781249828600
9781249828655
9781249828662
9781249828686
9781249828709
9781249828730
9781249828747
9781249828754
9781249828778
9781249828785
9781249828808
9781249828815
9781249828822
9781249828839
9781249828853
9781249828860
9781249828877
9781249828884
9781249828891
9781249828914
9781249828921
9781249828938
9781249828945
9781249828969
9781249828990
9781249829010
9781249829027
9781249829034
9781249829041
9781249829065
9781249829072
9781249829089
9781249829102
9781249829119
9781249829157
9781249829164
9781249829171
9781249829188
9781249829201
9781249829225
9781249829249
9781249829256
9781249829270
9781249829294
9781249829300
9781249829317
9781249829331
9781249829355
9781249829362
9781249829379
9781249829393
9781249829409
9781249829430
9781249829461
9781249829478
9781249829485
9781249829508
9781249829515
9781249829522
9781249829546
9781249829553
9781249829560
9781249829577
9781249829584
9781249829607
9781249829614
9781249829621
9781249829638
9781249829652
9781249829669
9781249829676
9781249829683
9781249829713
9781249829720
9781249829744
9781249829751
9781249829775
9781249829782
9781249829799
9781249829805
9781249829829
9781249829836
9781249829850
9781249829867
9781249829874
9781249829898
9781249829904
9781249829928
9781249829935
9781249829959
9781249829966
9781249829980
9781249829997
9781249830016
9781249830023
9781249830047
9781249830054
9781249830078
9781249830085
9781249830108
9781249830115
9781249830139
9781249830146
9781249830160
9781249830177
9781249830191
9781249830207
9781249830221
9781249830238
9781249830252
9781249830269
9781249830276
9781249830283
9781249830290
9781249830306
9781249830337
9781249830344
9781249830368
9781249830375
9781249830382
9781249830405
9781249830412
9781249830429
9781249830436
9781249830450
9781249830467
9781249830481
9781249830498
9781249830511
9781249830528
9781249830542
9781249830559
9781249830566
9781249830580
9781249830597
9781249830603
9781249830627
9781249830634
9781249830658
9781249830665
9781249830689
9781249830696
9781249830726
9781249830733
9781249830757
9781249830764
9781249830771
9781249830788
9781249830801
9781249830818
9781249830825
9781249830856
9781249830863
9781249830870
9781249830887
9781249830894
9781249830917
9781249830924
9781249830931
9781249830948
9781249830955
9781249830962
9781249830986
9781249830993
9781249831013
9781249831020
9781249831044
9781249831051
9781249831068
9781249831075
9781249831099
9781249831105
9781249831112
9781249831129
9781249831143
9781249831150
9781249831167
9781249831181
9781249831198
9781249831204
9781249831228
9781249831235
9781249831242
9781249831259
9781249831266
9781249831297
9781249831303
9781249831310
9781249831334
9781249831341
9781249831358
9781249831365
9781249831389
9781249831396
9781249831402
9781249831419
9781249831433
9781249831440
9781249831457
9781249831471
9781249831488
9781249831495
9781249831518
9781249831525
9781249831532
9781249831549
9781249831563
9781249831570
9781249831587
9781249831594
9781249831617
9781249831624
9781249831631
9781249831648
9781249831662
9781249831679
9781249831693
9781249831709
9781249831716
9781249831723
9781249831747
9781249831754
9781249831778
9781249831785
9781249831792
9781249831815
9781249831839
9781249831860
9781249831877
9781249831884
9781249831907
9781249831914
9781249831938
9781249831969
9781249831976
9781249832003
9781249832010
9781249832027
9781249832041
9781249832058
9781249832065
9781249832072
9781249832089
9781249832102
9781249832119
9781249832133
9781249832140
9781249832157
9781249832164
9781249832195
9781249832218
9781249832232
9781249832249
9781249832256
9781249832263
9781249832287
9781249832300
9781249832317
9781249832324
9781249832348
9781249832355
9781249832362
9781249832379
9781249832393
9781249832409
9781249832416
9781249832430
9781249832447
9781249832454
9781249832461
9781249832485
9781249832492
9781249832515
9781249832522
9781249832539
9781249832546
9781249832553
9781249832577
9781249832584
9781249832591
9781249832607
9781249832621
9781249832638
9781249832645
9781249832669
9781249832676
9781249832683
9781249832690
9781249832706
9781249832720
9781249832737
9781249832744
9781249832751
9781249832775
9781249832782
9781249832799
9781249832805
9781249832829
9781249832836
9781249832843
9781249832867
9781249832874
9781249832881
9781249832911
9781249832928
9781249832935
9781249832959
9781249832966
9781249832973
9781249832980
9781249833000
9781249833017
9781249833024
9781249833055
9781249833079
9781249833086
9781249833093
9781249833109
9781249833123
9781249833130
9781249833147
9781249833161
9781249833178
9781249833208
9781249833215
9781249833222
9781249833246
9781249833253
9781249833260
9781249833284
9781249833291
9781249833307
9781249833321
9781249833338
9781249833345
9781249833369
9781249833376
9781249833383
9781249833390
9781249833413
9781249833420
9781249833437
9781249833451
9781249833468
9781249833475
9781249833505
9781249833512
9781249833529
9781249833550
9781249833567
9781249833574
9781249833598
9781249833604
9781249833611
9781249833628
9781249833635
9781249833642
9781249833666
9781249833673
9781249833697
9781249833703
9781249833710
9781249833727
9781249833741
9781249833758
9781249833765
9781249833772
9781249833796
9781249833802
9781249833819
9781249833826
9781249833833
9781249833840
9781249833864
9781249833871
9781249833888
9781249833901
9781249833918
9781249833925
9781249833932
9781249833949
9781249833956
9781249833963
9781249833970
9781249833987
9781249833994
9781249834007
9781249834014
9781249834021
9781249834038
9781249834045
9781249834052
9781249834069
9781249834076
9781249834083
9781249834090
9781249834106
9781249834113
9781249834120
9781249834137
9781249834144
9781249834151
9781249834168
9781249834175
9781249834182
9781249834199
9781249834205
9781249834212
9781249834229
9781249834236
9781249834243
9781249834250
9781249834267
9781249834274
9781249834281
9781249834298
9781249834304
9781249834311
9781249834328
9781249834335
9781249834342
9781249834359
9781249834366
9781249834373
9781249834380
9781249834397
9781249834403
9781249834410
9781249834427
9781249834434
9781249834441
9781249834458
9781249834465
9781249834472
9781249834489
9781249834502
9781249834519
9781249834526
9781249834533
9781249834540
9781249834557
9781249834564
9781249834571
9781249834588
9781249834595
9781249834601
9781249834618
9781249834625
9781249834632
9781249834649
9781249834656
9781249834663
9781249834670
9781249834687
9781249834694
9781249834700
9781249834717
9781249834724
9781249834731
9781249834748
9781249834755
9781249834762
9781249834779
9781249834786
9781249834793
9781249834809
9781249834823
9781249834830
9781249834847
9781249834854
9781249834861
9781249834878
9781249834885
9781249834892
9781249834908
9781249834922
9781249834939
9781249834946
9781249834953
9781249834960
9781249834977
9781249834984
9781249834991
9781249835004
9781249835011
9781249835028
9781249835035
9781249835042
9781249835059
9781249835066
9781249835073
9781249835080
9781249835097
9781249835103
9781249835110
9781249835127
9781249835134
9781249835141
9781249835158
9781249835165
9781249835172
9781249835189
9781249835196
9781249835202
9781249835219
9781249835226
9781249835233
9781249835240
9781249835257
9781249835264
9781249835271
9781249835288
9781249835295
9781249835301
9781249835318
9781249835325
9781249835332
9781249835349
9781249835356
9781249835363
9781249835370
9781249835387
9781249835394
9781249835400
9781249835417
9781249835424
9781249835431
9781249835448
9781249835455
9781249835462
9781249835479
9781249835486
9781249835493
9781249835509
9781249835516
9781249835523
9781249835530
9781249835547
9781249835554
9781249835561
9781249835578
9781249835585
9781249835592
9781249835608
9781249835615
9781249835622
9781249835639
9781249835646
9781249835653
9781249835660
9781249835677
9781249835684
9781249835691
9781249835707
9781249835714
9781249835721
9781249835745
9781249835752
9781249835769
9781249835776
9781249835783
9781249835790
9781249835806
9781249835820
9781249835837
9781249835851
9781249835882
9781249835905
9781249835912
9781249835936
9781249835950
9781249835967
9781249835981
9781249836001
9781249836018
9781249836025
9781249836032
9781249836049
9781249836056
9781249836063
9781249836070
9781249836087
9781249836094
9781249836100
9781249836117
9781249836124
9781249836131
9781249836148
9781249836155
9781249836162
9781249836179
9781249836186
9781249836193
9781249836209
9781249836216
9781249836223
9781249836230
9781249836247
9781249836254
9781249836261
9781249836278
9781249836285
9781249836292
9781249836308
9781249836315
9781249836322
9781249836339
9781249836346
9781249836353
9781249836360
9781249836377
9781249836391
9781249836407
9781249836414
9781249836421
9781249836438
9781249836445
9781249836469
9781249836476
9781249836483
9781249836506
9781249836513
9781249836520
9781249836537
9781249836544
9781249836551
9781249836568
9781249836575
9781249836582
9781249836599
9781249836605
9781249836612
9781249836629
9781249836636
9781249836643
9781249836650
9781249836667
9781249836674
9781249836681
9781249836698
9781249836704
9781249836711
9781249836728
9781249836735
9781249836742
9781249836759
9781249836766
9781249836773
9781249836780
9781249836797
9781249836803
9781249836810
9781249836827
9781249836834
9781249836841
9781249836858
9781249836865
9781249836872
9781249836889
9781249836896
9781249836902
9781249836919
9781249836926
9781249836933
9781249836940
9781249836957
9781249836964
9781249836971
9781249836988
9781249836995
9781249837008
9781249837015
9781249837022
9781249837039
9781249837046
9781249837053
9781249837060
9781249837077
9781249837084
9781249837091
9781249837107
9781249837114
9781249837121
9781249837138
9781249837145
9781249837152
9781249837169
9781249837176
9781249837183
9781249837190
9781249837213
9781249837220
9781249837237
9781249837244
9781249837251
9781249837268
9781249837275
9781249837282
9781249837299
9781249837305
9781249837312
9781249837329
9781249837336
9781249837343
9781249837350
9781249837367
9781249837374
9781249837381
9781249837404
9781249837428
9781249837435
9781249837459
9781249837466
9781249837473
9781249837503
9781249837510
9781249837527
9781249837534
9781249837541
9781249837565
9781249837572
9781249837596
9781249837602
9781249837619
9781249837633
9781249837640
9781249837657
9781249837664
9781249837671
9781249837695
9781249837701
9781249837718
9781249837732
9781249837756
9781249837787
9781249837794
9781249837817
9781249837831
9781249837848
9781249837862
9781249837879
9781249837886
9781249837909
9781249837916
9781249837923
9781249837930
9781249837947
9781249837954
9781249837978
9781249838005
9781249838012
9781249838029
9781249838036
9781249838050
9781249838067
9781249838074
9781249838081
9781249838104
9781249838111
9781249838128
9781249838142
9781249838159
9781249838166
9781249838180
9781249838197
9781249838203
9781249838227
9781249838234
9781249838241
9781249838272
9781249838289
9781249838296
9781249838302
9781249838326
9781249838333
9781249838340
9781249838357
9781249838364
9781249838388
9781249838395
9781249838401
9781249838425
9781249838432
9781249838449
9781249838456
9781249838470
9781249838487
9781249838494
9781249838500
9781249838517
9781249838531
9781249838562
9781249838586
9781249838616
9781249838630
9781249838661
9781249838678
9781249838708
9781249838739
9781249838753
9781249838784
9781249838791
9781249838807
9781249838821
9781249838838
9781249838876
9781249838883
9781249838890
9781249838913
9781249838920
9781249838937
9781249838951
9781249838968
9781249839019
9781249839033
9781249839040
9781249839071
9781249839088
9781249839095
9781249839118
9781249839132
9781249839163
9781249839187
9781249839194
9781249839200
9781249839231
9781249839286
9781249839309
9781249839330
9781249839347
9781249839361
9781249839385
9781249839422
9781249839439
9781249839446
9781249839453
9781249839477
9781249839484
9781249839507
9781249839538
9781249839569
9781249839583
9781249839613
9781249839620
9781249839637
9781249839668
9781249839682
9781249839699
9781249839729
9781249839750
9781249839774
9781249839804
9781249839828
9781249839859
9781249839873
9781249839903
9781249839910
9781249839941
9781249839965
9781249839996
9781249840008
9781249840022
9781249840046
9781249840077
9781249840091
9781249840107
9781249840121
9781249840169
9781249840176
9781249840220
9781249840251
9781249840275
9781249840305
9781249840329
9781249840350
9781249840374
9781249840404
9781249840435
9781249840459
9781249840480
9781249840565
9781249840602
9781249840619
9781249840657
9781249840664
9781249840695
9781249840718
9781249840732
9781249840749
9781249840787
9781249840794
9781249840800
9781249840817
9781249840831
9781249840862
9781249840879
9781249840893
9781249840916
9781249840923
9781249840947
9781249840961
9781249840992
9781249841005
9781249841036
9781249841043
9781249841067
9781249841074
9781249841111
9781249841128
9781249841135
9781249841166
9781249841197
9781249841210
9781249841241
9781249841272
9781249841296
9781249841326
9781249841333
9781249841340
9781249841357
9781249841371
9781249841388
9781249841401
9781249841425
9781249841432
9781249841456
9781249841463
9781249841470
9781249841487
9781249841500
9781249841517
9781249841524
9781249841555
9781249841562
9781249841579
9781249841586
9781249841616
9781249841623
9781249841630
9781249841654
9781249841685
9781249841708
9781249841739
9781249841760
9781249841784
9781249841814
9781249841838
9781249841845
9781249841869
9781249841883
9781249841906
9781249841920
9781249841951
9781249841975
9781249841982
9781249842019
9781249842040
9781249842071
9781249842118
9781249842125
9781249842156
9781249842170
9781249842200
9781249842224
9781249842255
9781249842279
9781249842309
9781249842323
9781249842354
9781249842385
9781249842408
9781249842422
9781249842446
9781249842477
9781249842491
9781249842514
9781249842545
9781249842576
9781249842590
9781249842620
9781249842644
9781249842675
9781249842705
9781249842729
9781249842743
9781249842774
9781249842804
9781249842835
9781249842859
9781249842903
9781249842934
9781249842972
9781249843009
9781249843016
9781249843030
9781249843054
9781249843078
9781249843092
9781249843122
9781249843146
9781249843177
9781249843191
9781249843221
9781249843245
9781249843276
9781249843306
9781249843320
9781249843351
9781249843375
9781249843399
9781249843429
9781249843443
9781249843474
9781249843504
9781249843528
9781249843559
9781249843573
9781249843603
9781249843627
9781249843665
9781249843672
9781249843696
9781249843726
9781249843757
9781249843771
9781249843801
9781249843825
9781249843856
9781249843894
9781249843900
9781249843924
9781249843955
9781249843986
9781249844006
9781249844037
9781249844044
9781249844075
9781249844112
9781249844129
9781249844150
9781249844174
9781249844204
9781249844228
9781249844259
9781249844273
9781249844303
9781249844327
9781249844358
9781249844389
9781249844433
9781249844457
9781249844488
9781249844495
9781249844518
9781249844525
9781249844532
9781249844556
9781249844587
9781249844617
9781249844624
9781249844631
9781249844686
9781249844730
9781249844785
9781249844822
9781249844839
9781249844846
9781249844884
9781249844921
9781249844938
9781249844969
9781249844983
9781249845010
9781249845669
9781249846086
9781249847311
9781249847359
9781249847427
9781249847649
9781249847878
9781249848042
9781249848066
9781249848097
9781249848110
9781249848141
9781249848219
9781249848233
9781249848349
9781249848370
9781249848448
9781249848462
9781249848547
9781249848554
9781249848578
9781249848592
9781249848615
9781249848622
9781249848646
9781249848660
9781249848677
9781249848752
9781249848776
9781249848790
9781249848806
9781249848844
9781249848899
9781249848912
9781249848936
9781249848950
9781249848967
9781249848981
9781249849025
9781249849056
9781249849070
9781249849094
9781249849100
9781249849124
9781249849148
9781249849155
9781249849193
9781249849216
9781249849230
9781249849254
9781249849278
9781249849285
9781249849308
9781249849315
9781249849339
9781249849377
9781249849391
9781249849407
9781249849445
9781249849469
9781249849476
9781249849490
9781249849513
9781249849537
9781249849551
9781249849575
9781249849599
9781249849612
9781249849636
9781249849650
9781249849698
9781249849711
9781249849735
9781249849759
9781249849766
9781249849780
9781249849803
9781249849827
9781249849841
9781249849865
9781249849889
9781249849940
9781249849995
9781249850052
9781249850076
9781249850113
9781249850137
9781249850175
9781249850199
9781249850212
9781249850298
9781249850342
9781249850373
9781249850410
9781249850441
9781249850489
9781249850502
9781249850540
9781249850571
9781249850618
9781249850632
9781249850663
9781249850687
9781249850700
9781249850724
9781249850748
9781249850762
9781249850786
9781249850793
9781249850830
9781249850878
9781249850892
9781249850915
9781249850939
9781249850991
9781249851011
9781249851035
9781249851042
9781249851080
9781249851103
9781249851127
9781249851141
9781249851172
9781249851196
9781249851219
9781249851233
9781249851257
9781249851288
9781249851301
9781249851318
9781249851332
9781249851356
9781249851363
9781249851387
9781249851394
9781249851417
9781249851431
9781249851448
9781249851462
9781249851493
9781249851509
9781249851547
9781249851561
9781249851585
9781249851608
9781249851622
9781249851646
9781249851653
9781249851677
9781249851707
9781249851745
9781249851776
9781249851806
9781249851820
9781249851868
9781249851912
9781249851967
9781249851998
9781249852049
9781249852063
9781249852070
9781249852094
9781249852117
9781249852148
9781249852155
9781249852179
9781249852193
9781249852230
9781249852247
9781249852261
9781249852285
9781249852315
9781249852322
9781249852346
9781249852551
9781249852612
9781249852636
9781249852667
9781249852681
9781249852704
9781249852711
9781249852735
9781249852759
9781249852773
9781249852780
9781249852803
9781249852841
9781249852858
9781249852872
9781249852933
9781249853008
9781249853213
9781249853251
9781249853329
9781249853343
9781249853350
9781249853374
9781249853411
9781249853435
9781249853459
9781249853473
9781249853497
9781249853510
9781249853589
9781249853602
9781249853626
9781249853640
9781249853664
9781249853688
9781249853701
9781249853725
9781249853732
9781249853770
9781249853794
9781249853817
9781249853831
9781249853848
9781249853862
9781249853909
9781249853923
9781249853947
9781249853961
9781249853992
9781249854005
9781249854029
9781249854074
9781249854111
9781249854173
9781249854180
9781249854241
9781249854272
9781249854289
9781249854333
9781249854388
9781249854418
9781249854425
9781249854449
9781249854500
9781249854531
9781249854586
9781249854623
9781249854722
9781249854838
9781249854845
9781249854876
9781249854906
9781249854920
9781249854999
9781249855033
9781249855071
9781249855132
9781249855149
9781249855163
9781249855187
9781249855200
9781249855217
9781249855231
9781249855255
9781249855262
9781249855514
9781249855897
9781249855910
9781249855927
9781249855941
9781249855965
9781249855989
9781249856009
9781249856030
9781249856047
9781249856078
9781249856092
9781249856108
9781249856122
9781249856146
9781249856160
9781249856184
9781249856207
9781249856221
9781249856245
9781249856269
9781249856283
9781249856306
9781249856320
9781249856351
9781249856375
9781249856382
9781249856498
9781249856559
9781249856573
9781249856597
9781249856627
9781249856665
9781249856689
9781249856696
9781249856719
9781249856733
9781249856757
9781249856771
9781249856801
9781249856825
9781249856832
9781249856863
9781249856870
9781249856900
9781249856917
9781249856931
9781249856955
9781249856986
9781249857006
9781249857013
9781249857068
9781249857105
9781249857112
9781249857136
9781249857150
9781249857174
9781249857181
9781249857204
9781249857228
9781249857242
9781249857259
9781249857273
9781249857334
9781249857396
9781249857419
9781249857433
9781249857457
9781249857525
9781249857549
9781249857556
9781249857587
9781249857600
9781249857631
9781249857662
9781249857679
9781249857693
9781249857747
9781249857754
9781249857778
9781249864813
9781249865971
9781249865995
9781249866213
9781249866237
9781249866244
9781249866299
9781249866404
9781249866510
9781249866527
9781249866565
9781249869481
9781249870913
9781249870937
9781249870944
9781249870968
9781249871002
9781249871057
9781249878247
9781249879176
9781249879213
9781249879220
9781249879633
9781249879862
9781249879916
9781249879930
9781249879954
9781249880141
9781249880783
9781249881377
9781249881780
9781249881797
9781249881827
9781249881902
9781249881919
9781249881940
9781249881964
9781249881995
9781249882008
9781249882022
9781249882060
9781249882091
9781249882114
9781249882138
9781249882145
9781249882176
9781249882206
9781249882220
9781249882237
9781249882251
9781249882268
9781249882282
9781249882329
9781249882374
9781249882404
9781249882435
9781249882459
9781249882466
9781249882497
9781249882527
9781249882541
9781249882565
9781249882589
9781249882640
9781249882671
9781249882701
9781249882732
9781249882756
9781249882763
9781249882794
9781249882817
9781249882879
9781249882886
9781249882909
9781249882923
9781249882947
9781249882954
9781249882978
9781249882992
9781249883005
9781249883012
9781249883036
9781249883050
9781249883067
9781249883074
9781249883098
9781249883104
9781249883128
9781249883135
9781249883159
9781249883166
9781249883180
9781249884019
9781249884033
9781249884040
9781249884071
9781249884088
9781249884125
9781249884149
9781249884156
9781249884170
9781249884194
9781249884217
9781249884224
9781249884248
9781249884262
9781249884279
9781249884293
9781249884309
9781249884323
9781249884347
9781249884361
9781249884385
9781249884408
9781249884422
9781249884446
9781249884460
9781249884484
9781249884507
9781249884521
9781249884545
9781249884569
9781249884606
9781249884637
9781249884644
9781249884668
9781249884682
9781249884705
9781249884729
9781249884774
9781249884798
9781249884804
9781249884828
9781249884842
9781249884866
9781249884873
9781249884897
9781249884910
9781249884934
9781249884958
9781249884972
9781249884996
9781249885016
9781249885030
9781249885054
9781249885078
9781249885085
9781249885108
9781249885122
9781249885139
9781249885153
9781249885177
9781249885191
9781249885207
9781249885221
9781249885245
9781249885252
9781249885276
9781249885306
9781249885313
9781249885337
9781249885351
9781249885375
9781249885399
9781249885405
9781249885429
9781249885443
9781249885467
9781249885474
9781249885498
9781249885511
9781249885542
9781249885559
9781249885573
9781249885603
9781249885627
9781249885672
9781249885719
9781249885726
9781249885740
9781249885771
9781249885788
9781249885818
9781249885825
9781249885856
9781249885863
9781249885887
9781249885917
9781249885955
9781249885962
9781249885986
9781249886006
9781249886037
9781249886051
9781249886112
9781249886372
9781249886396
9781249886402
9781249886440
9781249886464
9781249886488
9781249886518
9781249886525
9781249886549
9781249886563
9781249886570
9781249886594
9781249886600
9781249886624
9781249886648
9781249886655
9781249886679
9781249886693
9781249886716
9781249886730
9781249886778
9781249886785
9781249886808
9781249886846
9781249886877
9781249886921
9781249886952
9781249887010
9781249887027
9781249887096
9781249887102
9781249887126
9781249887140
9781249887157
9781249887287
9781249887317
9781249887331
9781249887348
9781249887362
9781249887386
9781249887430
9781249887447
9781249887461
9781249887492
9781249887522
9781249887584
9781249887706
9781249887737
9781249887829
9781249887836
9781249887881
9781249887898
9781249887928
9781249888031
9781249888055
9781249888116
9781249888192
9781249888444
9781249888475
9781249888536
9781249888567
9781249888581
9781249888604
9781249888628
9781249888673
9781249888680
9781249888703
9781249888727
9781249888741
9781249888765
9781249888789
9781249888802
9781249888826
9781249888833
9781249888857
9781249888871
9781249888895
9781249888901
9781249888925
9781249888949
9781249888963
9781249888987
9781249888994
9781249889014
9781249889038
9781249889052
9781249889076
9781249889090
9781249889113
9781249889137
9781249889151
9781249889168
9781249889199
9781249889205
9781249889229
9781249889243
9781249889267
9781249889281
9781249889298
9781249889311
9781249889335
9781249889380
9781249889403
9781249889410
9781249889434
9781249889458
9781249889472
9781249889496
9781249889526
9781249889540
9781249892106
9781249906988
9781249909699
9781249909712
9781249909729
9781249909736
9781249909743
9781249909750
9781249909767
9781249909774
9781249909781
9781249909804
9781249909828
9781249909842
9781249909859
9781249909866
9781249909873
9781249909897
9781249909903
9781249909910
9781249909934
9781249909941
9781249909965
9781249909972
9781249909989
9781249910008
9781249910022
9781249910046
9781249910053
9781249910091
9781249910107
9781249910121
9781249910138
9781249910145
9781249910169
9781249910176
9781249910190
9781249910206
9781249910213
9781249910237
9781249910244
9781249910251
9781249910268
9781249910275
9781249910299
9781249910305
9781249910312
9781249910329
9781249910336
9781249910367
9781249910374
9781249910381
9781249910398
9781249910404
9781249910411
9781249910428
9781249910435
9781249910442
9781249910459
9781249910466
9781249910480
9781249910497
9781249910527
9781249910534
9781249910565
9781249910572
9781249910596
9781249910602
9781249910619
9781249910626
9781249910640
9781249910657
9781249910671
9781249910688
9781249910695
9781249910701
9781249910732
9781249910756
9781249910794
9781249910800
9781249910817
9781249910824
9781249910831
9781249910848
9781249910855
9781249910893
9781249910909
9781249910916
9781249910978
9781249910985
9781249910992
9781249911050
9781249911067
9781249911104
9781249911111
9781249911135
9781249911142
9781249911159
9781249911173
9781249911210
9781249911234
9781249911241
9781249911272
9781249911302
9781249911319
9781249911340
9781249911364
9781249911388
9781249911418
9781249911425
9781249911432
9781249911456
9781249911470
9781249911487
9781249911494
9781249911500
9781249911548
9781249911562
9781249911579
9781249911593
9781249911609
9781249911616
9781249911623
9781249911630
9781249911647
9781249911654
9781249911661
9781249911678
9781249911715
9781249911739
9781249911760
9781249911777
9781249911784
9781249911791
9781249911807
9781249911814
9781249911821
9781249911869
9781249911876
9781249911883
9781249911913
9781249911920
9781249911937
9781249911944
9781249911968
9781249911975
9781249911982
9781249911999
9781249912002
9781249912019
9781249912033
9781249912057
9781249912071
9781249912293
9781249912309
9781249912316
9781249912347
9781249912354
9781249912361
9781249912378
9781249912385
9781249912392
9781249912408
9781249912415
9781249912422
9781249912439
9781249912446
9781249912453
9781249912477
9781249912484
9781249912491
9781249912507
9781249912514
9781249912910
9781249913443
9781249913467
9781249913511
9781249913528
9781249913535
9781249913542
9781249913566
9781249913580
9781249913597
9781249913627
9781249913634
9781249913641
9781249913658
9781249913665
9781249913672
9781249913696
9781249913702
9781249913719
9781249913726
9781249913733
9781249913757
9781249913764
9781249913771
9781249913788
9781249913795
9781249913801
9781249913818
9781249913825
9781249913832
9781249913849
9781249913856
9781249913863
9781249913870
9781249913887
9781249913894
9781249913900
9781249913917
9781249913931
9781249913948
9781249913962
9781249913979
9781249913986
9781249914006
9781249914013
9781249914020
9781249914037
9781249914051
9781249914068
9781249914082
9781249914099
9781249914105
9781249914297
9781249914372
9781249914389
9781249914402
9781249914419
9781249914433
9781249914464
9781249914471
9781249914488
9781249914501
9781249914518
9781249914525
9781249914532
9781249914563
9781249914570
9781249914587
9781249914617
9781249914631
9781249914655
9781249914662
9781249914686
9781249914693
9781249914709
9781249914716
9781249914723
9781249914730
9781249914747
9781249914754
9781249914761
9781249914778
9781249914785
9781249914792
9781249914808
9781249914815
9781249914822
9781249914839
9781249914846
9781249914853
9781249914860
9781249914877
9781249914884
9781249914891
9781249914914
9781249914921
9781249914938
9781249914945
9781249914952
9781249914969
9781249914976
9781249914983
9781249914990
9781249915003
9781249915010
9781249915027
9781249915034
9781249915041
9781249915058
9781249915065
9781249915072
9781249915089
9781249915096
9781249915102
9781249915119
9781249915126
9781249915133
9781249915157
9781249915164
9781249915171
9781249915188
9781249915195
9781249915201
9781249915218
9781249915225
9781249915232
9781249915249
9781249915256
9781249915270
9781249915294
9781249915300
9781249915317
9781249915331
9781249915348
9781249915355
9781249915362
9781249915379
9781249915416
9781249915430
9781249915447
9781249915454
9781249915461
9781249915478
9781249915485
9781249915508
9781249915515
9781249915539
9781249915546
9781249915553
9781249915560
9781249915577
9781249915584
9781249915591
9781249915607
9781249915614
9781249915621
9781249915638
9781249915645
9781249915669
9781249915676
9781249915683
9781249915690
9781249915713
9781249915720
9781249915737
9781249915744
9781249915751
9781249915768
9781249915775
9781249915782
9781249915799
9781249915805
9781249915812
9781249915829
9781249915836
9781249915843
9781249915850
9781249915867
9781249915874
9781249915881
9781249915898
9781249915904
9781249915911
9781249915928
9781249915935
9781249915942
9781249915959
9781249915973
9781249915980
9781249915997
9781249916000
9781249916017
9781249916024
9781249916031
9781249916055
9781249916062
9781249916079
9781249916093
9781249916116
9781249916123
9781249916130
9781249916178
9781249916314
9781249916338
9781249916390
9781249916413
9781249916420
9781249916451
9781249916475
9781249916505
9781249916529
9781249916536
9781249916550
9781249916567
9781249916574
9781249916611
9781249916635
9781249916642
9781249916659
9781249916666
9781249916680
9781249916697
9781249916703
9781249916710
9781249916727
9781249916765
9781249916772
9781249916802
9781249916819
9781249916833
9781249916840
9781249916857
9781249916888
9781249916895
9781249916918
9781249916949
9781249916970
9781249916994
9781249917038
9781249917083
9781249917137
9781249917175
9781249917182
9781249917212
9781249917229
9781249917236
9781249917243
9781249917250
9781249917267
9781249917281
9781249917298
9781249917304
9781249917311
9781249917328
9781249917335
9781249917342
9781249917359
9781249917366
9781249917373
9781249917380
9781249917397
9781249917410
9781249917427
9781249917434
9781249917441
9781249917458
9781249917472
9781249917489
9781249917496
9781249917502
9781249917526
9781249917540
9781249917595
9781249917618
9781249917632
9781249917656
9781249917687
9781249917700
9781249917762
9781249917779
9781249917786
9781249917793
9781249917809
9781249917816
9781249917885
9781249917908
9781249917922
9781249917946
9781249917960
9781249917991
9781249918035
9781249918042
9781249918059
9781249918073
9781249918165
9781249918172
9781249918189
9781249918196
9781249918219
9781249918226
9781249918233
9781249918240
9781249918257
9781249918264
9781249918271
9781249918288
9781249918295
9781249918301
9781249918318
9781249918325
9781249918356
9781249918363
9781249918370
9781249918387
9781249918394
9781249918400
9781249918417
9781249918424
9781249918431
9781249918448
9781249918455
9781249918462
9781249918479
9781249918486
9781249918493
9781249918509
9781249918523
9781249918547
9781249918561
9781249918578
9781249918585
9781249918608
9781249918615
9781249918622
9781249918653
9781249918684
9781249918691
9781249918707
9781249918721
9781249918745
9781249918752
9781249918769
9781249918776
9781249918783
9781249918790
9781249918806
9781249918813
9781249918820
9781249918844
9781249918868
9781249918875
9781249918882
9781249918899
9781249918905
9781249918936
9781249918943
9781249918950
9781249918967
9781249918981
9781249919001
9781249919018
9781249919032
9781249919049
9781249919056
9781249919070
9781249919094
9781249919100
9781249919117
9781249919124
9781249919131
9781249919148
9781249919155
9781249919162
9781249919179
9781249919186
9781249919193
9781249919209
9781249919216
9781249919223
9781249919247
9781249919254
9781249919261
9781249919292
9781249919308
9781249919322
9781249919353
9781249919377
9781249919391
9781249919407
9781249919421
9781249919445
9781249919469
9781249919483
9781249919490
9781249919506
9781249919513
9781249919520
9781249919551
9781249919568
9781249919575
9781249919605
9781249919612
9781249919643
9781249919650
9781249919667
9781249919698
9781249919704
9781249919711
9781249919728
9781249919735
9781249919742
9781249919759
9781249919766
9781249919797
9781249919803
9781249919810
9781249919827
9781249919834
9781249919841
9781249919858
9781249919865
9781249919889
9781249919896
9781249919902
9781249919919
9781249919926
9781249919933
9781249919940
9781249919957
9781249919964
9781249919971
9781249919995
9781249920014
9781249920021
9781249920038
9781249920045
9781249920052
9781249920069
9781249920076
9781249920090
9781249920113
9781249920120
9781249920137
9781249920168
9781249920236
9781249920243
9781249920267
9781249920274
9781249920281
9781249920328
9781249920335
9781249920342
9781249920359
9781249920366
9781249920410
9781249920427
9781249920434
9781249920441
9781249920458
9781249920465
9781249920496
9781249920502
9781249920540
9781249920557
9781249920601
9781249920625
9781249920632
9781249920649
9781249920656
9781249920731
9781249920748
9781249920755
9781249920762
9781249920786
9781249920793
9781249920830
9781249920847
9781249920854
9781249920878
9781249920892
9781249920908
9781249920915
9781249920922
9781249920939
9781249920946
9781249920960
9781249920984
9781249921004
9781249921011
9781249921028
9781249921035
9781249921042
9781249921059
9781249921073
9781249921080
9781249921097
9781249921103
9781249921110
9781249921127
9781249921158
9781249921165
9781249921189
9781249921196
9781249921264
9781249921288
9781249921325
9781249921349
9781249921394
9781249921448
9781249921479
9781249921486
9781249921493
9781249921509
9781249921516
9781249921530
9781249921547
9781249921561
9781249921585
9781249921592
9781249921615
9781249921622
9781249921639
9781249921684
9781249921691
9781249921769
9781249921776
9781249921783
9781249921790
9781249921806
9781249921820
9781249921844
9781249921851
9781249921868
9781249921875
9781249921882
9781249921905
9781249921912
9781249921929
9781249921936
9781249921943
9781249921950
9781249921967
9781249921974
9781249921981
9781249921998
9781249922025
9781249922049
9781249922056
9781249922070
9781249922087
9781249922094
9781249922100
9781249922131
9781249922148
9781249922155
9781249922162
9781249922186
9781249922193
9781249922209
9781249922216
9781249922223
9781249922230
9781249922247
9781249922278
9781249922292
9781249922315
9781249922322
9781249922339
9781249922353
9781249922360
9781249922377
9781249922384
9781249922391
9781249922407
9781249922414
9781249922421
9781249922445
9781249922452
9781249922469
9781249922490
9781249922506
9781249922544
9781249922568
9781249922582
9781249922599
9781249922605
9781249922612
9781249922629
9781249922636
9781249922650
9781249922667
9781249922704
9781249922728
9781249922735
9781249922742
9781249922766
9781249922773
9781249922803
9781249922810
9781249922827
9781249922834
9781249922841
9781249922858
9781249922865
9781249922872
9781249922889
9781249922902
9781249922919
9781249922926
9781249922933
9781249922940
9781249922964
9781249922971
9781249922988
9781249922995
9781249923015
9781249923022
9781249923039
9781249923060
9781249923077
9781249923091
9781249923107
9781249923114
9781249923121
9781249923138
9781249923152
9781249923169
9781249923183
9781249923190
9781249923206
9781249923213
9781249923220
9781249923237
9781249923251
9781249923282
9781249923299
9781249923312
9781249923329
9781249923343
9781249923374
9781249923398
9781249923404
9781249923428
9781249923435
9781249923442
9781249923459
9781249923466
9781249923473
9781249923480
9781249923510
9781249923527
9781249923541
9781249923558
9781249923565
9781249923572
9781249923589
9781249923619
9781249923633
9781249923640
9781249923657
9781249923664
9781249923671
9781249923695
9781249923701
9781249923725
9781249923732
9781249923749
9781249923756
9781249923763
9781249923770
9781249923787
9781249923794
9781249923817
9781249923824
9781249923879
9781249923886
9781249923893
9781249923916
9781249923923
9781249923930
9781249923947
9781249923978
9781249923985
9781249923992
9781249924005
9781249924043
9781249924074
9781249924081
9781249924098
9781249924104
9781249924111
9781249924128
9781249924135
9781249924142
9781249924173
9781249924180
9781249924197
9781249924203
9781249924210
9781249924227
9781249924234
9781249924241
9781249924258
9781249924265
9781249924272
9781249924289
9781249924296
9781249924302
9781249924319
9781249924326
9781249924333
9781249924340
9781249924364
9781249924371
9781249924388
9781249924395
9781249924418
9781249924425
9781249924432
9781249924449
9781249924456
9781249924463
9781249924470
9781249924487
9781249924494
9781249924500
9781249924524
9781249924531
9781249924548
9781249924555
9781249924562
9781249924579
9781249924586
9781249924593
9781249924609
9781249924623
9781249924630
9781249924647
9781249924654
9781249924661
9781249924678
9781249924692
9781249924708
9781249924715
9781249924722
9781249924739
9781249924746
9781249924753
9781249924760
9781249924777
9781249924784
9781249924807
9781249924821
9781249924838
9781249924845
9781249924852
9781249924869
9781249924876
9781249924890
9781249924913
9781249924920
9781249924937
9781249924968
9781249924975
9781249924999
9781249925002
9781249925019
9781249925026
9781249925033
9781249925040
9781249925057
9781249925064
9781249925071
9781249925088
9781249925095
9781249925118
9781249925125
9781249925149
9781249925156
9781249925170
9781249925187
9781249925200
9781249925217
9781249925224
9781249925248
9781249925255
9781249925279
9781249925286
9781249925293
9781249925309
9781249925316
9781249925323
9781249925330
9781249925347
9781249925354
9781249925361
9781249925378
9781249925385
9781249925392
9781249925446
9781249925453
9781249925460
9781249925477
9781249925507
9781249925514
9781249925521
9781249925538
9781249925545
9781249925552
9781249925569
9781249925576
9781249925583
9781249925590
9781249925606
9781249925613
9781249925620
9781249925637
9781249925644
9781249925651
9781249925668
9781249925675
9781249925682
9781249925699
9781249925705
9781249925712
9781249925736
9781249925743
9781249925750
9781249925767
9781249925774
9781249925781
9781249925798
9781249925804
9781249925828
9781249925842
9781249925859
9781249925866
9781249925873
9781249925897
9781249925903
9781249925910
9781249925927
9781249925934
9781249925941
9781249925965
9781249925972
9781249926016
9781249926023
9781249926047
9781249926054
9781249926061
9781249926078
9781249926085
9781249926092
9781249926108
9781249926139
9781249926146
9781249926153
9781249926160
9781249926177
9781249926184
9781249926191
9781249926207
9781249926221
9781249926238
9781249926245
9781249926252
9781249926269
9781249926276
9781249926283
9781249926290
9781249926306
9781249926313
9781249926320
9781249926337
9781249926344
9781249926351
9781249926368
9781249926375
9781249926382
9781249926399
9781249926405
9781249926412
9781249926429
9781249926436
9781249926443
9781249926450
9781249926467
9781249926474
9781249926481
9781249926498
9781249926504
9781249926511
9781249926535
9781249926542
9781249926559
9781249926566
9781249926573
9781249926580
9781249926597
9781249926603
9781249926610
9781249926641
9781249926658
9781249926689
9781249926702
9781249926719
9781249926726
9781249926733
9781249926740
9781249926757
9781249926764
9781249926771
9781249926788
9781249926795
9781249926801
9781249926825
9781249926832
9781249926849
9781249926856
9781249926863
9781249926870
9781249926887
9781249926900
9781249926931
9781249926948
9781249926955
9781249926962
9781249926979
9781249926986
9781249926993
9781249927006
9781249927013
9781249927020
9781249927037
9781249927044
9781249927051
9781249927068
9781249927099
9781249927105
9781249927112
9781249927136
9781249927143
9781249927150
9781249927174
9781249927181
9781249927198
9781249927211
9781249927228
9781249927235
9781249927242
9781249927259
9781249927273
9781249927280
9781249927297
9781249927303
9781249927310
9781249927327
9781249927334
9781249927341
9781249927358
9781249927365
9781249927372
9781249927389
9781249927396
9781249927402
9781249927419
9781249927426
9781249927440
9781249927457
9781249927464
9781249927471
9781249927488
9781249927495
9781249927501
9781249927518
9781249927525
9781249927532
9781249927549
9781249927556
9781249927563
9781249927570
9781249927587
9781249927594
9781249927600
9781249927617
9781249927624
9781249927631
9781249927648
9781249927662
9781249927686
9781249927693
9781249927709
9781249927716
9781249927723
9781249927747
9781249927778
9781249927785
9781249927792
9781249927808
9781249927815
9781249927822
9781249927846
9781249927853
9781249927860
9781249927877
9781249927884
9781249927891
9781249927907
9781249927914
9781249927921
9781249927945
9781249927976
9781249927983
9781249927990
9781249928003
9781249928010
9781249928027
9781249928034
9781249928041
9781249928058
9781249928065
9781249928072
9781249928089
9781249928096
9781249928102
9781249928119
9781249928126
9781249928133
9781249928140
9781249928157
9781249928164
9781249928171
9781249928188
9781249928195
9781249928201
9781249928218
9781249928225
9781249928232
9781249928249
9781249928256
9781249928263
9781249928270
9781249928294
9781249928300
9781249928317
9781249928324
9781249928362
9781249928379
9781249928386
9781249928409
9781249928416
9781249928423
9781249928430
9781249928447
9781249928454
9781249928461
9781249928478
9781249928485
9781249928492
9781249928508
9781249928515
9781249928522
9781249928546
9781249928560
9781249928577
9781249928584
9781249928591
9781249928607
9781249928614
9781249928621
9781249928638
9781249928645
9781249928652
9781249928669
9781249928676
9781249928683
9781249928690
9781249928713
9781249928720
9781249928737
9781249928744
9781249928768
9781249928775
9781249928782
9781249928799
9781249928812
9781249928836
9781249928850
9781249928867
9781249928874
9781249928881
9781249928898
9781249928904
9781249928911
9781249928928
9781249928935
9781249928942
9781249928959
9781249928973
9781249928980
9781249928997
9781249929000
9781249929017
9781249929024
9781249929031
9781249929055
9781249929062
9781249929079
9781249929086
9781249929093
9781249929109
9781249929116
9781249929123
9781249929147
9781249929161
9781249929178
9781249929185
9781249929192
9781249929208
9781249929215
9781249929222
9781249929239
9781249929246
9781249929253
9781249929260
9781249929277
9781249929284
9781249929291
9781249929307
9781249929314
9781249929321
9781249929338
9781249929345
9781249929352
9781249929369
9781249929376
9781249929383
9781249929413
9781249929420
9781249929437
9781249929444
9781249929451
9781249929468
9781249929475
9781249929482
9781249929499
9781249929505
9781249929512
9781249929529
9781249929536
9781249929543
9781249929567
9781249929574
9781249929581
9781249929598
9781249929604
9781249929611
9781249929628
9781249929635
9781249929642
9781249929659
9781249929666
9781249929673
9781249929680
9781249929697
9781249929703
9781249929727
9781249929734
9781249929741
9781249929758
9781249929765
9781249929772
9781249929789
9781249929796
9781249929802
9781249929819
9781249929826
9781249929833
9781249929840
9781249929857
9781249929864
9781249929871
9781249929888
9781249929901
9781249929918
9781249929925
9781249929932
9781249929949
9781249929956
9781249929963
9781249929987
9781249930006
9781249930013
9781249930020
9781249930037
9781249930044
9781249930051
9781249930068
9781249930075
9781249930082
9781249930099
9781249930105
9781249930129
9781249930143
9781249930150
9781249930167
9781249930174
9781249930181
9781249930198
9781249930204
9781249930211
9781249930228
9781249930273
9781249930280
9781249930297
9781249930303
9781249930310
9781249930327
9781249930334
9781249930341
9781249930358
9781249930389
9781249930396
9781249930402
9781249930419
9781249930426
9781249930457
9781249930464
9781249930471
9781249930488
9781249930495
9781249930501
9781249930525
9781249930532
9781249930556
9781249930570
9781249930587
9781249930600
9781249930617
9781249930648
9781249930662
9781249930679
9781249930693
9781249930709
9781249930716
9781249930723
9781249930730
9781249930747
9781249930754
9781249930778
9781249930785
9781249930808
9781249930815
9781249930839
9781249930846
9781249930853
9781249930884
9781249930891
9781249930914
9781249930921
9781249930938
9781249930945
9781249930969
9781249930976
9781249930983
9781249930990
9781249931003
9781249931010
9781249931034
9781249931041
9781249931058
9781249931096
9781249931102
9781249931119
9781249931164
9781249931188
9781249931195
9781249931201
9781249931218
9781249931225
9781249931249
9781249931256
9781249931263
9781249931287
9781249931294
9781249931300
9781249931317
9781249931324
9781249931331
9781249931379
9781249931393
9781249931409
9781249931423
9781249931478
9781249931485
9781249931492
9781249931508
9781249931515
9781249931522
9781249931539
9781249931546
9781249931553
9781249931560
9781249931577
9781249931591
9781249931607
9781249931614
9781249931621
9781249931638
9781249931645
9781249931652
9781249931669
9781249931676
9781249931683
9781249931690
9781249931706
9781249931720
9781249931751
9781249931782
9781249931799
9781249931805
9781249931812
9781249931829
9781249931850
9781249931867
9781249931881
9781249931898
9781249931911
9781249931928
9781249931959
9781249931966
9781249931973
9781249931997
9781249932017
9781249932055
9781249932062
9781249932079
9781249932086
9781249932093
9781249932109
9781249932161
9781249932178
9781249932192
9781249932215
9781249932222
9781249932239
9781249932246
9781249932253
9781249932260
9781249932277
9781249932284
9781249932314
9781249932321
9781249932338
9781249932352
9781249932369
9781249932376
9781249932383
9781249932390
9781249932406
9781249932413
9781249932420
9781249932437
9781249932444
9781249932499
9781249932529
9781249932536
9781249932543
9781249932567
9781249932574
9781249932598
9781249932604
9781249932628
9781249932635
9781249932642
9781249932659
9781249932666
9781249932710
9781249932727
9781249932758
9781249932765
9781249932772
9781249932789
9781249932796
9781249932802
9781249932819
9781249932826
9781249932840
9781249932857
9781249932864
9781249932871
9781249932888
9781249932895
9781249932918
9781249932925
9781249932949
9781249932970
9781249932987
9781249932994
9781249933007
9781249933014
9781249933052
9781249933083
9781249933090
9781249933120
9781249933144
9781249933151
9781249933168
9781249933175
9781249933182
9781249933199
9781249933205
9781249933212
9781249933229
9781249933236
9781249933243
9781249933250
9781249933267
9781249933274
9781249933281
9781249933298
9781249933328
9781249933335
9781249933342
9781249933366
9781249933373
9781249933380
9781249933397
9781249933403
9781249933410
9781249933441
9781249933458
9781249933465
9781249933472
9781249933496
9781249933502
9781249933519
9781249933533
9781249933540
9781249933557
9781249933564
9781249933571
9781249933601
9781249933618
9781249933632
9781249933649
9781249933656
9781249933670
9781249933687
9781249933694
9781249933700
9781249933717
9781249933724
9781249933731
9781249933748
9781249933755
9781249933786
9781249933809
9781249933816
9781249933823
9781249933830
9781249933847
9781249933854
9781249933861
9781249933878
9781249933885
9781249933908
9781249933915
9781249933922
9781249933939
9781249933946
9781249933953
9781249933960
9781249933977
9781249933984
9781249933991
9781249934004
9781249934011
9781249934035
9781249934042
9781249934059
9781249934066
9781249934073
9781249934080
9781249934097
9781249934103
9781249934141
9781249934158
9781249934165
9781249934172
9781249934196
9781249934202
9781249934219
9781249934233
9781249934240
9781249934257
9781249934271
9781249934288
9781249934332
9781249934349
9781249934363
9781249934370
9781249934387
9781249934394
9781249934400
9781249934417
9781249934431
9781249934448
9781249934455
9781249934462
9781249934479
9781249934486
9781249934509
9781249934516
9781249934523
9781249934530
9781249934547
9781249934578
9781249934585
9781249934592
9781249934608
9781249934615
9781249934639
9781249934646
9781249934653
9781249934677
9781249934684
9781249934691
9781249934707
9781249934714
9781249934721
9781249934738
9781249934769
9781249934783
9781249934790
9781249934806
9781249934813
9781249934820
9781249934837
9781249934844
9781249934851
9781249934868
9781249934875
9781249934882
9781249934899
9781249934905
9781249934912
9781249934929
9781249934936
9781249934943
9781249934967
9781249934981
9781249934998
9781249935001
9781249935018
9781249935025
9781249935032
9781249935049
9781249935056
9781249935063
9781249935070
9781249935100
9781249935117
9781249935124
9781249935155
9781249935162
9781249935179
9781249935193
9781249935209
9781249935216
9781249935230
9781249935254
9781249935261
9781249935285
9781249935292
9781249935308
9781249935315
9781249935322
9781249935346
9781249935353
9781249935360
9781249935391
9781249935407
9781249935414
9781249935452
9781249935469
9781249935476
9781249935483
9781249935506
9781249935513
9781249935520
9781249935551
9781249935568
9781249935575
9781249935582
9781249935599
9781249935605
9781249935612
9781249935629
9781249935636
9781249935650
9781249935674
9781249935711
9781249935728
9781249935742
9781249935766
9781249935773
9781249935780
9781249935797
9781249935803
9781249935827
9781249935834
9781249935841
9781249935858
9781249935865
9781249935872
9781249935889
9781249935902
9781249935919
9781249935926
9781249935933
9781249935940
9781249935957
9781249935964
9781249935971
9781249935995
9781249936008
9781249936046
9781249936053
9781249936060
9781249936077
9781249936084
9781249936114
9781249936121
9781249936138
9781249936145
9781249936169
9781249936176
9781249936190
9781249936206
9781249936213
9781249936220
9781249936237
9781249936244
9781249936268
9781249936275
9781249936282
9781249936299
9781249936312
9781249936343
9781249936367
9781249936374
9781249936381
9781249936398
9781249936404
9781249936411
9781249936428
9781249936442
9781249936459
9781249936466
9781249936497
9781249936503
9781249936510
9781249936527
9781249936534
9781249936541
9781249936565
9781249936572
9781249936589
9781249936596
9781249936602
9781249936619
9781249936626
9781249936633
9781249936640
9781249936657
9781249936664
9781249936688
9781249936695
9781249936701
9781249936732
9781249936749
9781249936756
9781249936763
9781249936770
9781249936787
9781249936824
9781249936831
9781249936848
9781249936855
9781249936862
9781249936886
9781249936909
9781249936916
9781249936930
9781249936947
9781249936954
9781249936961
9781249936985
9781249936992
9781249937029
9781249937050
9781249937074
9781249937081
9781249937098
9781249937111
9781249937135
9781249937166
9781249937173
9781249937203
9781249937210
9781249937227
9781249937234
9781249937272
9781249937289
9781249937296
9781249937302
9781249937326
9781249937333
9781249937357
9781249937364
9781249937371
9781249937388
9781249937395
9781249937401
9781249937418
9781249937425
9781249937432
9781249937449
9781249937456
9781249937463
9781249937470
9781249937487
9781249937500
9781249937517
9781249937524
9781249937531
9781249937548
9781249937555
9781249937562
9781249937579
9781249937593
9781249937609
9781249937616
9781249937623
9781249937630
9781249937647
9781249937654
9781249937661
9781249937678
9781249937692
9781249937708
9781249937715
9781249937722
9781249937746
9781249937753
9781249937760
9781249937784
9781249937791
9781249937807
9781249937814
9781249937821
9781249937838
9781249937845
9781249937852
9781249937876
9781249937883
9781249937890
9781249937906
9781249937944
9781249937951
9781249937968
9781249937975
9781249937982
9781249937999
9781249938019
9781249938026
9781249938033
9781249938040
9781249938057
9781249938071
9781249938088
9781249938095
9781249938101
9781249938118
9781249938125
9781249938132
9781249938149
9781249938156
9781249938163
9781249938170
9781249938187
9781249938194
9781249938200
9781249938217
9781249938224
9781249938231
9781249938248
9781249938255
9781249938262
9781249938279
9781249938286
9781249938293
9781249938309
9781249938316
9781249938323
9781249938330
9781249938347
9781249938354
9781249938361
9781249938378
9781249938385
9781249938392
9781249938408
9781249938415
9781249938422
9781249938439
9781249938446
9781249938453
9781249938460
9781249938477
9781249938491
9781249938507
9781249938521
9781249938538
9781249938545
9781249938552
9781249938569
9781249938576
9781249938583
9781249938590
9781249938606
9781249938613
9781249938620
9781249938651
9781249938668
9781249938675
9781249938699
9781249938705
9781249938712
9781249938743
9781249938767
9781249938774
9781249938781
9781249938798
9781249938804
9781249938811
9781249938828
9781249938835
9781249938842
9781249938859
9781249938866
9781249938873
9781249938880
9781249938903
9781249938910
9781249938927
9781249938934
9781249938941
9781249938972
9781249938989
9781249939009
9781249939016
9781249939023
9781249939047
9781249939054
9781249939061
9781249939085
9781249939108
9781249939115
9781249939122
9781249939146
9781249939153
9781249939177
9781249939191
9781249939207
9781249939214
9781249939221
9781249939238
9781249939245
9781249939252
9781249939269
9781249939276
9781249939283
9781249939290
9781249939306
9781249939313
9781249939320
9781249939337
9781249939344
9781249939351
9781249939368
9781249939375
9781249939382
9781249939399
9781249939405
9781249939412
9781249939429
9781249939436
9781249939443
9781249939450
9781249939467
9781249939474
9781249939481
9781249939498
9781249939504
9781249939511
9781249939528
9781249939535
9781249939542
9781249939559
9781249939566
9781249939580
9781249939597
9781249939603
9781249939610
9781249939627
9781249939634
9781249939641
9781249939658
9781249939665
9781249939672
9781249939689
9781249939696
9781249939719
9781249939726
9781249939733
9781249939740
9781249939757
9781249939764
9781249939771
9781249939788
9781249939795
9781249939801
9781249939818
9781249939825
9781249939832
9781249939887
9781249939894
9781249939900
9781249939917
9781249939931
9781249939948
9781249939955
9781249939962
9781249939979
9781249939986
9781249939993
9781249940005
9781249940029
9781249940036
9781249940043
9781249940050
9781249940067
9781249940074
9781249940081
9781249940098
9781249940104
9781249940111
9781249940128
9781249940166
9781249940173
9781249940180
9781249940203
9781249940210
9781249940227
9781249940234
9781249940241
9781249940258
9781249940265
9781249940272
9781249940289
9781249940302
9781249940319
9781249940326
9781249940333
9781249940340
9781249940357
9781249940364
9781249940371
9781249940388
9781249940395
9781249940401
9781249940418
9781249940425
9781249940432
9781249940449
9781249940463
9781249940470
9781249940487
9781249940500
9781249940517
9781249940531
9781249940548
9781249940562
9781249940579
9781249940586
9781249940593
9781249940609
9781249940616
9781249940623
9781249940630
9781249940647
9781249940654
9781249940661
9781249940685
9781249940708
9781249940715
9781249940722
9781249940746
9781249940753
9781249940760
9781249940777
9781249940784
9781249940791
9781249940807
9781249940814
9781249940821
9781249940838
9781249940845
9781249940852
9781249940869
9781249940876
9781249940883
9781249940890
9781249940906
9781249940913
9781249940920
9781249940937
9781249940944
9781249940951
9781249940975
9781249940982
9781249940999
9781249941002
9781249941019
9781249941026
9781249941040
9781249941064
9781249941071
9781249941088
9781249941101
9781249941118
9781249941125
9781249941132
9781249941149
9781249941156
9781249941170
9781249941187
9781249941194
9781249941200
9781249941224
9781249941231
9781249941248
9781249941255
9781249941262
9781249941279
9781249941293
9781249941309
9781249941316
9781249941323
9781249941330
9781249941347
9781249941354
9781249941361
9781249941385
9781249941392
9781249941408
9781249941415
9781249941422
9781249941439
9781249941446
9781249941453
9781249941460
9781249941477
9781249941484
9781249941491
9781249941507
9781249941514
9781249941521
9781249941538
9781249941545
9781249941552
9781249941569
9781249941583
9781249941606
9781249941613
9781249941637
9781249941644
9781249941651
9781249941668
9781249941675
9781249941682
9781249941705
9781249941712
9781249941729
9781249941736
9781249941743
9781249941767
9781249941774
9781249941781
9781249941798
9781249941804
9781249941811
9781249941828
9781249941842
9781249941866
9781249941873
9781249941880
9781249941897
9781249941927
9781249941934
9781249941958
9781249941965
9781249941972
9781249941989
9781249941996
9781249942009
9781249942016
9781249942023
9781249942030
9781249942047
9781249942054
9781249942078
9781249942085
9781249942092
9781249942108
9781249942115
9781249942122
9781249942139
9781249942153
9781249942160
9781249942177
9781249942184
9781249942191
9781249942207
9781249942214
9781249942238
9781249942252
9781249942269
9781249942276
9781249942283
9781249942290
9781249942306
9781249942313
9781249942337
9781249942344
9781249942351
9781249942368
9781249942375
9781249942382
9781249942429
9781249942436
9781249942443
9781249942450
9781249942467
9781249942474
9781249942498
9781249942504
9781249942511
9781249942528
9781249942535
9781249942542
9781249942559
9781249942566
9781249942573
9781249942580
9781249942603
9781249942610
9781249942627
9781249942658
9781249942665
9781249942672
9781249942689
9781249942696
9781249942702
9781249942719
9781249942726
9781249942733
9781249942740
9781249942757
9781249942771
9781249942788
9781249942795
9781249942818
9781249942825
9781249942832
9781249942849
9781249942856
9781249942863
9781249942870
9781249942887
9781249942894
9781249942917
9781249942924
9781249942931
9781249942948
9781249942955
9781249942962
9781249942979
9781249942986
9781249942993
9781249943006
9781249943020
9781249943037
9781249943044
9781249943068
9781249943082
9781249943099
9781249943105
9781249943112
9781249943129
9781249943136
9781249943143
9781249943150
9781249943167
9781249943174
9781249943198
9781249943204
9781249943211
9781249943228
9781249943235
9781249943242
9781249943259
9781249943266
9781249943273
9781249943280
9781249943297
9781249943303
9781249943310
9781249943327
9781249943334
9781249943341
9781249943358
9781249943365
9781249943372
9781249943389
9781249943396
9781249943402
9781249943419
9781249943433
9781249943440
9781249943471
9781249943488
9781249943495
9781249943501
9781249943518
9781249943525
9781249943532
9781249943556
9781249943563
9781249943570
9781249943587
9781249943600
9781249943624
9781249943655
9781249943662
9781249943686
9781249943693
9781249943709
9781249943716
9781249943723
9781249943730
9781249943747
9781249943792
9781249943808
9781249943815
9781249943822
9781249943846
9781249943853
9781249943860
9781249943877
9781249943884
9781249943891
9781249943907
9781249943921
9781249943945
9781249943952
9781249943969
9781249943976
9781249943990
9781249944003
9781249944027
9781249944034
9781249944041
9781249944058
9781249944065
9781249944089
9781249944096
9781249944119
9781249944133
9781249944157
9781249944164
9781249944171
9781249944188
9781249944195
9781249944201
9781249944218
9781249944225
9781249944232
9781249944249
9781249944263
9781249944270
9781249944294
9781249944300
9781249944324
9781249944348
9781249944355
9781249944362
9781249944386
9781249944393
9781249944409
9781249944416
9781249944423
9781249944430
9781249944447
9781249944454
9781249944461
9781249944478
9781249944485
9781249944492
9781249944508
9781249944515
9781249944522
9781249944539
9781249944546
9781249944577
9781249944584
9781249944591
9781249944607
9781249944614
9781249944621
9781249944638
9781249944645
9781249944652
9781249944669
9781249944676
9781249944690
9781249944706
9781249944713
9781249944775
9781249944799
9781249944805
9781249944812
9781249944829
9781249944836
9781249944843
9781249944850
9781249944867
9781249944881
9781249944898
9781249944904
9781249944928
9781249944935
9781249944959
9781249944966
9781249944973
9781249944980
9781249945000
9781249945017
9781249945024
9781249945048
9781249945055
9781249945062
9781249945079
9781249945093
9781249945116
9781249945123
9781249945130
9781249945147
9781249945154
9781249945192
9781249945208
9781249945215
9781249945222
9781249945239
9781249945246
9781249945253
9781249945277
9781249945284
9781249945291
9781249945307
9781249945314
9781249945321
9781249945338
9781249945345
9781249945352
9781249945369
9781249945376
9781249945383
9781249945390
9781249945406
9781249945420
9781249945444
9781249945468
9781249945475
9781249945482
9781249945505
9781249945529
9781249945536
9781249945543
9781249945550
9781249945567
9781249945581
9781249945598
9781249945604
9781249945611
9781249945635
9781249945642
9781249945666
9781249945673
9781249945697
9781249945703
9781249945710
9781249945727
9781249945734
9781249945741
9781249945765
9781249945772
9781249945789
9781249945796
9781249945802
9781249945819
9781249945826
9781249945833
9781249945840
9781249945857
9781249945864
9781249945888
9781249945901
9781249945918
9781249945932
9781249945949
9781249945956
9781249945963
9781249945970
9781249945987
9781249945994
9781249946007
9781249946038
9781249946045
9781249946069
9781249946083
9781249946090
9781249946113
9781249946137
9781249946144
9781249946151
9781249946175
9781249946182
9781249946199
9781249946212
9781249946243
9781249946250
9781249946267
9781249946274
9781249946281
9781249946298
9781249946304
9781249946311
9781249946335
9781249946342
9781249946366
9781249946380
9781249946397
9781249946403
9781249946410
9781249946427
9781249946434
9781249946441
9781249946465
9781249946489
9781249946502
9781249946519
9781249946526
9781249946540
9781249946557
9781249946564
9781249946571
9781249946588
9781249946595
9781249946618
9781249946625
9781249946649
9781249946656
9781249946663
9781249946670
9781249946687
9781249946694
9781249946700
9781249946717
9781249946724
9781249946748
9781249946755
9781249946762
9781249946779
9781249946786
9781249946793
9781249946823
9781249946830
9781249946854
9781249946861
9781249946878
9781249946885
9781249946892
9781249946908
9781249946915
9781249946922
9781249946939
9781249946946
9781249946960
9781249946977
9781249946984
9781249947004
9781249947011
9781249947028
9781249947042
9781249947066
9781249947073
9781249947080
9781249947103
9781249947110
9781249947127
9781249947134
9781249947141
9781249947158
9781249947165
9781249947172
9781249947189
9781249947196
9781249947219
9781249947226
9781249947233
9781249947240
9781249947257
9781249947264
9781249947288
9781249947318
9781249947325
9781249947332
9781249947349
9781249947370
9781249947387
9781249947394
9781249947400
9781249947417
9781249947424
9781249947448
9781249947455
9781249947479
9781249947486
9781249947493
9781249947509
9781249947516
9781249947530
9781249947547
9781249947554
9781249947561
9781249947578
9781249947592
9781249947608
9781249947615
9781249947622
9781249947639
9781249947646
9781249947653
9781249947660
9781249947677
9781249947684
9781249947691
9781249947707
9781249947714
9781249947721
9781249947738
9781249947745
9781249947769
9781249947776
9781249947783
9781249947806
9781249947813
9781249947820
9781249947837
9781249947844
9781249947868
9781249947875
9781249947899
9781249947912
9781249947929
9781249947936
9781249947943
9781249947950
9781249947974
9781249947981
9781249947998
9781249948001
9781249948018
9781249948025
9781249948032
9781249948049
9781249948056
9781249948063
9781249948087
9781249948117
9781249948124
9781249948131
9781249948148
9781249948155
9781249948179
9781249948186
9781249948193
9781249948230
9781249948247
9781249948254
9781249948278
9781249948308
9781249948315
9781249948322
9781249948339
9781249948346
9781249948353
9781249948360
9781249948377
9781249948421
9781249948438
9781249948445
9781249948452
9781249948490
9781249948513
9781249948575
9781249948582
9781249948599
9781249948605
9781249948612
9781249948636
9781249948643
9781249948650
9781249948667
9781249948674
9781249948681
9781249948698
9781249948711
9781249948735
9781249948766
9781249948773
9781249948797
9781249948803
9781249948810
9781249948827
9781249948841
9781249948858
9781249948872
9781249948896
9781249948902
9781249948919
9781249948940
9781249948957
9781249948964
9781249948988
9781249948995
9781249949008
9781249949015
9781249949022
9781249949039
9781249949084
9781249949091
9781249949107
9781249949121
9781249949138
9781249949145
9781249949152
9781249949169
9781249949183
9781249949206
9781249949220
9781249949244
9781249949251
9781249949275
9781249949299
9781249949336
9781249949350
9781249949367
9781249949381
9781249949398
9781249949404
9781249949411
9781249949435
9781249949459
9781249949466
9781249949473
9781249949480
9781249949497
9781249949510
9781249949527
9781249949534
9781249949558
9781249949565
9781249949572
9781249949589
9781249949596
9781249949602
9781249949619
9781249949626
9781249949633
9781249949657
9781249949664
9781249949671
9781249949688
9781249949695
9781249949701
9781249949718
9781249949732
9781249949749
9781249949756
9781249949763
9781249949770
9781249949787
9781249949800
9781249949824
9781249949831
9781249949848
9781249949855
9781249949886
9781249949923
9781249949930
9781249949978
9781249949985
9781249949992
9781249950004
9781249950028
9781249950035
9781249950042
9781249950059
9781249950066
9781249950073
9781249950080
9781249950097
9781249950103
9781249950110
9781249950127
9781249950141
9781249950158
9781249950165
9781249950189
9781249950196
9781249950202
9781249950219
9781249950233
9781249950240
9781249950264
9781249950271
9781249950301
9781249950325
9781249950332
9781249950349
9781249950356
9781249950363
9781249950370
9781249950387
9781249950424
9781249950431
9781249950448
9781249950455
9781249950462
9781249950479
9781249950493
9781249950516
9781249950530
9781249950547
9781249950578
9781249950585
9781249950592
9781249950615
9781249950622
9781249950639
9781249950660
9781249950677
9781249950691
9781249950714
9781249950721
9781249950738
9781249950783
9781249950806
9781249950813
9781249950820
9781249950837
9781249950868
9781249950875
9781249950882
9781249950905
9781249950912
9781249950936
9781249950943
9781249950950
9781249950967
9781249950974
9781249950981
9781249951001
9781249951025
9781249951049
9781249951070
9781249951087
9781249951094
9781249951100
9781249951131
9781249951148
9781249951155
9781249951162
9781249951179
9781249951193
9781249951209
9781249951216
9781249951223
9781249951247
9781249951261
9781249951278
9781249951285
9781249951292
9781249951315
9781249951322
9781249951339
9781249951346
9781249951353
9781249951360
9781249951377
9781249951384
9781249951391
9781249951407
9781249951414
9781249951438
9781249951452
9781249951469
9781249951476
9781249951483
9781249951490
9781249951513
9781249951520
9781249951537
9781249951544
9781249951551
9781249951568
9781249951575
9781249951582
9781249951599
9781249951605
9781249951612
9781249951629
9781249951636
9781249951643
9781249951650
9781249951667
9781249951674
9781249951681
9781249951698
9781249951704
9781249951711
9781249951728
9781249951735
9781249951742
9781249951759
9781249951773
9781249951780
9781249951797
9781249951810
9781249951827
9781249951834
9781249951841
9781249951858
9781249951865
9781249951872
9781249951889
9781249951896
9781249951919
9781249951933
9781249951940
9781249951957
9781249951964
9781249951971
9781249951988
9781249951995
9781249952008
9781249952015
9781249952022
9781249952039
9781249952053
9781249952060
9781249952077
9781249952084
9781249952091
9781249952107
9781249952114
9781249952121
9781249952138
9781249952145
9781249952169
9781249952176
9781249952183
9781249952190
9781249952206
9781249952213
9781249952220
9781249952237
9781249952244
9781249952251
9781249952268
9781249952275
9781249952282
9781249952299
9781249952305
9781249952312
9781249952329
9781249952336
9781249952343
9781249952350
9781249952367
9781249952374
9781249952381
9781249952398
9781249952404
9781249952411
9781249952428
9781249952442
9781249952473
9781249952480
9781249952503
9781249952527
9781249952534
9781249952541
9781249952558
9781249952572
9781249952589
9781249952596
9781249952602
9781249952619
9781249952626
9781249952640
9781249952664
9781249952695
9781249952701
9781249952718
9781249952725
9781249952732
9781249952749
9781249952756
9781249952770
9781249952787
9781249952794
9781249952800
9781249952817
9781249952824
9781249952848
9781249952855
9781249952862
9781249952879
9781249952909
9781249952916
9781249952923
9781249952930
9781249952947
9781249952954
9781249952961
9781249952978
9781249952985
9781249953005
9781249953012
9781249953029
9781249953036
9781249953043
9781249953067
9781249953074
9781249953081
9781249953098
9781249953104
9781249953111
9781249953128
9781249953142
9781249953159
9781249953166
9781249953173
9781249953180
9781249953197
9781249953203
9781249953210
9781249953227
9781249953234
9781249953241
9781249953258
9781249953272
9781249953289
9781249953296
9781249953302
9781249953319
9781249953326
9781249953333
9781249953340
9781249953357
9781249953364
9781249953371
9781249953395
9781249953401
9781249953418
9781249953425
9781249953432
9781249953456
9781249953463
9781249953470
9781249953494
9781249953500
9781249953517
9781249953524
9781249953548
9781249953555
9781249953562
9781249953579
9781249953586
9781249953593
9781249953609
9781249953623
9781249953647
9781249953654
9781249953661
9781249953678
9781249953685
9781249953692
9781249953708
9781249953715
9781249953722
9781249953739
9781249953746
9781249953753
9781249953760
9781249953777
9781249953784
9781249953791
9781249953807
9781249953814
9781249953821
9781249953838
9781249953852
9781249953869
9781249953876
9781249953883
9781249953890
9781249953906
9781249953913
9781249953920
9781249953937
9781249953944
9781249953951
9781249953968
9781249953975
9781249953982
9781249953999
9781249954002
9781249954019
9781249954040
9781249954057
9781249954064
9781249954088
9781249954095
9781249954118
9781249954125
9781249954132
9781249954156
9781249954163
9781249954170
9781249954194
9781249954200
9781249954217
9781249954224
9781249954231
9781249954248
9781249954255
9781249954262
9781249954279
9781249954286
9781249954293
9781249954309
9781249954316
9781249954323
9781249954330
9781249954354
9781249954361
9781249954378
9781249954385
9781249954392
9781249954408
9781249954415
9781249954422
9781249954439
9781249954446
9781249954453
9781249954460
9781249954477
9781249954484
9781249954507
9781249954514
9781249954521
9781249954538
9781249954552
9781249954569
9781249954583
9781249954590
9781249954606
9781249954620
9781249954637
9781249954668
9781249954675
9781249954682
9781249954699
9781249954705
9781249954729
9781249954736
9781249954743
9781249954750
9781249954767
9781249954781
9781249954798
9781249954804
9781249954811
9781249954828
9781249954835
9781249954842
9781249954859
9781249954866
9781249954873
9781249954880
9781249954897
9781249954910
9781249954927
9781249954934
9781249954941
9781249954958
9781249954965
9781249954989
9781249954996
9781249955009
9781249955016
9781249955023
9781249955047
9781249955054
9781249955061
9781249955092
9781249955108
9781249955115
9781249955122
9781249955139
9781249955146
9781249955153
9781249955160
9781249955191
9781249955207
9781249955214
9781249955221
9781249955238
9781249955245
9781249955252
9781249955269
9781249955276
9781249955283
9781249955290
9781249955306
9781249955313
9781249955320
9781249955337
9781249955344
9781249955351
9781249955368
9781249955375
9781249955382
9781249955399
9781249955412
9781249955429
9781249955436
9781249955443
9781249955450
9781249955474
9781249955481
9781249955498
9781249955504
9781249955511
9781249955528
9781249955535
9781249955542
9781249955559
9781249955573
9781249955580
9781249955597
9781249955603
9781249955610
9781249955627
9781249955641
9781249955658
9781249955665
9781249955672
9781249955689
9781249955696
9781249955702
9781249955719
9781249955733
9781249955757
9781249955764
9781249955788
9781249955795
9781249955818
9781249955825
9781249955849
9781249955856
9781249955863
9781249955870
9781249955887
9781249955894
9781249955900
9781249955917
9781249955924
9781249955931
9781249955948
9781249955955
9781249955979
9781249955986
9781249955993
9781249956006
9781249956013
9781249956020
9781249956037
9781249956044
9781249956051
9781249956068
9781249956075
9781249956082
9781249956099
9781249956105
9781249956112
9781249956129
9781249956136
9781249956143
9781249956150
9781249956167
9781249956174
9781249956181
9781249956198
9781249956204
9781249956228
9781249956235
9781249956242
9781249956259
9781249956266
9781249956273
9781249956280
9781249956297
9781249956303
9781249956310
9781249956327
9781249956334
9781249956341
9781249956358
9781249956365
9781249956372
9781249956389
9781249956396
9781249956402
9781249956419
9781249956426
9781249956433
9781249956440
9781249956457
9781249956464
9781249956471
9781249956488
9781249956495
9781249956518
9781249956525
9781249956532
9781249956556
9781249956563
9781249956570
9781249956587
9781249956594
9781249956600
9781249956617
9781249956624
9781249956631
9781249956648
9781249956655
9781249956662
9781249956709
9781249956716
9781249956723
9781249956730
9781249956747
9781249956754
9781249956785
9781249956792
9781249956808
9781249956815
9781249956839
9781249956846
9781249956853
9781249956860
9781249956877
9781249956884
9781249956891
9781249956907
9781249956914
9781249956921
9781249956938
9781249956945
9781249956952
9781249956969
9781249956976
9781249956983
9781249957003
9781249957010
9781249957027
9781249957034
9781249957041
9781249957058
9781249957065
9781249957072
9781249957096
9781249957102
9781249957119
9781249957126
9781249957133
9781249957140
9781249957157
9781249957164
9781249957171
9781249957188
9781249957195
9781249957218
9781249957225
9781249957232
9781249957249
9781249957256
9781249957263
9781249957287
9781249957294
9781249957300
9781249957317
9781249957324
9781249957331
9781249957355
9781249957379
9781249957393
9781249957409
9781249957423
9781249957430
9781249957447
9781249957454
9781249957461
9781249957478
9781249957485
9781249957492
9781249957508
9781249957515
9781249957522
9781249957539
9781249957553
9781249957560
9781249957577
9781249957584
9781249957591
9781249957607
9781249957614
9781249957621
9781249957645
9781249957669
9781249957676
9781249957690
9781249957706
9781249957720
9781249957737
9781249957744
9781249957751
9781249957768
9781249957775
9781249957782
9781249957799
9781249957812
9781249957836
9781249957843
9781249957867
9781249957881
9781249957904
9781249957911
9781249957928
9781249957942
9781249957959
9781249957966
9781249957973
9781249957980
9781249957997
9781249958000
9781249958017
9781249958024
9781249958031
9781249958048
9781249958055
9781249958062
9781249958079
9781249958086
9781249958093
9781249958116
9781249958123
9781249958178
9781249958185
9781249958192
9781249958222
9781249958239
9781249958253
9781249958260
9781249958277
9781249958284
9781249958291
9781249958307
9781249958314
9781249958338
9781249958345
9781249958352
9781249958369
9781249958376
9781249958383
9781249958406
9781249958413
9781249958420
9781249958437
9781249958444
9781249958451
9781249958468
9781249958482
9781249958499
9781249958505
9781249958529
9781249958536
9781249958543
9781249958550
9781249958581
9781249958598
9781249958604
9781249958635
9781249958642
9781249958659
9781249958666
9781249958673
9781249958680
9781249958703
9781249958727
9781249958734
9781249958741
9781249958789
9781249958826
9781249958833
9781249958840
9781249958857
9781249958864
9781249958871
9781249958901
9781249958925
9781249958932
9781249958949
9781249958956
9781249958963
9781249958970
9781249958994
9781249959007
9781249959014
9781249959021
9781249959038
9781249959045
9781249959052
9781249959069
9781249959076
9781249959083
9781249959090
9781249959106
9781249959144
9781249959151
9781249959168
9781249959175
9781249959199
9781249959205
9781249959212
9781249959229
9781249959236
9781249959243
9781249959250
9781249959267
9781249959304
9781249959328
9781249959335
9781249959342
9781249959359
9781249959366
9781249959380
9781249959403
9781249959427
9781249959434
9781249959441
9781249959465
9781249959472
9781249959496
9781249959502
9781249959519
9781249959526
9781249959533
9781249959540
9781249959557
9781249959564
9781249959595
9781249959618
9781249959625
9781249959649
9781249959663
9781249959670
9781249959687
9781249959700
9781249959717
9781249959724
9781249959748
9781249959762
9781249959779
9781249959786
9781249959793
9781249959816
9781249959830
9781249959847
9781249959878
9781249959908
9781249959915
9781249959922
9781249959946
9781249959960
9781249959977
9781249959984
9781249960010
9781249960027
9781249960034
9781249960058
9781249960065
9781249960072
9781249960102
9781249960119
9781249960126
9781249960133
9781249960140
9781249960164
9781249960171
9781249960195
9781249960201
9781249960218
9781249960225
9781249960232
9781249960249
9781249960256
9781249960263
9781249960287
9781249960294
9781249960300
9781249960324
9781249960331
9781249960348
9781249960355
9781249960362
9781249960379
9781249960386
9781249960393
9781249960409
9781249960416
9781249960430
9781249960447
9781249960454
9781249960461
9781249960485
9781249960492
9781249960515
9781249960522
9781249960546
9781249960560
9781249960577
9781249960584
9781249960591
9781249960607
9781249960614
9781249960621
9781249960638
9781249960645
9781249960669
9781249960683
9781249960706
9781249960713
9781249960720
9781249960737
9781249960744
9781249960751
9781249960768
9781249960775
9781249960805
9781249960812
9781249960829
9781249960836
9781249960843
9781249960850
9781249960867
9781249960874
9781249960898
9781249960904
9781249960911
9781249960935
9781249960942
9781249960959
9781249960966
9781249960973
9781249960980
9781249960997
9781249961000
9781249961024
9781249961031
9781249961048
9781249961055
9781249961062
9781249961079
9781249961086
9781249961093
9781249961109
9781249961116
9781249961123
9781249961130
9781249961154
9781249961161
9781249961178
9781249961185
9781249961192
9781249961208
9781249961215
9781249961222
9781249961239
9781249961246
9781249961253
9781249961260
9781249961284
9781249961291
9781249961307
9781249961321
9781249961338
9781249961369
9781249961376
9781249961383
9781249961406
9781249961437
9781249961444
9781249961451
9781249961468
9781249961482
9781249961536
9781249961543
9781249961567
9781249961574
9781249961581
9781249961611
9781249961628
9781249961635
9781249961642
9781249961666
9781249961673
9781249961697
9781249961703
9781249961710
9781249961727
9781249961734
9781249961741
9781249961758
9781249961772
9781249961796
9781249961802
9781249961819
9781249961826
9781249961840
9781249961857
9781249961864
9781249961888
9781249961895
9781249961901
9781249961925
9781249961932
9781249961949
9781249961956
9781249961963
9781249961970
9781249961987
9781249961994
9781249962007
9781249962014
9781249962045
9781249962090
9781249962144
9781249962151
9781249962175
9781249962199
9781249962212
9781249962229
9781249962236
9781249962243
9781249962267
9781249962274
9781249962281
9781249962298
9781249962304
9781249962311
9781249962328
9781249962335
9781249962359
9781249962366
9781249962373
9781249962403
9781249962427
9781249962434
9781249962441
9781249962458
9781249962465
9781249962472
9781249962496
9781249962519
9781249962526
9781249962533
9781249962540
9781249962564
9781249962588
9781249962595
9781249962601
9781249962618
9781249962649
9781249962670
9781249962687
9781249962700
9781249962724
9781249962731
9781249962748
9781249962762
9781249962786
9781249962793
9781249962809
9781249962816
9781249962823
9781249962830
9781249962847
9781249962854
9781249962861
9781249962878
9781249962885
9781249962892
9781249962908
9781249962915
9781249962922
9781249962946
9781249962960
9781249962984
9781249962991
9781249963004
9781249963011
9781249963028
9781249963035
9781249963042
9781249963059
9781249963066
9781249963073
9781249963080
9781249963097
9781249963103
9781249963110
9781249963127
9781249963134
9781249963141
9781249963158
9781249963165
9781249963189
9781249963196
9781249963219
9781249963240
9781249963257
9781249963264
9781249963271
9781249963318
9781249963349
9781249963363
9781249963370
9781249963387
9781249963394
9781249963417
9781249963424
9781249963431
9781249963448
9781249963455
9781249963462
9781249963486
9781249963493
9781249963516
9781249963530
9781249963547
9781249963554
9781249963561
9781249963578
9781249963585
9781249963592
9781249963608
9781249963615
9781249963639
9781249963646
9781249963653
9781249963660
9781249963677
9781249963684
9781249963691
9781249963707
9781249963714
9781249963721
9781249963745
9781249963752
9781249963769
9781249963776
9781249963783
9781249963790
9781249963813
9781249963820
9781249963837
9781249963844
9781249963851
9781249963868
9781249963882
9781249963899
9781249963905
9781249963929
9781249963943
9781249963950
9781249963967
9781249963974
9781249963981
9781249963998
9781249964001
9781249964018
9781249964025
9781249964032
9781249964049
9781249964056
9781249964063
9781249964070
9781249964100
9781249964124
9781249964131
9781249964162
9781249964209
9781249964216
9781249964247
9781249964261
9781249964278
9781249964285
9781249964292
9781249964308
9781249964315
9781249964339
9781249964377
9781249964384
9781249964391
9781249964407
9781249964414
9781249964421
9781249964438
9781249964445
9781249964452
9781249964469
9781249964483
9781249964490
9781249964506
9781249964513
9781249964537
9781249964544
9781249964551
9781249964568
9781249964575
9781249964582
9781249964599
9781249964605
9781249964612
9781249964629
9781249964636
9781249964643
9781249964650
9781249964674
9781249964681
9781249964704
9781249964711
9781249964728
9781249964735
9781249964742
9781249964759
9781249964766
9781249964773
9781249964803
9781249964810
9781249964827
9781249964858
9781249964872
9781249964896
9781249964902
9781249964919
9781249964926
9781249964933
9781249964940
9781249964957
9781249964964
9781249964971
9781249964988
9781249965015
9781249965022
9781249965046
9781249965053
9781249965077
9781249965084
9781249965107
9781249965114
9781249965138
9781249965145
9781249965152
9781249965169
9781249965176
9781249965183
9781249965190
9781249965213
9781249965220
9781249965237
9781249965251
9781249965268
9781249965275
9781249965282
9781249965305
9781249965329
9781249965343
9781249965350
9781249965367
9781249965374
9781249965381
9781249965398
9781249965404
9781249965411
9781249965428
9781249965435
9781249965442
9781249965459
9781249965466
9781249965473
9781249965497
9781249965503
9781249965510
9781249965527
9781249965534
9781249965541
9781249965558
9781249965565
9781249965572
9781249965589
9781249965596
9781249965619
9781249965626
9781249965657
9781249965664
9781249965671
9781249965695
9781249965701
9781249965718
9781249965725
9781249965749
9781249965756
9781249965763
9781249965770
9781249965800
9781249965817
9781249965824
9781249965831
9781249965848
9781249965855
9781249965862
9781249965879
9781249965886
9781249965893
9781249965909
9781249965916
9781249965923
9781249965954
9781249965985
9781249965992
9781249966005
9781249966012
9781249966036
9781249966043
9781249966050
9781249966067
9781249966074
9781249966081
9781249966098
9781249966111
9781249966128
9781249966142
9781249966159
9781249966166
9781249966173
9781249966180
9781249966203
9781249966210
9781249966227
9781249966241
9781249966258
9781249966265
9781249966272
9781249966289
9781249966326
9781249966333
9781249966340
9781249966364
9781249966371
9781249966388
9781249966395
9781249966425
9781249966432
9781249966449
9781249966456
9781249966463
9781249966470
9781249966487
9781249966494
9781249966500
9781249966517
9781249966524
9781249966531
9781249966555
9781249966562
9781249966579
9781249966586
9781249966609
9781249966616
9781249966623
9781249966630
9781249966647
9781249966654
9781249966661
9781249966678
9781249966708
9781249966715
9781249966722
9781249966739
9781249966746
9781249966753
9781249966760
9781249966777
9781249966784
9781249966791
9781249966807
9781249966814
9781249966821
9781249966838
9781249966845
9781249966869
9781249966876
9781249966890
9781249966906
9781249966913
9781249966920
9781249966944
9781249966951
9781249966975
9781249966982
9781249966999
9781249967002
9781249967019
9781249967026
9781249967040
9781249967057
9781249967064
9781249967071
9781249967101
9781249967125
9781249967132
9781249967156
9781249967163
9781249967170
9781249967187
9781249967217
9781249967224
9781249967231
9781249967262
9781249967279
9781249967286
9781249967293
9781249967309
9781249967316
9781249967323
9781249967330
9781249967347
9781249967354
9781249967361
9781249967378
9781249967385
9781249967392
9781249967415
9781249967446
9781249967453
9781249967460
9781249967477
9781249967484
9781249967507
9781249967514
9781249967521
9781249967538
9781249967545
9781249967552
9781249967569
9781249967576
9781249967583
9781249967590
9781249967606
9781249967613
9781249967620
9781249967644
9781249967651
9781249967668
9781249967675
9781249967682
9781249967699
9781249967729
9781249967736
9781249967743
9781249967750
9781249967767
9781249967774
9781249967798
9781249967804
9781249967811
9781249967828
9781249967835
9781249967842
9781249967859
9781249967873
9781249967880
9781249967903
9781249967910
9781249967927
9781249967941
9781249967958
9781249967965
9781249967972
9781249967989
9781249967996
9781249968009
9781249968016
9781249968023
9781249968030
9781249968047
9781249968054
9781249968061
9781249968078
9781249968085
9781249968092
9781249968108
9781249968115
9781249968122
9781249968139
9781249968146
9781249968160
9781249968177
9781249968184
9781249968214
9781249968221
9781249968238
9781249968245
9781249968252
9781249968269
9781249968283
9781249968306
9781249968313
9781249968320
9781249968337
9781249968344
9781249968351
9781249968368
9781249968375
9781249968382
9781249968399
9781249968405
9781249968412
9781249968436
9781249968443
9781249968450
9781249968467
9781249968474
9781249968481
9781249968498
9781249968504
9781249968528
9781249968535
9781249968559
9781249968566
9781249968573
9781249968597
9781249968603
9781249968610
9781249968627
9781249968634
9781249968641
9781249968658
9781249968665
9781249968672
9781249968689
9781249968696
9781249968702
9781249968719
9781249968726
9781249968733
9781249968740
9781249968757
9781249968764
9781249968771
9781249968788
9781249968795
9781249968801
9781249968818
9781249968825
9781249968832
9781249968849
9781249968856
9781249968863
9781249968870
9781249968887
9781249968894
9781249968900
9781249968917
9781249968931
9781249968948
9781249968955
9781249968962
9781249968979
9781249968986
9781249968993
9781249969006
9781249969013
9781249969037
9781249969044
9781249969051
9781249969068
9781249969082
9781249969099
9781249969112
9781249969129
9781249969136
9781249969150
9781249969167
9781249969174
9781249969181
9781249969198
9781249969204
9781249969228
9781249969235
9781249969242
9781249969259
9781249969266
9781249969273
9781249969303
9781249969310
9781249969334
9781249969341
9781249969372
9781249969389
9781249969396
9781249969402
9781249969419
9781249969426
9781249969433
9781249969457
9781249969464
9781249969471
9781249969495
9781249969501
9781249969518
9781249969525
9781249969549
9781249969556
9781249969563
9781249969570
9781249969587
9781249969594
9781249969600
9781249969624
9781249969631
9781249969648
9781249969655
9781249969662
9781249969679
9781249969693
9781249969709
9781249969723
9781249969730
9781249969747
9781249969754
9781249969761
9781249969778
9781249969792
9781249969808
9781249969822
9781249969839
9781249969846
9781249969853
9781249969877
9781249969884
9781249969891
9781249969907
9781249969938
9781249969945
9781249969952
9781249969969
9781249969976
9781249969983
9781249970002
9781249970019
9781249970026
9781249970040
9781249970057
9781249970064
9781249970071
9781249970088
9781249970101
9781249970132
9781249970163
9781249970170
9781249970187
9781249970194
9781249970200
9781249970217
9781249970224
9781249970231
9781249970248
9781249970262
9781249970279
9781249970286
9781249970293
9781249970309
9781249970316
9781249970323
9781249970330
9781249970347
9781249970354
9781249970361
9781249970378
9781249970392
9781249970408
9781249970422
9781249970439
9781249970453
9781249970460
9781249970477
9781249970484
9781249970491
9781249970507
9781249970514
9781249970521
9781249970538
9781249970545
9781249970552
9781249970569
9781249970606
9781249970613
9781249970637
9781249970644
9781249970651
9781249970675
9781249970699
9781249970712
9781249970729
9781249970743
9781249970750
9781249970767
9781249970781
9781249970804
9781249970811
9781249970842
9781249970859
9781249970873
9781249970897
9781249970903
9781249970927
9781249970934
9781249970941
9781249970958
9781249970965
9781249970972
9781249970989
9781249970996
9781249971009
9781249971016
9781249971023
9781249971030
9781249971061
9781249971092
9781249971108
9781249971115
9781249971122
9781249971139
9781249971146
9781249971153
9781249971177
9781249971184
9781249971191
9781249971207
9781249971214
9781249971238
9781249971276
9781249971283
9781249971290
9781249971313
9781249971320
9781249971344
9781249971351
9781249971368
9781249971375
9781249971382
9781249971399
9781249971405
9781249971429
9781249971436
9781249971443
9781249971450
9781249971467
9781249971474
9781249971481
9781249971504
9781249971528
9781249971535
9781249971542
9781249971580
9781249971597
9781249971603
9781249971610
9781249971627
9781249971634
9781249971665
9781249971672
9781249971689
9781249971696
9781249971726
9781249971733
9781249971757
9781249971764
9781249971771
9781249971795
9781249971801
9781249971818
9781249971825
9781249971856
9781249971863
9781249971870
9781249971887
9781249971900
9781249971924
9781249971931
9781249971948
9781249971955
9781249971962
9781249971979
9781249971986
9781249971993
9781249972006
9781249972013
9781249972044
9781249972051
9781249972082
9781249972099
9781249972105
9781249972112
9781249972129
9781249972136
9781249972143
9781249972150
9781249972167
9781249972198
9781249972211
9781249972228
9781249972235
9781249972242
9781249972259
9781249972266
9781249972273
9781249972297
9781249972327
9781249972341
9781249972358
9781249972365
9781249972372
9781249972389
9781249972396
9781249972402
9781249972419
9781249972426
9781249972433
9781249972440
9781249972457
9781249972464
9781249972471
9781249972488
9781249972495
9781249972501
9781249972518
9781249972549
9781249972556
9781249972570
9781249972594
9781249972617
9781249972631
9781249972648
9781249972655
9781249972662
9781249972679
9781249972686
9781249972693
9781249972709
9781249972716
9781249972723
9781249972747
9781249972754
9781249972761
9781249972778
9781249972815
9781249972846
9781249972853
9781249972877
9781249972884
9781249972891
9781249972914
9781249972938
9781249972952
9781249972976
9781249973027
9781249973034
9781249973041
9781249973058
9781249973065
9781249973089
9781249973102
9781249973119
9781249973164
9781249973171
9781249973188
9781249973195
9781249973218
9781249973225
9781249973232
9781249973256
9781249973263
9781249973270
9781249973287
9781249973300
9781249973317
9781249973324
9781249973348
9781249973355
9781249973362
9781249973386
9781249973393
9781249973409
9781249973416
9781249973423
9781249973430
9781249973447
9781249973454
9781249973461
9781249973478
9781249973492
9781249973508
9781249973515
9781249973522
9781249973553
9781249973560
9781249973577
9781249973591
9781249973614
9781249973621
9781249973638
9781249973645
9781249973652
9781249973669
9781249973676
9781249973683
9781249973690
9781249973713
9781249973720
9781249973737
9781249973744
9781249973751
9781249973768
9781249973782
9781249973805
9781249973829
9781249973843
9781249973850
9781249973867
9781249973874
9781249973881
9781249973898
9781249973904
9781249973928
9781249973935
9781249973959
9781249973980
9781249973997
9781249974017
9781249974024
9781249974031
9781249974048
9781249974055
9781249974062
9781249974079
9781249974086
9781249974093
9781249974109
9781249974116
9781249974130
9781249974147
9781249974154
9781249974161
9781249974178
9781249974185
9781249974192
9781249974208
9781249974215
9781249974222
9781249974239
9781249974260
9781249974277
9781249974284
9781249974291
9781249974307
9781249974314
9781249974321
9781249974338
9781249974345
9781249974352
9781249974369
9781249974383
9781249974406
9781249974437
9781249974444
9781249974468
9781249974475
9781249974482
9781249974499
9781249974505
9781249974512
9781249974529
9781249974536
9781249974550
9781249974567
9781249974581
9781249974598
9781249974604
9781249974611
9781249974635
9781249974659
9781249974666
9781249974673
9781249974680
9781249974703
9781249974710
9781249974727
9781249974734
9781249974758
9781249974789
9781249974796
9781249974802
9781249974819
9781249974833
9781249974840
9781249974857
9781249974864
9781249974871
9781249974888
9781249974895
9781249974925
9781249974932
9781249974949
9781249974956
9781249974963
9781249974970
9781249974987
9781249974994
9781249975007
9781249975014
9781249975045
9781249975069
9781249975076
9781249975083
9781249975090
9781249975106
9781249975137
9781249975144
9781249975175
9781249975182
9781249975199
9781249975205
9781249975229
9781249975236
9781249975250
9781249975281
9781249975298
9781249975304
9781249975311
9781249975328
9781249975335
9781249975359
9781249975366
9781249975373
9781249975380
9781249975403
9781249975427
9781249975441
9781249975465
9781249975472
9781249975489
9781249975502
9781249975519
9781249975526
9781249975540
9781249975557
9781249975564
9781249975571
9781249975588
9781249975595
9781249975625
9781249975632
9781249975663
9781249975694
9781249975717
9781249975724
9781249975731
9781249975748
9781249975762
9781249975779
9781249975786
9781249975793
9781249975809
9781249975816
9781249975823
9781249975830
9781249975854
9781249975861
9781249975878
9781249975885
9781249975915
9781249975922
9781249975939
9781249975946
9781249975953
9781249975984
9781249976004
9781249976035
9781249976042
9781249976059
9781249976066
9781249976080
9781249976097
9781249976110
9781249976127
9781249976134
9781249976141
9781249976165
9781249976172
9781249976189
9781249976196
9781249976219
9781249976226
9781249976233
9781249976257
9781249976264
9781249976271
9781249976288
9781249976295
9781249976325
9781249976349
9781249976356
9781249976370
9781249976394
9781249976400
9781249976417
9781249976424
9781249976448
9781249976455
9781249976462
9781249976479
9781249976493
9781249976509
9781249976516
9781249976523
9781249976530
9781249976547
9781249976554
9781249976578
9781249976585
9781249976608
9781249976622
9781249976639
9781249976646
9781249976653
9781249976677
9781249976684
9781249976707
9781249976714
9781249976721
9781249976745
9781249976769
9781249976776
9781249976790
9781249976813
9781249976837
9781249976844
9781249976851
9781249976868
9781249976875
9781249976882
9781249976899
9781249976905
9781249976912
9781249976929
9781249976943
9781249976950
9781249976967
9781249976974
9781249976981
9781249976998
9781249977001
9781249977018
9781249977025
9781249977032
9781249977056
9781249977063
9781249977070
9781249977087
9781249977094
9781249977100
9781249977117
9781249977124
9781249977148
9781249977155
9781249977162
9781249977179
9781249977193
9781249977209
9781249977216
9781249977223
9781249977230
9781249977247
9781249977261
9781249977278
9781249977285
9781249977292
9781249977315
9781249977322
9781249977339
9781249977353
9781249977360
9781249977377
9781249977391
9781249977407
9781249977414
9781249977421
9781249977438
9781249977445
9781249977452
9781249977469
9781249977476
9781249977483
9781249977520
9781249977537
9781249977544
9781249977551
9781249977568
9781249977575
9781249977582
9781249977599
9781249977605
9781249977636
9781249977643
9781249977650
9781249977667
9781249977674
9781249977681
9781249977698
9781249977704
9781249977711
9781249977735
9781249977742
9781249977759
